  0.24212  0.134595 0.0891573 0.0828003   0.11067  0.150005  0.196972  0.235855  0.269739
 0.317929  0.278149  0.106965 0.0459911 0.0341735 0.0276598 0.0337653 0.0568726  0.182743
0.0871159  0.109827  0.146494  0.170044  0.207318   0.21723  0.227918  0.156934 0.0954988
 0.213821  0.142958  0.137363   0.19549  0.248476  0.231577  0.187397  0.181282  0.224851
 0.201421    0.2589  0.268929  0.245366  0.168728  0.080583 0.0599996 0.0650622  0.107507
0.0260342 0.0230637 0.0276784  0.049119  0.179735  0.312365  0.286914   0.11654 0.0433244
 0.270777  0.299345  0.248291  0.120406 0.0596424 0.0377944 0.0381009 0.0525007  0.122017
 0.199576  0.067382 0.0396321  0.033149 0.0405069 0.0540473  0.119153  0.280257  0.319971
 0.262644   0.25304  0.217822  0.153262  0.116176 0.0948632  0.109294  0.153557  0.236443
 0.123352   0.17445  0.188974  0.152234   0.13679 0.0812124  0.073768 0.0733289 0.0883672
0.0689562 0.0996881  0.155303   0.21384  0.224813  0.116248 0.0802628 0.0629982 0.0587445
0.0294276 0.0463799   0.12943  0.337904  0.341254  0.111396 0.0419266 0.0268773 0.0250154
 0.250834  0.204638  0.150483  0.143751  0.134658 0.0833543 0.0702035 0.0876065  0.177275
 0.109327  0.048385 0.0346796 0.0368183 0.0619261   0.13248  0.269317  0.308176  0.254392
 0.137543 0.0837493 0.0796776  0.134524  0.256529    0.2302   0.15941  0.149449  0.175385
 0.133215 0.0836623 0.0775665  0.106093  0.202294  0.252767  0.263837  0.248067  0.205933
 0.020193 0.0246554 0.0448978  0.176711  0.358695   0.17773 0.0452899 0.0242901 0.0197627
0.0921901  0.100437  0.128186  0.208866  0.349791  0.153279   0.10759 0.0948882  0.091824
0.0562627 0.0705578  0.117448  0.246108  0.333129   0.28901  0.140874 0.0760059 0.0570825
 0.117186  0.289043  0.310692  0.175498 0.0624745  0.031051 0.0253513 0.0273172 0.0430179
 0.055097  0.138045  0.297257  0.312269  0.166808 0.0526403 0.0336794 0.0292088 0.0346724
 0.137355  0.126791  0.144602  0.153674  0.165113   0.11914  0.160268  0.209698  0.193026
 0.112713  0.173111  0.252187  0.229856  0.178871  0.126369  0.128858  0.119883  0.108417
  0.11396  0.103218  0.107736   0.12528  0.190801  0.128874   0.10965  0.103208  0.114435
 0.189358 0.0925788 0.0881307  0.183733  0.263714  0.201558 0.0966926  0.094038  0.190268
0.0595657 0.0535406 0.0582217 0.0667375  0.093643 0.0681826 0.0567765 0.0505588 0.0573148
 0.313734  0.194993  0.105204 0.0756715 0.0727057 0.0680151 0.0880376  0.154591  0.304594
0.0618991 0.0561678 0.0698475  0.129725   0.29518  0.313287  0.273635  0.167475 0.0895117
0.0435916 0.0291269 0.0278202 0.0380653 0.0939397  0.243554  0.323429  0.282467  0.109721
0.0949629     0.164  0.252163  0.298867  0.294855     0.139 0.0792681 0.0628795 0.0667077
 0.128612  0.147738  0.170609  0.211705  0.269146  0.229658  0.147915  0.111532  0.109878
0.0210434 0.0224057 0.0328343 0.0962928  0.341408  0.342592  0.129246 0.0434346 0.0248508
 0.240964  0.140437  0.107946  0.127235  0.191755  0.137523  0.113654  0.138926  0.238781
 0.180628  0.117915 0.0884065 0.0767101 0.0911225 0.0776805 0.0897692  0.117559  0.177827
 0.236485  0.209726   0.20329   0.22949  0.243267  0.167972  0.114345  0.119662  0.191304
0.0637471 0.0632511  0.076671  0.123979  0.247918  0.218773  0.137783 0.0911884 0.0709193
 0.176357  0.204647   0.16599  0.118151  0.149141  0.158161  0.166645  0.142934  0.137986
0.0914783 0.0715436 0.0679658 0.0756496   0.13135  0.162826  0.192958  0.173676  0.129558
 0.183448  0.155579  0.155576  0.207351  0.236541  0.112295  0.080192 0.0868938  0.139453
 0.338031 0.0933633 0.0347527 0.0244725  0.025314 0.0246078  0.034518 0.0866106  0.335531