 0.00200876
  0.0205353
 0.00340372
 0.00296902
 0.00269769
0.000909973
 0.00198051
  0.0019997
 0.00469842
 0.00272855
 0.00790564
 0.00570847
 0.00189768
 0.00306111
  0.0714447
 0.00147119
 0.00473601
 0.00626357
  0.0118701
 0.00734443
 0.00245497
 0.00299673
0.000903069
 0.00238768
 0.00655958
 0.00500615
 0.00238283
 0.00141235
 0.00145752
  0.0072348
 0.00118332
 0.00636786
 0.00411223
 0.00269383
 0.00366726
 0.00213274
 0.00436074
   0.016405
   0.016225
 0.00375615
  0.0051237
 0.00265138
 0.00758766
  0.0017735
 0.00399631
 0.00611167
 0.00435518
 0.00220817
 0.00156538
 0.00180238
 0.00128831
 0.00208315
 0.00732835
 0.00687948
 0.00371047
0.000870687
 0.00227601
 0.00141142
 0.00609777
 0.00747612
 0.00298482
0.000818125
 0.00132762
 0.00302263
 0.00755134
  0.0028283
 0.00224048
 0.00105672
0.000903737
 0.00188595
 0.00130864
 0.00263614
 0.00394337
 0.00187953
 0.00559689
 0.00332392
 0.00105185
 0.00432346
 0.00290874
 0.00416952
 0.00251707
 0.00314144
 0.00494277
0.000601588
 0.00401019
 0.00406657
 0.00204916
 0.00389184
 0.00186352
0.000979755
 0.00557221
 0.00575709
0.000996049
 0.00188064
 0.00127376
 0.00690349
 0.00266194
 0.00165328
 0.00526049
 0.00164594
 0.00224696
 0.00372988
 0.00244472
 0.00406696
 0.00696541
 0.00195816
 0.00166387
 0.00808154
 0.00259771
 0.00294475
 0.00264019
0.000999048
 0.00620083
 0.00240509
 0.00163276
 0.00354555
  0.0028217
 0.00210509
 0.00642545
 0.00286865
 0.00273705
 0.00525073
 0.00122591
 0.00651096
 0.00161879
   0.006565
  0.0035386
 0.00083826
 0.00239154
 0.00350324
0.000939075
 0.00128217
 0.00303419
 0.00197116
 0.00245688
 0.00138934
 0.00192338
  0.0064501
 0.00536396
 0.00732322
 0.00116796
 0.00153229
  0.0019259
 0.00337347
  0.0048229
  0.0114295
 0.00194057
0.000268609
 0.00457776
 0.00193195
 0.00421845
 0.00146335
 0.00100378
 0.00534699
 0.00104699
  0.0018105
 0.00556316
  0.0061051
 0.00589327
 0.00194043
 0.00232766
 0.00268726
 0.00199982
 0.00205591
 0.00463729
  0.0028735
 0.00200293
  0.0050957
  0.0127877
 0.00391481
 0.00197016
 0.00164986
 0.00116724
 0.00307812
 0.00255835
 0.00255358
 0.00301793
 0.00344266
 0.00260555
 0.00201882
   0.001844
 0.00711233
 0.00230944
 0.00495144
 0.00131487
 0.00281984
 0.00367728
 0.00707781
 0.00120676
  0.0023752
  0.0021576
 0.00225251
 0.00224691
 0.00225423
 0.00710295
 0.00318099
 0.00690069
 0.00157549
 0.00440791
 0.00260085
 0.00550737
 0.00488675
 0.00324333
 0.00581284
 0.00658177
 0.00206102
 0.00157421
 0.00328215
 0.00473277
  0.0060986
 0.00184656
 0.00680716
 0.00175313
 0.00107347
 0.00177196
 0.00593158
 0.00314747
 0.00694385
 0.00408566
 0.00188029
 0.00361795
 0.00712737
 0.00289838
 0.00472979
 0.00152204
 0.00598149
 0.00221259
 0.00777724
 0.00440899
 0.00100472
  0.0063442
  0.0030832
 0.00152442
 0.00400441
 0.00256913
  0.0115499
 0.00209228
 0.00155935
0.000702862
 0.00214396
 0.00611709
 0.00314044
 0.00314319
 0.00191118
 0.00227721
  0.0011267
 0.00184281
 0.00216918
 0.00413564
 0.00240676
 0.00248774
 0.00225643
 0.00528223
 0.00436127
  0.0042502
 0.00801895