-0.000161677 -0.000314016  -0.00040684  0.000126794 -0.000568537   0.00268613  0.000571142  -0.00225759  0.000298561   0.00156887   0.00520379   -0.0156321  -0.00229609   -0.0160801    0.0229914   -0.0383409   0.00478419    0.0489532   0.00567118   -0.0314738
-0.000274756 -0.000893213 -0.000679981 -0.000279238   -0.0022119   0.00382198   0.00213417  -0.00103695   0.00179541  -0.00283485 -0.000905288   -0.0125584  -0.00105599   -0.0213629    0.0162741   -0.0394093  -0.00153916    0.0319357  -0.00458393   -0.0598475
-0.000219956 -0.000697658 -0.000533781 -0.000246666  -0.00109671   0.00419718  0.000853198  -0.00240697   0.00107134   0.00319427   0.00213456   -0.0231836  0.000420573   -0.0163518    0.0317257   -0.0364581   -0.0164722    0.0266974   -0.0267769     -0.04532
 -0.00112234  -0.00408751   -0.0015367 -0.000841684   -0.0114038    0.0232581   0.00572474  -0.00335342  -0.00984695    0.0283445    0.0138856    -0.121518   -0.0763362       0.1018    0.0554562    -0.100382     0.064628     0.183375    -0.151452   -0.0924533
  -0.0153666    -0.293201   0.00708527    -0.175262    -0.506475     0.123367    -0.015687     0.295998   -0.0115638    -0.216387     0.315355      0.10783    -0.235904   0.00594883   -0.0774603      0.10654    -0.235401    -0.123914    0.0808336    0.0583083
    0.399995    0.0612338     0.471234     0.107792     0.482845    0.0838192    0.0766836     0.152498   -0.0709849    0.0706317    -0.211044    0.0858115   -0.0803014   -0.0329369   -0.0523466        0.084    -0.170796   -0.0935605     0.046832    0.0623072
   -0.362886     0.248456    -0.403794    0.0473519   0.00649792    -0.387435    -0.125624    -0.127663    -0.205459     0.160881    -0.343927    0.0512806   -0.0832075   -0.0368341   -0.0514874    0.0890802    -0.161949   -0.0934066    0.0433141    0.0606995
  -0.0191698  -0.00918954    -0.068992     0.021081    0.0322831     0.134172    0.0519337    -0.296495     0.287263    -0.054817     0.195133  -0.00792748     0.446549    0.0537252   -0.0287795    0.0230852     0.517302     0.010284      0.04489     0.149342
-0.000530558 -0.000763004  -0.00175192  0.000255183    0.0013843   0.00767268   0.00213855   -0.0128491   0.00802523   0.00522871    0.0169793   -0.0374331    0.0379663  -0.00981591    0.0350259   -0.0291259   -0.0220646  -0.00273309   -0.0358898   -0.0350989
-0.000146127 -0.000305385 -0.000351646 -7.69901e-05 -0.000825685    0.0022947  0.000775662 -0.000553927 -6.40981e-05   0.00215014   0.00326515   -0.0121125   -0.0023995   -0.0115825    0.0241884   -0.0294446    0.0138482  0.000327113  -0.00351161   -0.0394409
-0.000119842 -0.000242669 -0.000263376  9.23968e-05 -0.000434461   0.00215526  0.000499111  -0.00187574 -0.000535379   0.00203711    0.0039233   -0.0145557  -0.00344577   -0.0165083    0.0244111   -0.0295448   0.00765585    0.0120455  0.000671741   -0.0270205
 -0.00104023  -0.00222277   -0.0020685  0.000825767 -0.000239713    0.0157011   0.00803259   -0.0169339  -0.00790012   0.00506336   0.00880579   -0.0954619   -0.0203513    -0.071187   -0.0235133    -0.127618   -0.0543987     0.564618     0.305502   -0.0593495
 -0.00247815  -0.00638393  -0.00424661   0.00179229 -0.000930888    0.0384929    0.0213897   -0.0349888   -0.0254813   -0.0140786   -0.0131145    -0.187496   -0.0201936   -0.0847398    -0.283714    -0.127103    -0.132203     0.362331     0.334685   -0.0273357
 -0.00964634   -0.0204688   -0.0159168    0.0119128   0.00481432    0.0989123    0.0769933    -0.100777    -0.102705    -0.197156    -0.104946    -0.240804   -0.0825727    -0.132096    -0.687541    -0.129998     0.129314    -0.346452    -0.249102    0.0348117
  -0.0468265    -0.069334   -0.0278977    0.0825253  -0.00132621      0.10986     0.213433    -0.105247     -0.35666    -0.615999    -0.279677     0.188625     0.138476     0.282084      0.28596     0.137437   0.00698248    0.0251873   -0.0271957   -0.0381269
   -0.160902    -0.108321     0.176274     0.197305    -0.082835    -0.502501     0.536378     0.215255     0.377627     0.134372    0.0031881     0.128234    0.0268223      0.14392   -0.0308317    0.0143333    0.0159726   -0.0440979   -0.0658745    -0.014945
    0.438314     0.378796    -0.255394    -0.611022  -0.00471846    -0.122602   -0.0530832     0.136056      0.20146   -0.0240012   -0.0370963     0.143027    0.0439356     0.160854   0.00154867    0.0231123    0.0118697   -0.0360796   -0.0632968   -0.0157421
   -0.157147   -0.0895915     0.177376      0.21643    0.0356733   -0.0428473    -0.757396     0.170243     0.346343    -0.134699    -0.132103     0.068382    0.0382158     0.143933   0.00743646    0.0459554    0.0217409   -0.0338291   -0.0653384   -0.0216383
  -0.0455539   -0.0561902   -0.0254243    0.0858251    0.0393679     0.199517   -0.0726208    -0.112771    -0.334309     0.455386      0.29712       0.5394    0.0866749     0.242047    -0.110613    -0.209583   -0.0573322   -0.0501071   -0.0731345    0.0477134
 -0.00968012   -0.0158822   -0.0150299    0.0124579    0.0142896     0.121006     0.010974   -0.0954647   -0.0651554      0.24188     0.140309    -0.109581    -0.086586    -0.220328    0.0701643     0.740277     0.115198   -0.0240517    -0.059607    -0.402153
 -0.00331918  -0.00640445  -0.00506947   0.00209516  -0.00157772    0.0519993   0.00921853   -0.0341757   -0.0212425    0.0974834    0.0649744    -0.219749   -0.0551702    -0.198807     0.285781     0.140735   -0.0895002   -0.0404955   -0.0719934     0.809201
 -0.00171865  -0.00399861  -0.00260078 -0.000136187  -0.00252118    0.0324622   0.00669158   -0.0212039   -0.0119975    0.0517565    0.0525469    -0.214595   -0.0692584    -0.265707     0.485321    -0.507535    0.0323484    -0.376937    0.0354028     -0.31238
 -0.00141553  -0.00165822  -0.00478638  0.000395354   0.00197537     0.015916   0.00497538   -0.0303662    0.0214188    0.0175233    0.0267413   -0.0788884     0.110928    0.0191726     0.030763   0.00268571    -0.109635    0.0593752   -0.0370369    0.0689354
  -0.0097605  -0.00837459   -0.0343627    0.0081652    0.0170426    0.0893456    0.0347639    -0.190645      0.17257    0.0155548    0.0678071    -0.199514     0.462185     0.149502    -0.050948    0.0785801     -0.61406     -0.23661     0.132204    -0.110413
  -0.0444663   -0.0188922    -0.145702     0.038471     0.122134     0.228997     0.106956    -0.368858     0.440474    -0.125231   -0.0953103     0.409039    -0.471877    -0.190026    0.0117233   -0.0221438   -0.0619356   -0.0191901    0.0923804    0.0169177
   -0.215215    0.0670276    -0.343916    0.0782068     0.472346     0.065628    0.0536548     0.573602    -0.071128    -0.173655     0.293912    0.0295246    0.0582876    -0.116057   -0.0338571    0.0142366     0.109875   -0.0332481    0.0934641   0.00691214
   -0.317984     0.572508     0.547502    -0.161739    -0.184827   -0.0581618   -0.0235606   -0.0553324    -0.138213     -0.11919     0.161433    0.0975621   0.00460881    -0.112295   -0.0166909   0.00642748     0.104384   -0.0277942    0.0912356    0.0110363
    0.554751     0.143833     -0.15246      0.54028    -0.305328    -0.268371     -0.10616   -0.0266687    -0.134835   -0.0781069     0.114606    0.0604871   0.00973247    -0.120264   -0.0219423    0.0112076     0.109766   -0.0293919    0.0895397   0.00917053
   0.0553603     -0.53611     0.128462    -0.375967     0.216488    -0.489348    -0.153386    -0.224166    -0.206258    -0.055645    0.0823189    0.0500795   0.00963002   -0.0995367   -0.0117988   0.00806162     0.123183   -0.0259846    0.0900322    0.0116557
  -0.0135121    -0.187237    0.0112347    -0.119284    -0.291388      0.24642    0.0462764     0.294542   -0.0247511     0.259476    -0.558452     0.162908     0.299028    -0.291562   -0.0115243   -0.0211862     0.165121    0.0195038    0.0248409    0.0108661
  -0.0055516    -0.024237  -0.00290044  -0.00859717   -0.0404319     0.126876     0.022418    0.0390828   -0.0427081     0.214403    -0.128735    -0.314737    -0.335178     0.609907    0.0305352    0.0368803     0.276427     -0.17559     0.345607     0.049756
 -0.00168572  -0.00573739  -0.00262781 -0.000702939  -0.00784524    0.0326604   0.00951734  -0.00589485  -0.00972882     0.044358    0.0203036    -0.159291    -0.127033     0.150627    0.0435371   -0.0673089   -0.0684994     0.271563    -0.634827   -0.0569527
-0.000532723  -0.00113073 -0.000449454  0.000762514 -0.000149825    0.0100543   0.00455082  -0.00530529   -0.0068182  0.000518719    0.0153777    -0.057188   -0.0203022  0.000556276    0.0302033   -0.0474386   -0.0346762     0.197384    -0.287496   -0.0178856