   0.0129461   -0.0823522    -0.113256   -0.0425233     0.316753    0.0534507     0.277568   -0.0636581    0.0144487     0.498729
 -0.00735104   -0.0261717   -0.0154316   -0.0135104    0.0360862   -0.0225571   -0.0125046   -0.0185796   0.00454386    0.0336028
  -0.0176872  -0.00912421   -0.0485904    -0.076519   -0.0108334     0.104854     -0.12347   -0.0130035   0.00802103    0.0820644
   -0.100569    0.0795474    -0.171225     -0.13989    -0.289453       0.3338    -0.110486      0.31719   -0.0265551     0.260769
   -0.276144     0.452702   -0.0701503     0.291631    -0.285337    -0.254798      0.32404   -0.0432082   0.00479419     0.135814
    0.469828     0.153681     0.619644     0.058215    -0.286662     0.149572    -0.126189    -0.166903    0.0176985    -0.149195
  -0.0407064    -0.422692    0.0580071     0.187259   -0.0995355    -0.426962    -0.119054     0.215112   -0.0391366    -0.034557
  -0.0142481   -0.0722472  -0.00324232    -0.033015     0.014794    -0.177041    -0.135112     0.055563  -0.00400877   -0.0196963
  -0.0114569   -0.0171374   -0.0349605   -0.0554651    0.0371233      0.03604    -0.092608   -0.0431123     0.011381    -0.096516
  -0.0164266   -0.0161022   -0.0511831   -0.0508292    0.0757182    0.0529649   -0.0392942   -0.0828143   0.00862823    -0.251112
  0.00181463   -0.0401034    -0.169612    -0.125354     0.491346     0.150676     0.157109    -0.156585  0.000185069    -0.459901
  -0.0106047    -0.012696   -0.0129497   -0.0424399   0.00861839   0.00826746   -0.0669144    -0.102734    0.0322842    0.0167722
  -0.0234497   -0.0168459   -0.0149269   -0.0798874    -0.014917   0.00904932   -0.0925965    -0.161211    0.0897147    0.0526745
  -0.0488355   -0.0144872   0.00704932    -0.117853   -0.0520261   -0.0532932   -0.0437258    -0.175365     0.194382    0.0904446
  -0.0842312  -0.00542722    0.0709228    -0.118644   -0.0538145    -0.124442     0.096694   -0.0503677     0.353402     0.029847
  -0.0853396    0.0111208      0.20534    0.0606394     0.113255     0.107603      0.19032     0.529841     0.539736    -0.165085
    0.497502    0.0517379    -0.508156     0.578501   -0.0042508    0.0593667    -0.148249    0.0648704    0.0035188   -0.0369263
  -0.0834951    0.0199026     0.201885    0.0638078     0.117491     0.124887     0.166561     0.431225    -0.605305    -0.142228
  -0.0823293   0.00401136    0.0686007    -0.113665   -0.0543196    -0.103587    0.0946921   -0.0975009    -0.364058    0.0248498
   -0.047323  -0.00998825   0.00718228    -0.113951   -0.0495617   -0.0425856   -0.0429397    -0.191059    -0.172903    0.0840097
  -0.0224556    -0.015371   -0.0134528   -0.0764421   -0.0155516   0.00838276   -0.0915078    -0.158296   -0.0580295    0.0412352
  -0.0094386   -0.0119571   -0.0114947   -0.0400662    0.0050772    0.0063518   -0.0623347   -0.0894028   -0.0127429   0.00440662
 -0.00405403   -0.0106842  -0.00423751   -0.0149263   0.00796451   -0.0140095   -0.0382413   -0.0217156   0.00302214  -0.00679758
  -0.0117322   -0.0393748   -0.0095189   -0.0329967    0.0156796   -0.0838616    -0.103541    -0.014153  -0.00084747   -0.0250094
  -0.0208392   -0.0942667 -0.000395135   -0.0359324    0.0179568    -0.220176    -0.147479    0.0439982 -0.000608562   -0.0244116
  -0.0330098    -0.214423    0.0281744    0.0333524   0.00750107    -0.323304    -0.118005     0.116572   -0.0107458   -0.0168028
 -0.00695316    -0.510119     0.178628     0.336508   -0.0936156     0.351569     0.413708    -0.222873    0.0123474     0.160357
    0.580274     0.195189   -0.0414387    -0.374374    0.0736994    -0.244321     0.367609     0.165002   -0.0246615     0.149352
   -0.161557     0.404711     0.292707     0.322263     0.485727    0.0291697    -0.289506   -0.0318647   0.00382111      0.22718
   -0.173606     0.208803    -0.128826     0.105954    -0.185618   -0.0827406     0.276517    -0.209911   0.00781363    -0.401427
   -0.106818    0.0695395    -0.167618    -0.130539    -0.249379     0.245632   -0.0360405     0.145205   -0.0140781    -0.121043
  -0.0478851  -0.00135221    -0.112035    -0.146903   -0.0808228     0.256442    -0.214096    0.0537082   0.00944714    0.0386798
  -0.0138196  -0.00802308   -0.0354401   -0.0624056  0.000907232    0.0855994    -0.110925    -0.023969    0.0144901    0.0199229