    649.897     632.907       1e-06     5.67403     1.09987     516.966     83.7592     653.114   0.0296135     351.563     104.447     542.836     321.142     4.33161     101.298    0.770242      14.657     416.769      93.156     984.673
     43.468     366.634       1e-06    0.432804    0.428341     203.608     3.02589     28.3031    0.001484     24.4487     6.63851     45.8807     16.2922    0.301954     6.57366   0.0326921    0.897004     139.073     31.0555     407.142
    392.068     47.6312       1e-06    0.880581   0.0774965     114.539     47.1992     255.977   0.0205797     24.9741     13.3779     33.2656     64.4995    0.402668     8.23743    0.369918     3.46851   0.0820925   0.0180574     4.09887
    192.525     37.6451       1e-06     2.17715    0.168071     168.533     1.27562     42.9403  0.00386543     83.8403     8.01964     155.206     10.4015    0.412022       8.222   0.0131803    0.322132   0.0087072  0.00174573     2.88157
    137.074      29.966       1e-06     0.15893   0.0318023     170.858     0.48802     13.1967 0.000645989     8.75228     1.59347     88.9603     6.65716    0.594888      11.211  0.00450955    0.232709     1.02028    0.228234     3.23113
    63.8292     16.0473       1e-06    0.109666   0.0116273     56.5664     4.95372     53.3261  0.00233344     2.06507     1.83257     2.92989     6.74721   0.0985962     1.51143   0.0558667    0.476274    0.459187     0.10281     1.04327
     17.605     21.4524       1e-06   0.0132441  0.00322679     60.1144    0.535492     10.1095 0.000323847    0.365158    0.237888     4.32244     1.88337   0.0637371     0.97252  0.00659654    0.055083    0.330865     0.07398      1.3764
    18.7558      4.1771       1e-06  0.00106171 0.000866704     56.6992   0.0363495    0.670397 2.23864e-05    0.144908   0.0130587     5.06234    0.106702   0.0679359    0.849174 9.69019e-05   0.0012869   0.0325438  0.00727117    0.272513
    28.8112     2.14048       1e-06  0.00986918  0.00128316     13.7108    0.175929     5.33665  5.5949e-05    0.678841    0.205665     1.12704    0.668858  0.00645232    0.150912 0.000558849   0.0143133   0.0078575   0.0017428   0.0949759
    2.01533     11.3974       1e-06  0.00101774 0.000142991     44.3857   0.0252706      0.2544 1.23986e-05   0.0431568  0.00676243    0.410905   0.0667724   0.0029058   0.0552303 0.000187984  0.00201969 0.000631474 0.000145513    0.247874
    3.24504     9.75727       1e-06  0.00368628 0.000302802     32.2585   0.0156301    0.585436 8.47327e-06    0.133184   0.0131652    0.421301   0.0942811 0.000867447   0.0228592 6.21888e-05 0.000674852  0.00340717 0.000770177    0.239228
    1.58923     15.7388       1e-06 0.000851214  7.1145e-05     29.9338  0.00841453    0.554654 2.30149e-06   0.0393647   0.0041569    0.121611    0.066967 0.000265693  0.00664201 2.10197e-05 0.000292524 6.98685e-05 2.02904e-05     0.38679
    8.50411     4.07308       1e-06   0.0125877  0.00102423      15.881   0.0416188     2.87768 2.54436e-05    0.400806   0.0412846     1.00089     0.33521  0.00265251   0.0605559 0.000126735  0.00182992 0.000659338 0.000148314    0.100098
  0.0576595     17.7913       1e-06 3.83443e-05 4.39315e-06      21.773 0.000237105   0.0027332       1e-06  0.00176655 0.000184632   0.0139942 0.000766255 1.46827e-05 0.000562954  2.3058e-06 2.49421e-05 0.000511741 0.000183279    0.557756
    4.47762    0.501283       1e-06  0.00293008 0.000303743     26.1975  0.00354827    0.143413 6.68761e-06    0.135017    0.017994     1.16983    0.059936  0.00317928   0.0475338 5.80631e-05  0.00227443 8.21485e-05 1.92952e-05   0.0170824
    4.62271    0.387023       1e-06   0.0138026  0.00109802     17.8121   0.0267213    0.336399 3.24196e-05    0.443264   0.0510886     1.06163    0.116103  0.00363564   0.0405695  0.00030958  0.00362007 0.000441981  9.8546e-05    0.019287
    5.99794    0.261896       1e-06   0.0058335 0.000633718     5.85879    0.224606      1.9089 0.000106951   0.0988587   0.0358287    0.189988    0.428656  0.00130117   0.0210081  0.00238013   0.0166806 7.55389e-05 1.45608e-05    0.018779
    2.97194    0.230736       1e-06 0.000971092 8.22301e-05     18.2742  0.00232016     0.11867 2.29178e-06   0.0289999  0.00355203    0.561778   0.0143784 0.000514381   0.0169059 1.26984e-05 0.000237224 0.000772297 0.000172973  0.00613509
   0.711623    0.582685       1e-06 0.000309269 3.30996e-05     14.5225  0.00167274   0.0262873 1.75619e-06   0.0161352  0.00249883    0.146077   0.0121155  0.00134332   0.0114512 1.51412e-05 0.000474625  0.00421964 0.000945911   0.0256957
   0.985199    0.291048       1e-06 0.000226858 6.81492e-05      10.234 0.000447027   0.0074923 1.43906e-06   0.0100919  0.00106629    0.508535   0.0012274  0.00445685   0.0507122 2.03278e-06 3.83254e-05 0.000892725 0.000200342   0.0156066
   0.161573     1.03884       1e-06 1.70838e-05 7.78739e-06     10.3939  0.00109449   0.0373852       1e-06   0.0035221   0.0004131   0.0204052  0.00573276 0.000123758  0.00128486  2.0115e-06 3.83382e-05  0.00396535 0.000887687   0.0351516
    2.52583    0.190983       1e-06 0.000700131 5.77282e-05     3.73795   0.0133277    0.616632 1.29229e-06   0.0515619  0.00572082   0.0769512   0.0881978 0.000156523  0.00330072 4.83749e-06 0.000306452 0.000237034 5.28666e-05  0.00506418
    0.28552    0.324243       1e-06 0.000126433 1.24101e-05     7.75662  0.00057285   0.0145172       1e-06   0.0040794 0.000610567   0.0607769   0.0019894 6.32815e-05  0.00281397 6.04949e-06 9.13419e-05 9.79304e-05 2.21046e-05     0.01079
   0.317071    0.737338       1e-06 5.09418e-05 5.01372e-06     6.33102 0.000496658   0.0170129       1e-06  0.00547784 0.000475108   0.0940495  0.00353907 0.000129319  0.00399259       1e-06 2.37179e-05 8.33249e-05 1.92374e-05   0.0276473
   0.373981    0.512588       1e-06 0.000270204 2.47679e-05     6.06045 0.000297566  0.00664523       1e-06  0.00939806  0.00104994    0.115913  0.00143461 0.000291403  0.00594165 2.83243e-06 5.58691e-05 0.000130851 3.03559e-05   0.0169107
  0.0108952     1.02401       1e-06 1.54188e-06       1e-06      5.4669 2.68005e-05  0.00110913       1e-06 6.64961e-05 1.21957e-05  0.00164144 8.76628e-05 9.30982e-06 0.000142444       1e-06 2.96442e-06 2.21769e-05 7.27822e-06   0.0302292
   0.110896   0.0758239       1e-06 1.39294e-05 3.51144e-06     5.36574 9.28963e-05   0.0070953       1e-06 0.000600735 0.000132643    0.010646  0.00109322  9.2281e-05  0.00150942       1e-06 2.00178e-05 1.56746e-05  3.7053e-06  0.00211097
   0.142736   0.0671417       1e-06 5.82087e-06 1.25616e-06      4.0559 0.000266841   0.0198756       1e-06 9.94394e-05  6.3328e-05  0.00702111 0.000862843 5.44954e-05 0.000618967 2.94858e-06 2.20171e-05 1.08629e-06       1e-06  0.00118965
  0.0818786    0.231421       1e-06 1.18471e-05 1.06688e-06     3.78997 9.96478e-05  0.00656753       1e-06 0.000418127  4.3456e-05  0.00334779 0.000456488 7.27701e-06 0.000160247       1e-06 4.70608e-06 1.80232e-06 1.06046e-06  0.00716344
  0.0494698    0.277406       1e-06       1e-06       1e-06     3.28994 1.18284e-05  0.00111691       1e-06 8.05071e-05 5.23094e-06  0.00289131 9.12133e-05       1e-06 8.48932e-05       1e-06       1e-06       1e-06 1.10028e-06   0.0079552
  0.0373794  0.00442766       1e-06 1.95372e-06       1e-06      3.1932 2.95185e-05  0.00354633       1e-06 7.62273e-05  1.1923e-05  0.00107098 0.000260855       1e-06 4.22105e-05       1e-06 1.86982e-06 1.68099e-06       1e-06 0.000102099
  0.0872177  0.00876907       1e-06   1.514e-05 1.43491e-06     2.78197 4.39275e-05  0.00323783       1e-06 0.000526176 6.61624e-05  0.00349192 0.000317128 4.87205e-06 0.000108582       1e-06 6.16455e-06       1e-06       1e-06 0.000242373
   0.117053   0.0181099       1e-06 5.68962e-06       1e-06     2.51769 0.000188744  0.00773666       1e-06 0.000292002 5.38158e-05  0.00397769  0.00121093 3.83746e-06 0.000143511       1e-06 6.54817e-06 3.64246e-06       1e-06 0.000410759
  0.0519566   0.0225399       1e-06 6.57679e-06       1e-06     2.38811 3.50359e-05  0.00309985       1e-06 0.000332645 4.13675e-05  0.00238974 0.000211023 3.12666e-06 4.03644e-05       1e-06 5.26146e-06       1e-06       1e-06 0.000758141
  0.0437187  0.00670912       1e-06 2.01839e-06       1e-06     2.17704 2.30358e-05  0.00153218       1e-06 7.11081e-05 7.48647e-06  0.00223953 9.84873e-05 1.28811e-05 0.000159241       1e-06 1.40836e-06       1e-06       1e-06 0.000197421
  0.0445573   0.0138007       1e-06 1.75345e-05 1.41099e-06     1.85898 1.93363e-05  0.00474166       1e-06 0.000463257 5.30981e-05  0.00141694 0.000355822 3.51271e-06 4.89353e-05       1e-06  2.1531e-06       1e-06       1e-06 0.000156937
  0.0493495   0.0197928       1e-06 1.61347e-05 1.31682e-06     1.76849 3.64104e-05   0.0066475       1e-06  0.00044595 5.06559e-05  0.00104907 0.000466709 3.22523e-06 4.76692e-05       1e-06 3.63777e-06       1e-06       1e-06 0.000193425
  0.0135992   0.0290718       1e-06 1.32696e-06       1e-06     1.67936 5.88148e-05  0.00166851       1e-06  4.4388e-05 8.66655e-06  0.00037751 0.000134563 2.06894e-06 2.19426e-05       1e-06 2.81925e-06 9.16471e-06 2.09092e-06 0.000936796
  0.0128278   0.0183532       1e-06 6.94622e-06       1e-06     1.49376 1.53128e-05 0.000815356       1e-06 0.000164548 2.48825e-05  0.00104084 9.65523e-05 1.54888e-06 3.36683e-05       1e-06 1.14489e-06 3.30299e-06       1e-06 0.000198211
  0.0218606  0.00543891       1e-06 9.35508e-06       1e-06     1.28583 8.36367e-05  0.00234792       1e-06 0.000259923 4.35914e-05   0.0031235 0.000258701 7.18251e-06  0.00010412       1e-06 3.38175e-06       1e-06       1e-06 7.37748e-05