      1e-06     7.49937       1e-06       1e-06     86.7054       1e-06       1e-06     43.5513       1e-06     82.8059     72.3614     82.2546       1e-06       1e-06     24.1235       1e-06  7.8144e-06       1e-06       1e-06     70.6028     31.6097       1e-06    0.014148       1e-06       1e-06       1e-06      23.672     2.47152       1e-06       1e-06     60.3453      95.727      62.685 5.05441e-05     130.443       1e-06     88.1499      22.124    0.277528     24.1226
      1e-06    0.201632       1e-06       1e-06    0.327356       1e-06       1e-06     19.8293       1e-06       1e-06       1e-06     15.7596       1e-06       1e-06       1e-06       1e-06 4.79715e-05       1e-06       1e-06    0.307416 0.000124073       1e-06 1.95203e-05       1e-06 1.97383e-05       1e-06    0.712906       1e-06       1e-06       1e-06       1e-06       1.075     8.05711 9.58599e-05     8.01897       1e-06       1e-06   0.0302817  0.00613494    0.046358
3.55811e-05     22.4097       1e-06       1e-06       1e-06       1e-06       1e-06     10.9665       1e-06       1e-06       1e-06    0.505545       1e-06       1e-06     12.7271       1e-06   0.0823204       1e-06       1e-06  0.00641519       1e-06       1e-06     0.18426   0.0608929     9.63008       1e-06 0.000185995       1e-06       1e-06       1e-06   0.0359803       1e-06   0.0691978    0.234937 3.78534e-06   0.0009981       1e-06       1e-06     3.27987     1.38745
    13.4244     47.5244  0.00306396       1e-06       1e-06       1e-06      6.7956     42.2265    0.655802       1e-06       1e-06   0.0598903       1e-06       1e-06     45.3447       1e-06     3.38508       1e-06     11.4015   0.0454657       1e-06       1e-06     36.3592     42.1142     85.4631     1.13879     10.3946     3.34633       1e-06    0.131966    0.289626       1e-06     13.3359     44.0953  0.00229291   0.0454758       1e-06     2.59481     60.5543      16.215
    248.724     119.638     162.507   0.0088487     143.101     1.21303     209.676     131.906     250.444     6.50253   0.0218754      8.3133       1e-06     121.627     125.462    0.582246     264.137       1e-06     161.629     66.4335     431.928     190.952     193.974     225.599     133.788     189.976     262.075     238.159     100.728     160.694     4.83081     3.39798     236.171     211.041     23.4564     3.38565       1e-06     396.493     144.625     276.905
    253.217     157.472     158.756  0.00865414     378.688     169.841     234.778     209.494     260.871     239.548     254.507     275.759     105.812      226.37     189.295    0.601125     277.149 1.14176e-06     181.973     260.199     432.862      190.94       279.5     339.181      272.74     219.147     300.164     240.466     93.7336     161.328     254.794     324.597     298.869     223.545     249.758     3.86303     336.093     359.433     230.231     355.329
    53.1693     1.94067     39.6857 0.000477431     82.7492     175.254   0.0297099     94.2366       1e-06     62.9032  0.00378596     185.267     105.811     294.175  0.00242853    0.123766    0.705253       1e-06     13.7793     85.2043    0.104647 8.93847e-05  0.00223024  0.00643067     10.7398     233.129     10.5844 0.000388669     5.92214    0.094621 4.02587e-06     292.474     80.3376     116.389     187.381    0.311521       1e-06     2.67286   0.0204847    0.800359
  0.0142544   0.0203257 1.86802e-05       1e-06       1e-06  0.00197077       1e-06     22.3068       1e-06       1e-06       1e-06     75.0418       1e-06     4.22908       1e-06       1e-06 0.000194968       1e-06       1e-06   0.0953983       1e-06       1e-06       1e-06       1e-06       1e-06     45.1801  0.00210021       1e-06       1e-06       1e-06 2.37332e-05     3.49478    0.528799     7.39513     9.70937       1e-06       1e-06       1e-06 0.000166864    0.054618
      1e-06      2.1987       1e-06       1e-06       1e-06       1e-06       1e-06     11.7756       1e-06       1e-06       1e-06     4.45675       1e-06       1e-06    0.109668       1e-06  0.00223954       1e-06       1e-06   0.0134141       1e-06       1e-06 0.000196816       1e-06       1e-06    0.166374 0.000139217       1e-06       1e-06       1e-06  0.00555804       1e-06    0.150212  0.00482277 2.60638e-05       1e-06       1e-06       1e-06    0.309745      2.8265
      1e-06     10.8551       1e-06       1e-06    0.184876       1e-06       1e-06     30.4774       1e-06       1e-06       1e-06     1.41219       1e-06       1e-06     1.53852       1e-06  0.00122154       1e-06       1e-06    0.273369  0.00319948       1e-06   0.0097773       1e-06       1e-06       1e-06     6.66763     0.46496       1e-06       1e-06    0.163424   0.0271905     20.7198 0.000108226    0.943297       1e-06       1e-06    0.933023     3.32694     16.9026
      1e-06     54.4211       1e-06       1e-06     96.9061       1e-06       1e-06      79.097       1e-06     77.4253     89.6769      12.613       1e-06       1e-06     110.532       1e-06  0.00022691       1e-06       1e-06     85.8213     154.997       1e-06    0.815424       1e-06       1e-06       1e-06     91.2369     123.081       1e-06       1e-06     101.207     19.7695     87.0979 7.85006e-05     36.2431       1e-06     102.137     108.946     13.2791     173.122
 0.00215035    0.717699       1e-06       1e-06       1e-06       1e-06       1e-06     32.9019       1e-06       1e-06       1e-06    0.551089       1e-06       1e-06    0.303144       1e-06 0.000266614       1e-06       1e-06 1.26773e-05       1e-06       1e-06 2.11296e-05 3.14649e-05    0.358706     1.04431  0.00284946       1e-06       1e-06       1e-06 0.000148532       1e-06     7.03246     1.20928 0.000685173       1e-06       1e-06       1e-06  0.00211713   0.0106116
    1.09897     6.61646 0.000194828       1e-06       1e-06       1e-06  0.00146338     16.2099       1e-06       1e-06       1e-06     7.59688       1e-06   0.0448827     5.43067       1e-06   0.0268054       1e-06    0.189404  0.00162191       1e-06       1e-06    0.329893     1.18946     6.74771     9.55477    0.352759       1e-06       1e-06       1e-06  0.00871957 0.000217663     7.29114     7.63547     0.44337  0.00038773       1e-06  0.00064408     1.29809    0.547517
     8.9498     8.59542    0.435477       1e-06   0.0132209    0.107729     2.34362     15.1838    0.112679       1e-06       1e-06     13.9614       1e-06     6.26346     8.75543 6.64517e-06    0.630926       1e-06     7.07079   0.0587861 0.000126024       1e-06     6.23669     12.5434     12.8991      20.689     6.78135    0.781122  0.00101388   0.0607326   0.0302794    0.772301     17.0736     13.8944     10.3984  0.00579534       1e-06    0.851097     7.94429     2.71677
    21.0612     10.1643     16.8048 7.90256e-05     8.34878     13.6635     21.4582     15.3152      16.454   0.0633641 4.62342e-05     19.9621    0.149165     38.5412      12.237   0.0630631     9.97606       1e-06     18.7781     4.26863      3.6517     3.62045     13.9965     21.8548     13.9543     28.8612     24.6742     18.1805     2.94345      12.807    0.151857     20.7937     29.1146     19.4245     29.4006   0.0714998       1e-06     20.6279     11.7012     11.4651
    26.5129      14.227     52.7397     16.4554     78.5689     65.8053     27.6655     24.2873     44.6273     50.3756     16.5313     23.8953     62.1119     42.9523     25.6036     36.2312     78.1491    0.683059     20.2391     77.2579     95.0841     58.9643       24.73     32.3211     19.3826     32.7682     33.3177      35.166     56.8582     26.5892     6.21863     62.1474     34.1938     24.9734     34.7011     17.3574   0.0164176     43.1628      15.218     52.2687
    144.304     67.5746     238.845     59.1788     379.384     340.578     242.179     125.025       311.9     163.789     55.9518      185.64     223.346     280.065     424.113     115.268     432.404     2.29391     137.029     338.732     430.351     271.226     150.375     397.569     126.066     148.944     206.909      252.55     209.911     146.968     30.0907     424.623     187.474     107.747     220.962     61.8617   0.0456861     310.324     83.0915     258.503
    26.3159     14.3021     49.9412     16.5397     75.7586     61.8682     27.7971     22.3122     44.4529     44.9075      15.271     22.7103     56.1185     39.2082     22.4829     32.2502     78.7468    0.838543     20.4115     74.9802     89.4334     61.0292     24.4611     35.6257      18.453     32.0436     29.4009     32.1466     57.6944     28.3536     6.75086     56.4258     30.3893     22.2788     32.0768      16.547    0.013308     40.9572     15.2248     49.2435
     21.328     8.73912     17.7454 8.50304e-05     8.95785     12.3517     21.6285     15.2049     16.5256   0.0937286 3.45008e-05     23.4822    0.196565     31.6299     13.0923   0.0293526     10.4205       1e-06     18.9355     3.86322     3.05883     3.69373     16.6067     22.1449     14.0738     25.0787     21.8462     16.3164      3.1625      12.748    0.176282     19.2076     25.5624      18.857     29.4078   0.0632119       1e-06     20.5736     11.9068     10.1117
    8.41508     7.78654    0.457763       1e-06   0.0133168    0.117621     2.46129     14.9035    0.136642       1e-06       1e-06      16.515       1e-06     5.01094     9.35962 9.18275e-06    0.447969       1e-06     7.25942   0.0456177 0.000158608       1e-06     7.68389     13.1011      12.934     19.1765     5.68126    0.760057  0.00161657   0.0392307   0.0310343     0.64577     14.5734     14.4581     9.98544  0.00532961       1e-06     1.05086     7.88998     2.43554
     1.0845     6.09831 0.000651247       1e-06       1e-06       1e-06  0.00178105     15.5073       1e-06       1e-06       1e-06     7.93929       1e-06    0.035113     5.27072       1e-06   0.0232502       1e-06    0.235179  0.00194059       1e-06       1e-06    0.497932     1.14149     7.63607     7.35499    0.184343       1e-06       1e-06       1e-06   0.0083997 0.000193433     3.63733      9.7493    0.679113 0.000413807       1e-06  0.00117026     1.33423    0.553743
  0.0034047    0.753177       1e-06       1e-06       1e-06       1e-06       1e-06     21.4005       1e-06       1e-06       1e-06     1.75586       1e-06 3.10967e-05    0.310031       1e-06 0.000195817       1e-06       1e-06 1.25059e-05       1e-06       1e-06 6.10255e-06 3.80981e-06    0.586401    0.441837  0.00063715       1e-06       1e-06       1e-06 0.000190915       1e-06    0.225488     2.45533  0.00108682       1e-06       1e-06       1e-06  0.00126519  0.00953708
      1e-06 0.000477692       1e-06       1e-06       1e-06       1e-06       1e-06     2.76918       1e-06       1e-06       1e-06     9.81695       1e-06       1e-06       1e-06       1e-06 0.000136434       1e-06       1e-06 6.05944e-05       1e-06       1e-06       1e-06       1e-06       1e-06   0.0301766       1e-06       1e-06       1e-06       1e-06       1e-06       1e-06   6.562e-05  0.00138327       1e-06       1e-06       1e-06       1e-06 2.50998e-06   0.0245087
 0.00241163   0.0261792       1e-06       1e-06       1e-06       1e-06       1e-06     16.5365       1e-06       1e-06       1e-06     25.7198       1e-06   0.0510406       1e-06       1e-06 0.000989068       1e-06       1e-06   0.0160326       1e-06       1e-06       1e-06       1e-06       1e-06     14.0641  0.00034461       1e-06       1e-06       1e-06       1e-06 1.93545e-05    0.104801     2.11398    0.154298       1e-06       1e-06       1e-06  0.00121055    0.171084
   0.380914    0.123324  0.00775263       1e-06 0.000647304   0.0708816       1e-06     28.3772       1e-06       1e-06       1e-06     44.9137       1e-06     8.71129       1e-06 5.35582e-05 0.000417044       1e-06  0.00188593    0.384252       1e-06       1e-06   2.677e-06       1e-06  0.00542665     38.4897    0.098699       1e-06 5.42854e-05 9.92651e-06       1e-06     5.06588     3.97281     16.8311     15.7201       1e-06       1e-06 0.000955518  0.00214666    0.062329
    17.7583     1.12097     6.34295 1.84562e-05     13.2985     37.6728   0.0047769     46.8928       1e-06    0.163305 0.000193363     72.5986     0.85856     84.2505  0.00085065  0.00985596   0.0654528       1e-06     2.79438     7.75177    0.010529 5.12727e-05 0.000603253 0.000719625     2.40804      76.971      3.9747 0.000175307    0.288761   0.0249243       1e-06     68.6571     29.5003     42.5816     59.9195   0.0311009       1e-06    0.561043   0.0222046    0.327271
    142.521     20.6602      188.53     11.5845     286.439     287.886      9.0198      86.838    0.374581      400.53      14.573     125.268      488.68     273.232     6.18693     39.0865     63.6597    0.308169     90.0768     266.163     32.8525     2.40656      3.8361      7.4227     65.0756     170.038     71.8429     1.17122     136.186      20.065     1.13601       263.2      138.95     130.542     125.105     36.8816  0.00648828      51.797     2.12892     32.1226
    234.924     131.756     290.604     38.8552     425.041     315.604     251.483     149.235     290.613     342.056     51.5199     204.908     490.946     279.603     378.645     81.1472     484.151    0.617959     200.923     378.867      740.15     285.451     284.067     408.861     238.124     204.483     229.778     244.813     270.285     160.868     40.4993     445.139     241.048     154.713     182.141     74.3325   0.0124086     402.685     163.097     420.244
    151.863     54.4058     259.908     38.4179      349.79     61.7851     102.638     96.0603     121.691     128.487     34.1916     45.4309     1.07782     319.028     99.2627     68.6412     301.845    0.344166     112.762     244.825     668.869     228.514     78.3398      134.59     67.4611     230.056      139.97     102.615     320.937      103.32     22.0506      65.423     156.524     123.004     102.655     45.8689  0.00418644     178.482     52.9979     172.591
    95.1535     52.6136     32.7636 0.000335235     10.1494   0.0810383     85.3182     53.9919     93.6356   0.0277258  0.00039001     4.54065       1e-06     9.94054     41.5475   0.0241397     55.8977       1e-06     56.2202     9.74044     18.9635     17.4207       86.45     78.7131     54.6628     63.2639     95.6288     71.6591     7.16169     47.8091     1.93808    0.560561     94.2346     83.8362      7.5723    0.799342       1e-06     127.137     74.8625     77.4394
    20.7393     25.2816   0.0254663       1e-06 5.76672e-05       1e-06     7.87112     38.8246    0.410658       1e-06 1.34671e-06    0.816234       1e-06  2.2868e-05     20.9607 3.33274e-05     4.76483       1e-06     15.3057    0.251672  0.00058578       1e-06     35.7745     39.2286     48.6675     4.10032      16.498     3.24473 3.26478e-05    0.144665    0.509273  0.00119709     25.1031     45.5519   0.0788836   0.0898064       1e-06     3.62449     44.4954     19.5097
   0.324925     27.4786       1e-06       1e-06       1e-06       1e-06 0.000698419     27.0636       1e-06       1e-06       1e-06   0.0954134       1e-06       1e-06     16.0618       1e-06    0.873705       1e-06   0.0370461   0.0381866       1e-06       1e-06     3.99512     2.70327     33.0106   0.0409058   0.0864394 7.55496e-05       1e-06       1e-06    0.167993       1e-06     1.19223     12.1936 4.21918e-05   0.0103952       1e-06  0.00076737     13.8407      7.6683
      1e-06     4.26076       1e-06       1e-06       1e-06       1e-06       1e-06     4.52709       1e-06       1e-06       1e-06 0.000803203       1e-06       1e-06     1.00534       1e-06   0.0124654       1e-06       1e-06  0.00141624       1e-06       1e-06  0.00561976 1.10958e-05     1.04759       1e-06       1e-06       1e-06       1e-06       1e-06  0.00645913       1e-06 0.000994551   0.0218517       1e-06 9.87696e-05       1e-06       1e-06    0.131159    0.427865