    87.9569       1e-06       1e-06       1e-06     0.11611       4.761       1e-06       1e-06       1e-06     38.3208       1e-06      57.159       1e-06     49.7839     45.0764     60.5816     93.2001       1e-06     19.6603     60.2864
 0.00559709       1e-06       1e-06       1e-06 7.46746e-06       1e-06       1e-06       1e-06       1e-06   0.0174793       1e-06       1e-06       1e-06     12.7576       1e-06     5.96055     2.37397       1e-06       1e-06       1e-06
      1e-06       1e-06 1.64172e-05       1e-06     1.49237   0.0974121       1e-06       1e-06       1e-06  0.00157461       1e-06       1e-06       1e-06     3.09295       1e-06    0.104334       1e-06       1e-06       1e-06       1e-06
      1e-06       1e-06     11.6094 3.44065e-05     51.4103     36.4179     13.4946       1e-06       1e-06     19.5468       1e-06       1e-06     3.77099      36.882       1e-06     33.8844 0.000515593 0.000229509   0.0299726       1e-06
    62.8429     3.75345     245.576     77.9494     174.096     307.804      216.35 2.74924e-05     157.895      424.57     112.219     80.7398     220.494     210.849       1e-06     287.744     40.7279     207.894     276.179 3.42417e-06
    236.847     8.96971     232.712     187.028     261.142     328.086     227.093 3.11453e-05     157.925     434.463     103.324     233.333      238.62     339.629     170.028     307.727     275.138     207.799     285.073     183.787
    125.412     6.66375     192.387     226.957     7.21476 1.81362e-05     21.6112 3.95004e-06       1e-06    0.411024     84.8943     1.27546    0.198773     217.889       1e-06     66.0973     242.309  0.00289045 0.000562419     1.05582
0.000174612       1e-06     15.8574     1.25137       1e-06       1e-06 2.08507e-05       1e-06       1e-06       1e-06       1e-06       1e-06       1e-06     24.3293       1e-06    0.118598     7.04771       1e-06       1e-06       1e-06
      1e-06       1e-06 0.000820195       1e-06       1e-06       1e-06       1e-06       1e-06       1e-06   0.0017014       1e-06       1e-06       1e-06     1.90064       1e-06    0.278734       1e-06       1e-06       1e-06       1e-06
 0.00120748       1e-06       1e-06       1e-06  0.00159401   0.0261693       1e-06       1e-06       1e-06    0.818483       1e-06       1e-06       1e-06     12.6614       1e-06     13.1654    0.399391       1e-06  0.00145558       1e-06
     64.636       1e-06       1e-06       1e-06     6.22597     76.3151       1e-06       1e-06       1e-06     120.152       1e-06     108.643       1e-06     61.3347     49.2131     85.6209     51.3068       1e-06      99.231     57.5396
      1e-06       1e-06    0.149082       1e-06  0.00136312       1e-06       1e-06       1e-06       1e-06       1e-06       1e-06       1e-06       1e-06     24.7409       1e-06  0.00157456       1e-06       1e-06       1e-06       1e-06
      1e-06       1e-06     3.89997 0.000976534     2.28538    0.396095    0.155884       1e-06       1e-06  0.00237298       1e-06       1e-06 3.31433e-05     11.2428       1e-06    0.920223  0.00887461       1e-06       1e-06       1e-06
 0.00860072       1e-06     14.8231     1.42611     10.6493     7.61707     6.79739       1e-06       1e-06     0.95183   0.0190504       1e-06      1.3356      18.085       1e-06     9.92818     3.33386 0.000283607   0.0011836       1e-06
     7.4499    0.118442     25.0671     25.7481     16.7903     21.4965     21.7109       1e-06    0.318828     16.5869     11.1816   0.0991902     20.9529     23.5288       1e-06     25.9535     26.5583      5.5074     4.95097       1e-06
     75.509     60.2429     29.6816     51.6819     18.6242     39.4246     24.1105     5.84395     88.3619     56.8478     56.5908     76.5107     39.2459     31.5744       1e-06     35.9763     45.9756     78.9507     106.579     10.2833
    353.703     213.713     169.825     297.048     153.656     489.587     188.602     20.9312     362.986     376.065     249.705     289.504      307.35     231.686       1e-06     288.383      332.29     382.689     521.283     36.1842
    73.3454     59.3978     27.0677     50.1125     19.5183     42.5953     23.6497     6.11391     89.7786     53.8981     52.3649     76.3871     39.1168     31.2465       1e-06     29.7249     43.8107     78.1897      104.72     9.96877
    7.92775    0.159143     25.8152     25.6607      16.713     22.3954       21.08       1e-06      0.3545     16.4463      10.084   0.0945674     20.8121     22.7758       1e-06     23.5668     29.4249     5.25919     4.87602       1e-06
 0.00640887       1e-06     15.1273      1.7205     10.2292     7.65879     6.84108       1e-06       1e-06    0.979651   0.0221326       1e-06     1.30712     16.4684       1e-06     8.51783     4.16776  0.00027021  0.00165867       1e-06
      1e-06       1e-06     4.09559  0.00210233     2.52114    0.347393    0.124864       1e-06       1e-06  0.00233778       1e-06       1e-06 2.66002e-05     9.83077       1e-06    0.630478   0.0177188       1e-06       1e-06       1e-06
      1e-06       1e-06    0.143568       1e-06  0.00235612       1e-06       1e-06       1e-06       1e-06       1e-06       1e-06       1e-06       1e-06     11.2604       1e-06 0.000713589       1e-06       1e-06       1e-06       1e-06
      1e-06       1e-06       1e-06       1e-06       1e-06       1e-06       1e-06       1e-06       1e-06       1e-06       1e-06       1e-06       1e-06    0.272283       1e-06       1e-06       1e-06       1e-06       1e-06       1e-06
      1e-06       1e-06     1.49739 0.000146177       1e-06       1e-06       1e-06       1e-06       1e-06 1.03547e-06       1e-06       1e-06       1e-06     9.32427       1e-06  0.00289567   0.0134719       1e-06       1e-06       1e-06
0.000643531       1e-06     18.9198     1.79623  0.00525733       1e-06  0.00275302       1e-06       1e-06 0.000495414 0.000234198       1e-06       1e-06     29.6888       1e-06     1.34645     8.61586       1e-06       1e-06       1e-06
    9.05034   0.0694658     66.1586     55.2896     1.89985 1.60961e-06      3.5846       1e-06       1e-06   0.0906394     5.58521    0.011685  0.00447363      82.877       1e-06     22.2963     67.2581 0.000206697 6.23848e-05       1e-06
    342.457       134.2     179.275     302.391     58.5275    0.549364      124.56     3.06024   0.0718968     38.6133     269.454     81.2078     25.2094     191.726       1e-06     173.154     237.066     8.26998     4.06457     150.995
    293.075     161.241     216.525     291.435     225.432     593.987      230.89     8.79406     404.461     613.971     223.001     364.114     322.233     300.119       1e-06     334.986     293.857     388.554     620.605     148.318
    266.767     100.841     221.814     278.752       82.89     180.675     159.822     6.41712     369.823     277.703     328.096     386.349     190.105     193.642       1e-06     210.264      179.67     316.224     473.093     4.05228
    2.09767  0.00304564     86.4906     6.49658     78.5619      102.52     69.2295       1e-06     2.95049     122.846     7.76899    0.268324     61.5414     85.9315       1e-06     98.5799     6.20868     21.0601     23.5687       1e-06
3.67703e-05       1e-06     15.7726 0.000468721     34.8461       27.96       16.85       1e-06       1e-06     16.3091       1e-06       1e-06     3.98863     33.3493       1e-06     29.9314   0.0233277 0.000759839   0.0479873       1e-06
      1e-06       1e-06    0.177897       1e-06     9.56172     1.61167   0.0600159       1e-06       1e-06   0.0926757       1e-06       1e-06 0.000219828     9.85462       1e-06     1.63835       1e-06       1e-06 9.55236e-05       1e-06
      1e-06       1e-06       1e-06       1e-06   0.0247754       1e-06       1e-06       1e-06       1e-06       1e-06       1e-06       1e-06       1e-06    0.522394       1e-06       1e-06       1e-06       1e-06       1e-06       1e-06