    48.4198       1e-06       36.77       1e-06     71.4685      59.736      35.713       1e-06     16.1268       1e-06
    2.16197       1e-06      8.5374       1e-06  0.00666809       1e-06       1e-06       1e-06  9.4223e-05       1e-06
 0.00186093       1e-06     2.15722       1e-06       1e-06       1e-06       1e-06       1e-06     0.14243       1e-06
    14.5032       1e-06     50.4404     3.87862       1e-06       1e-06  0.00107308       1e-06     40.6611       1e-06
    315.069     181.535     240.637     244.771     42.7827  0.00125061     194.092     118.317     316.535       1e-06
    336.249      181.56     298.142     246.096     222.779     196.986     267.601     116.687     324.638 1.45883e-06
    187.445       1e-06     192.726      13.709     176.384    0.387844    0.134407     35.1661    0.178894       1e-06
    3.18116       1e-06     20.4196       1e-06   0.0555551       1e-06       1e-06       1e-06       1e-06       1e-06
 0.00469894       1e-06     1.15939       1e-06       1e-06       1e-06       1e-06       1e-06 1.35709e-06       1e-06
    3.39821       1e-06     11.9758       1e-06 0.000911146       1e-06 4.95983e-05       1e-06    0.059145       1e-06
    60.4749       1e-06     48.7336       1e-06     44.2598      60.518     98.2059       1e-06     85.5953       1e-06
0.000398765       1e-06      13.174       1e-06       1e-06       1e-06       1e-06       1e-06       1e-06       1e-06
   0.327495       1e-06     8.20439  0.00302179       1e-06       1e-06       1e-06       1e-06    0.514442       1e-06
    7.12621       1e-06     16.1066       2.065    0.136847       1e-06 9.02199e-05 0.000637972     8.63392       1e-06
    27.6819     1.66637     21.0538      22.253      15.378       1e-06      2.1641     4.36227     23.2335       1e-06
    39.9294     88.2178     27.0129     44.8359     73.8919     12.9573     92.8977     77.5491      43.742      3.2171
    303.812     387.235     201.539     325.461     408.351     45.9206     405.305     337.254     473.331     11.3728
    36.3948     89.4646     26.4532     44.1457     70.8418     12.2827     92.1289     74.5134     44.6771     3.32248
    26.4702     1.75456     21.1432      21.765     16.0847       1e-06     2.08009     3.82417     23.8938       1e-06
     7.0252       1e-06     15.0817     2.11359    0.161505       1e-06 0.000112285  0.00075542     8.40256       1e-06
   0.311426       1e-06     7.44775  0.00287985 1.05866e-06       1e-06       1e-06       1e-06    0.484686       1e-06
0.000246104       1e-06     5.93725       1e-06       1e-06       1e-06       1e-06       1e-06       1e-06       1e-06
      1e-06       1e-06      0.1403       1e-06       1e-06       1e-06       1e-06       1e-06       1e-06       1e-06
 0.00542709       1e-06     5.73147       1e-06       1e-06       1e-06       1e-06       1e-06       1e-06       1e-06
    4.79428       1e-06     25.1438  0.00028454     0.14511       1e-06       1e-06 2.07492e-06 1.93592e-05       1e-06
    53.9907       1e-06      69.127     1.25803     30.0875 6.57261e-06  0.00163955    0.947212   0.0159583       1e-06
    258.671     1.24754     181.199     102.981     322.975     96.7087     38.2594      198.37     17.9399     1.45672
     351.74     405.199     262.278     343.341     320.869      100.27     485.516     319.026     567.863     4.74801
    281.195     357.705     179.828     216.533     207.719     6.64308     449.235     358.896     204.774     3.44701
    99.9022     7.47576     93.8381     67.7905     1.68436 7.56497e-06     11.6162      6.1939     106.487       1e-06
    16.3747       1e-06     39.0646     4.72997 2.11298e-05       1e-06  0.00251172       1e-06     31.7674       1e-06
   0.180142       1e-06     9.08419 0.000811704       1e-06       1e-06       1e-06       1e-06     2.11929       1e-06
      1e-06       1e-06    0.279678       1e-06       1e-06       1e-06       1e-06       1e-06       1e-06       1e-06