   0.464276   0.0316884       1e-06 6.28548e-05     77.1062     49.8684     51.4938    0.145026     54.1686       1e-06     64.7636     6.15944       1e-06  0.00216964     87.5683     93.0506     100.469     48.3977       1e-06       1e-06
 0.00236766  0.00101238       1e-06 7.09322e-05     6.60856 0.000257862     26.0417   0.0440324     1.11113       1e-06       1e-06    0.520372       1e-06  0.00494639     4.03797 7.16864e-06     14.3973    0.048577       1e-06       1e-06
  0.0219344    0.024171 6.73916e-05     0.13381       1e-06  0.00566309     18.7003     5.41482    0.100265     6.92988       1e-06      46.621       1e-06     2.82362       1e-06       1e-06     1.68383     11.3128       1e-06  0.00414216
    137.826     33.7963     19.9424     1.50317     2.81158   0.0481832     40.7069     94.5215     34.8792     84.5899       1e-06     85.3918       1e-06     69.2806       1e-06       1e-06   0.0453036     14.3562     2.46031      33.186
    258.715     109.302     220.062     115.111     521.858     1.57422     108.415     90.0338     285.958     134.407     5.48856     115.019     61.8258     152.587      36.721     39.0924     8.33181      29.348     239.653     235.894
    459.317      140.81     285.266     112.868     603.699     189.223     261.899     219.587     409.429     266.707     256.542     186.772     91.7416     274.865     416.918     339.411     226.761     282.234     250.374     220.443
  0.0351369    0.235631   0.0296946     1.59003     129.348 0.000973479     123.229   0.0249231     11.8981     4.18742   0.0270403     1.10153     59.5847     42.5283     437.662     221.289     178.552   0.0341305     40.0965     159.789
      1e-06 0.000394288       1e-06 0.000953632     1.56933 0.000291856     55.6937   0.0197263   0.0339642       1e-06       1e-06     0.78056       1e-06     2.01714    0.825478       1e-06     64.0097    0.145624  0.00149194     8.37606
0.000503538  0.00573846       1e-06  0.00443929       1e-06   0.0327408     31.6376     2.88355    0.253066       1e-06       1e-06     19.6375       1e-06   0.0375611       1e-06       1e-06     2.82729     7.93049       1e-06  0.00110197
   0.687732     0.13947       1e-06 0.000416653     16.9224   0.0641955     34.5484     8.10862      14.714       1e-06       1e-06     23.9938       1e-06  0.00812732    0.812289 4.03282e-05     2.48418     7.61615       1e-06 2.42739e-06
    9.85142     1.54359       1e-06 7.76589e-05     140.538     52.1962     70.6984     10.0249     113.857       1e-06      80.559     86.4028       1e-06  0.00711681     96.9009     94.9527     11.4576     106.246       1e-06       1e-06
      1e-06  0.00167167       1e-06  0.00381434 2.73759e-05  0.00123353     33.4901   0.0788151    0.281994    0.501901       1e-06     6.71485       1e-06     1.83923       1e-06       1e-06    0.398306     1.45562 0.000408323     1.61655
 0.00341978     1.08595    0.070123   0.0389366   0.0210228  0.00406555     20.4121     1.72303     2.39384      7.0856       1e-06     9.61972 1.04869e-06     7.51925 1.38133e-05       1e-06     5.31727     2.34054    0.454895     9.99209
    5.87056     10.5164     7.38931    0.290693     2.29636  0.00712338     19.5962     8.51204      13.191     12.2496       1e-06     9.76319   0.0348956     13.2616    0.943085  0.00190318     15.1091     2.08893     7.39669     18.5596
    32.7408     16.5707      28.471     3.92343     21.3059   0.0472555     20.5318     14.4151     31.3095     15.1972  0.00241613     11.9938     4.99516     16.6091     19.1693     1.05247     25.1107     2.56138     27.8787     20.2986
     38.599     13.4677     30.6562     57.0764     65.6185     4.40855     27.6224     13.4977     37.8859     17.7412      33.885      18.006     72.2146     22.5255     68.5095     74.9363     26.7475     9.72943     33.7761     22.6956
    414.485     99.4147     246.025     220.896     456.551     19.4288     157.231     69.6602      338.18     155.394     117.646     97.7517      289.48     149.619     418.647     265.131     182.294      176.79     205.416     105.331
    44.1253     14.0368     25.5562     55.0764     60.0656     5.88222     24.9338     15.3376      36.457     17.8041     30.0584     18.3429     72.8202     20.8164      67.239     67.1476     22.6196     9.95141     34.1608     24.1491
     33.292     17.2129     28.2935     2.98687     24.7368    0.105449     18.0573     14.6573     24.2054     15.9991  0.00181745     11.2243     6.44567     19.9079     17.9057    0.992367     20.8049      2.5538     29.7575     18.9693
    5.87831     9.64632     7.44028    0.272764     3.49934   0.0148548     17.7634     8.71763     10.5648     13.7659       1e-06     9.23026   0.0581414     14.2188    0.855765  0.00241324      13.821     2.04358     8.52376     14.8688
 0.00680487    0.871817    0.057796    0.052539   0.0429222  0.00403518     19.3233     1.52757     2.11225     7.41143       1e-06     9.11262 2.60379e-05     9.39402 4.80158e-05       1e-06     4.62675     2.30266    0.556684     7.60326
      1e-06 0.000500755       1e-06  0.00461769 5.73729e-05  0.00119348      25.951   0.0250139     0.11971    0.588513       1e-06      6.1981       1e-06     2.52618       1e-06       1e-06    0.284216     1.52605  0.00134694    0.713426
      1e-06 0.000754576       1e-06  0.00185904       1e-06       1e-06      26.041    0.156393  0.00136419       1e-06       1e-06    0.147446       1e-06    0.217399       1e-06       1e-06    0.649478   0.0304094       1e-06  0.00245801
      1e-06   0.0015154       1e-06   0.0018489   0.0137862 1.79337e-05     34.9307    0.317919    0.050447       1e-06       1e-06    0.788035       1e-06     2.90204 3.52344e-06       1e-06     25.0379    0.116694  0.00143393     4.73352
0.000242239  0.00348678 2.90785e-05  0.00421981     9.54356  0.00019432     44.3647    0.065541    0.810896  0.00568244 1.70491e-06    0.504116   0.0117523     7.62386     4.58894 0.000566721     47.1564   0.0643425    0.297097      27.322
  0.0178663    0.132772   0.0212382    0.378672     45.0162 0.000547736     58.0435   0.0373754     6.87634     1.17739  0.00605562    0.825083     2.32654     23.8224      80.659     13.2023     63.8012   0.0212434     19.5817     62.9686
    8.26349     13.9386     9.67712     95.0569     241.777     5.93211     75.3082     1.62177     104.099     48.5521     40.5919     10.8744     318.964     73.2235     514.025     494.877     105.151     4.41158      162.83     132.602
    335.845     122.517      298.94     306.816      553.02      19.997      171.75     141.531     366.649      249.94     148.308     153.596     378.767     210.187     610.086      535.18     168.021     149.636     358.512     170.868
    141.745      63.967     123.369     274.925     247.529     8.83224     96.1019     62.3382     149.689     85.0716     103.234     58.2619     283.115     111.407     188.719      244.16      42.945     40.9306     208.318     160.989
    129.621     48.9506     88.0776     16.8469     256.833    0.661864     53.3618     42.9331     119.601     58.4581  0.00601707     40.2595     6.55164     66.5454     14.8898      1.2704     5.49354     7.09987     82.3376     91.3347
     120.36     29.1607     21.7943     2.68059     5.73304    0.118828     48.5427     71.8982     50.1505     49.8501 1.71539e-06     39.9065  0.00112409     57.9184   0.0629747 0.000368581     1.37301     6.80681     6.69561     50.2602
    3.70036     1.66561   0.0810456    0.840621  0.00191107   0.0653633     39.2667      40.407     2.94215     31.4878       1e-06     44.7605       1e-06     29.5139       1e-06       1e-06    0.394292     11.7152   0.0232173     4.99805
      1e-06   0.0176195       1e-06    0.118266       1e-06   0.0197753     34.6362     4.03522    0.208387     3.82148       1e-06     25.9596       1e-06     2.35452       1e-06       1e-06   0.0518821     4.78088       1e-06  0.00319056