    113.542     354.466     292.674    0.368432     266.118     177.431     309.382       177.6      372.33     61.9826 0.000406146     879.332     273.402     409.714      188.06     314.799     556.117     115.945     11.1142     555.769
    128.825     61.4934     143.797   0.0810458      151.44     4.70601     547.305     86.3405     49.7481     8.11438 9.82005e-05     301.877      41.964     69.8927      173.39     109.363     370.495     8.34929     5.59159     50.5098
    317.839     59.8695     279.146    0.144261     197.061     150.005     204.835     133.733       102.7     12.0082 0.000214495     223.354     51.6233     84.4467     214.681      91.869     131.688     23.9416     5.03144     115.772
    106.567     51.1475     91.1006    0.115663     122.863     36.3391     125.072     70.4873     37.8686     13.1019 0.000256893     193.517     53.6353     81.4887     150.008     49.4907     123.046     13.9462     3.67797     49.7107
    66.3743     14.9945     20.6919   0.0473954     8.72992     107.948     170.288     35.2816     73.3357     7.95859 8.30253e-05     162.542     8.15481     14.7759     7.54469     8.47386     41.3908     5.48052     1.02722     18.7917
     31.021     10.6085     41.0975   0.0385124     41.2731     16.6798     79.9332     37.8805     16.3374      2.7951  7.7848e-05     42.4722     15.2521     25.8346     5.97596     15.0556     47.2731     5.26167     1.34973     13.2369
    7.88615     5.33902     16.3617   0.0183484     80.9918     4.08622     171.805     23.2619     15.8294     1.48109 4.37224e-05     32.7918     4.10875     5.47263     20.7517     18.9568     47.7818     1.49954     1.00411     9.16743
    10.4905     8.47851     11.9878  0.00744143     19.6455     3.15548     77.3376     41.4829     29.7384     6.37293 1.45703e-05     13.7677      3.9442     5.29818     6.92676     4.67092     27.7492      1.3794    0.283722     26.8241
    34.5895     15.2112     8.52489   0.0138423     20.1707    0.518299     64.9434     33.1881     6.03479     2.63256 4.21755e-05     25.8128     7.30052      18.318     3.73429      12.307     85.7373      2.8111    0.842612     7.90035
    9.17637     1.68321     7.67974  0.00911324     1.14499     31.2708     63.5105      7.6457     14.0135      1.1687 1.35258e-05     127.636     1.08089     1.21834    0.389572    0.315159     4.25256    0.161982     0.11728     1.55181
    10.7544     2.17317     14.8395  0.00302509     11.1907     4.67354     45.1549     9.00015     7.00027    0.967144 6.28245e-06     18.8082     1.22764     1.40501     21.2797     1.10762     9.85305    0.311532    0.064056     2.36831
    3.22634     1.52136     6.70692   0.0036974     13.3359      1.3354     44.3034     3.42733     5.55617     1.12372 7.56076e-06     5.86524    0.942441     1.75434    0.845696     1.87539     7.00436    0.367077    0.149358     1.90141
    5.71757     5.79161     1.25112  0.00220776     5.54026   0.0766033     34.2216     10.7605      3.0823     1.43724 6.81644e-06      3.2564     2.33722     2.94712    0.468336     1.81643     18.6504     0.42254     0.12463     4.14466
     2.3196     1.24752     1.82629 0.000649636      5.6381    0.255064     33.3217     4.17467     5.93874      0.9335   1.513e-06     1.76362    0.597125    0.508491     1.22274    0.452628     4.19561    0.136249   0.0261862     3.04361
    1.45451    0.520885     0.30068 0.000264725     1.10273    0.539318     20.0682     7.41008     19.1323    0.320564       1e-06     1.96907    0.363855    0.166006   0.0766331    0.133056      1.3595   0.0611283  0.00766454      2.7463
    2.48977    0.642954     5.11112  0.00195014     7.34199     1.35864     17.3373     4.09622     2.06764    0.370629 3.63147e-06     3.70162    0.396256    0.640217     10.9307      0.5841     3.32975    0.182565   0.0743863    0.776379
    1.98519    0.296608    0.580003 0.000233498     2.16335    0.411591     24.0663     5.51881     10.2033    0.221678       1e-06     2.88357    0.187328    0.153403     2.55037    0.146365     1.04722   0.0295033   0.0093145    0.629502
   0.776831     1.35405    0.152774 0.000181089     1.12783   0.0146205     16.1454      2.5315     1.72542    0.391414       1e-06    0.409849    0.470624    0.318752   0.0531694    0.208545     3.57221   0.0408363  0.00996502     1.68779
   0.911029     0.34014    0.202206 0.000251648    0.370291    0.275873     15.6644     4.56335     3.84243   0.0999066       1e-06    0.894044   0.0734205   0.0634757    0.158503   0.0432639    0.898422   0.0279709  0.00632151      1.0845
    0.57953    0.318094    0.182904 0.000162228     1.06478   0.0834064     13.7953     1.91332     1.81487    0.175652       1e-06    0.409851    0.135625    0.106686    0.510304     0.10079     1.23202   0.0235622  0.00760417     1.16971