   37.9337    381.294    433.765    191.657    213.353    54.2975    622.345    117.953     236.33    128.923    353.053    643.531    666.445    71.4055    338.858    88.7949    10.5696    48.7196    91.8638    83.4016    318.679    54.5961    9.96329    393.186    297.447    198.987    147.421    229.788    236.816    124.764    61.1645    97.3866    173.277    682.157    265.988   0.871187    582.022    210.846    431.346    104.595
   23.4175    27.6849    40.2046    12.4541    17.6427    37.2459    182.347    53.2671    230.568    168.794    20.4597    362.723     327.71    51.8972     29.929     14.106    33.4404    8.35071     12.331    28.6058    14.6042    6.32809    2.59521    14.2205    27.4624    297.836    109.933    164.484    26.7355    33.6278    168.437    182.739    42.9497    70.7806    68.4296   0.140435    401.048    37.4394    153.807    17.5359
   95.7361    37.1004     134.11    43.7357    12.5099    63.9453    123.109    206.053    59.0552    68.1457    107.751    139.792    203.933    120.203    121.595    35.4716    21.3369    25.4953    66.4952    49.9907    17.2811    23.3288    5.81796    53.9975    41.0687    120.493     59.477    123.596    72.0444    61.4025    97.0661     241.19    70.9466    231.706     80.104   0.651791    470.972    79.4075    152.545     12.882
   118.979    33.3336    151.498    47.9103    19.4664    53.5113    57.8725    187.768    120.827     92.753    75.2693    154.213    129.162    87.3615    31.2548     7.4982    20.4601    19.8866    3.16326    40.9703    19.4522    22.7993    1.96517    16.2433    22.6808    51.6297    51.4704    47.4867     19.332    65.6362    54.6064    214.455    87.3387    127.898    53.8863   0.180279    279.257    53.2748    106.895    6.19777
   9.38865    35.6771    20.9737    14.1209    7.70789    50.6541    44.5443    49.2873    25.1229    10.2377    17.6975    59.8348    100.588    21.4273    31.4048    21.6255    13.6267    8.29507    55.8704    15.2364    4.61333    4.83899    1.41485    35.0122    68.0303    40.9043    13.0967    88.2477    14.1309    17.5095    114.775    15.1448    22.2238    153.043    37.1815  0.0940562    302.897    12.0708    24.6084    4.68035
   30.2804    13.9396     24.424     7.4212    9.01549    32.5865    54.0788    13.8268    40.8314    57.6894    9.94178    63.0079    77.9242    37.4226    15.6427    2.96595    9.79084    5.08277    4.00692    11.9448    7.77459    4.18601   0.937162    6.31543    23.8303    71.4028    45.7109    19.8305    15.3657    14.9885    84.7459    142.499    14.9171    45.3484    11.5024   0.144374    76.1493    18.5622     43.307    3.71338
   19.2694    26.7701    45.8106    14.4756    18.2009    17.7723    49.7776    39.1002    27.8433    36.2874    17.0433    69.0574    89.3762    18.2058    23.3403    12.9045    5.73916    3.79808    14.7273    11.7938    6.05696     4.2791    1.50088    19.7275     12.614    38.2224    29.3589    26.1956    10.7384    13.9187    52.3708    80.4307    19.8295    59.7456     15.417   0.104172    126.519    17.7375    24.7681    5.12009
   40.0993    15.5539    25.1495    11.3046    5.27178    46.3749    22.7694    16.1544    26.2287    32.8706    13.1691    23.0887    21.1269     35.449    8.95988    1.85301    9.71988    6.19742    2.05888     10.835     5.6894    5.64546   0.750112    4.86638    22.0456    34.9027    33.0288    27.3092    7.63625    18.9351    66.2988    42.2677    21.9159     31.933    16.0921  0.0821135    59.6918    11.1637    57.5094    2.16094
    24.446    36.7207    41.5967    24.6671    6.01407    54.1431    55.5474     48.669    40.5787    31.6682    19.6353    34.8177    33.3022    39.9903    13.4769   0.861988    7.21672    15.2575   0.425134    31.2602      5.259    3.68912   0.443212    3.40831    28.4024    65.3153    52.2978    26.2247    10.3259    47.7144    62.0494    11.1753    18.8592    21.1176    4.78138  0.0406735    125.031    51.9083    39.7523    3.18519
   12.5657    18.4679     13.256    4.42061    2.97642    19.5353    11.7817    15.3572    8.63803    15.3492    4.31992    24.3035    15.2241    14.3234    3.30093    1.31438    5.04087    3.26278    3.74761    10.4523    3.97899    3.97422   0.286186    6.76312    12.9172    24.9791    36.7493    17.1982    2.85963    9.11098    54.1107    46.1983    11.2353    15.5436    21.5615  0.0317016    57.4149     4.7252    11.6949   0.913981
   6.32145    35.6554    5.23149    1.64837     1.5216    21.2716    6.04937    8.71285    4.70888    8.31227    1.40171    49.5402    37.6503    7.61369     3.2826    8.06027    8.45289    1.14441    20.6029    3.57204    1.30662    1.55782   0.155123    31.0819    13.8671    11.1156    10.1682    60.0762    1.50453    3.10137    52.6477    6.81514    5.26865    37.4332     13.591   0.024792     179.36    1.27096    8.18725   0.306084
   5.40811    27.2439    10.5398    2.45476    4.16805    21.1117    8.80646     10.259    5.24147    9.58782    2.16361    23.7358    7.28564     12.079    3.13439   0.697368    9.78512    1.97896    1.32042     10.557    9.33482    1.95412   0.124757    6.57797    18.1968    22.5509    17.6508    10.0189    1.28562    4.71114    102.002    12.7258    5.31062    6.39356    13.1747 0.00817223     82.216    1.53599    9.00129   0.429535
   3.01153      10.07   0.911354    0.43587   0.246809    6.17826    6.00237    2.27935    2.51482    28.6703   0.413329    39.0039    5.90283     3.8224   0.519263   0.704082    1.49526   0.459883    1.99426    4.07552    2.42683   0.384035  0.0468005    2.18503    8.89729    19.4176    61.0538    5.08881     1.0205    1.50381    76.1922    48.7396    1.64057    3.45099    4.62149 0.00671477    29.4946   0.759956    3.62953   0.236602
   9.52344    16.3884    20.0795    7.74091    3.94505    17.8429    18.1071    16.2938    15.9059    8.80597    10.7831    8.33851    14.8875    10.5316    6.46326   0.366749    3.94668    14.1735   0.173308    9.31458    1.33452    4.66258   0.243813    1.16223     17.994    36.0562    21.1859    10.4994    5.22102    16.5574    52.0907    4.85047    7.98897    8.06401    2.58148  0.0240479    42.9369    20.5768    16.2156    1.61158
   4.00905    22.5389    6.01583    4.34135    1.78785    15.8545    5.73318    6.62583    9.28943    8.18022     3.6163    5.44939    4.36171    6.08913    2.15479   0.257462    1.87609    3.36511   0.273138     5.5417    1.73109    1.81876   0.143536    5.88964    27.3033    23.0237    20.2022    13.6541    1.28865    5.14681    100.108    6.96995    5.01842    5.63875    7.15302  0.0171931    25.1717    3.50375    8.63531   0.413021
   3.87197    16.4327    2.60679      1.439   0.844159    24.1802    3.26305    5.46789    1.28763    1.93748   0.830109    5.64885    3.81181    16.1425   0.801868   0.927311    3.17714   0.921804    2.30322    6.43671    2.46034   0.853614  0.0216476    4.79804    12.1323    7.31026    5.10961    30.6743   0.347155    2.39087    38.1888   0.991656    4.69353    6.24719    19.9236 0.00341668    62.2911   0.390447    1.65609   0.115112
   2.69781    7.08979    1.42025   0.831019   0.303075    11.1547    2.71814    3.13382    1.14054     2.1199   0.520008    6.39015    1.86396    17.7218   0.560475   0.500245    7.53292    1.04788    1.77349     2.3309     1.7717    1.01391  0.0394186    1.22458    5.03492     16.957     6.3839    9.39699   0.519323    3.05651    45.3749    1.60714    4.90627    4.12023    7.38865 0.00474342    73.0869   0.246062    2.14965   0.212723
   3.05088     30.639   0.332117   0.160051    0.10076    14.1657   0.729616    0.75608   0.346013    4.59675   0.131348    14.3963    1.39558    2.91973   0.142923   0.286378   0.387802   0.297644   0.703815    7.48239    2.96835   0.119606 0.00817922    4.49796    21.6091    4.79458    21.4583     1.9807   0.102743     1.0404    99.0722    3.01263   0.863988   0.918882    12.6905  0.0011019    22.6942  0.0846583   0.562229  0.0297876
   1.41866     6.9604    2.45346    1.74349    0.83976    6.24377    3.61576    2.55787    3.12035    3.96745    1.14203     7.0991    2.75513    3.05207   0.897477   0.520128   0.514784    1.03889    1.52314    1.77459   0.813594   0.533951  0.0623561    1.28262     6.0344    13.9404    15.6495    3.18032   0.713775    2.51506    59.9483    1.58178    1.82835    2.30893    2.29785 0.00456641     22.244    1.53425    3.58785   0.276979
   3.97551    11.1922    2.32847    1.27028   0.418117    12.7225     1.5602    2.82006    2.26877    2.04776    0.88334    2.32731    1.09442    4.90058   0.427027  0.0531501   0.673822    1.06025  0.0780803    4.69604    2.04347   0.476235  0.0172679    1.37968    12.8886    9.49424    12.6205    3.94387   0.355543     3.8653    62.0926   0.525991    2.14531   0.627431    6.06194 0.00140486    23.6134    1.05049    1.34919   0.129789