     75.181     47.8102       1e-06  0.00632901       1e-06      82.984       1e-06     100.892       1e-06     89.1759     2.86553     73.1223      87.792     54.8242    0.536322      3.9855       1e-06     1.42679       1e-06   0.0213697       1e-06     36.5467  0.00129265    0.570875     72.6274       1e-06     20.6909       1e-06     62.5984       1e-06    0.105192 4.65947e-05     86.9668   0.0105682       1e-06       1e-06     99.8347     95.0252     87.3983       1e-06
    12.3639 0.000572249       1e-06   0.0139154  1.6785e-06     10.9541       1e-06 0.000194647       1e-06       1e-06    0.168301       1e-06     6.56964 6.81422e-05 0.000275411  0.00511686   0.0014689    0.759404 9.42785e-06       1e-06       1e-06    0.076134 0.000880816    0.212326       1e-06       1e-06     2.19968       1e-06     41.5967       1e-06   0.0730462 0.000236174       1e-06    0.292012       1e-06       1e-06     12.3866      6.5921    0.203739       1e-06
    4.50157   0.0378605  0.00267243     4.10366  0.00861715    0.110868 1.11942e-06       1e-06       1e-06       1e-06     45.0673 1.70318e-05       1e-06       1e-06 8.33584e-05    0.357333     20.3068       1e-06  0.00201898    0.616807   0.0827698     17.6673    0.107103   0.0867009       1e-06      0.1068     38.3206  0.00171111     17.6873       1e-06     6.73699    0.496698       1e-06    0.394378       1e-06       1e-06   0.0556002       1e-06    0.120922       1e-06
  0.0695426    0.100113     29.4716     68.1988    0.207968     12.8212     15.8107       1e-06  0.00922502       1e-06     72.1858  0.00145439     2.43008 2.49114e-05     27.5482     75.7083     106.007     3.54216     22.2526     8.50904     57.2019     16.0328     49.0496      25.167       1e-06     44.7307     81.1426     33.0062     25.2639       1e-06     82.6642     3.00613       1e-06      57.315    0.264503       1e-06  0.00378856       1e-06    0.449199  0.00237558
      6.725     1.86979     196.163     158.115     16.6699      180.63     155.531     6.96453     246.913 5.43665e-06     83.9872   0.0766128     243.794      102.49     103.543     133.391      134.61     723.532     131.642     21.1857     103.677     26.8166     103.021     129.768     20.8513     130.922     132.409     167.229     83.1077     18.4507     81.2358     31.0078   0.0340591       53.11     241.995   0.0815592     2.57389     23.0662     47.0238     118.197
    193.516     180.411      200.84     272.931     18.5134     233.525     203.227     419.979      247.54     363.679     141.962     274.419     473.818     285.481     150.225     235.997     274.566     844.766     165.048     44.0381     171.086     225.688     148.402     171.982     207.828     203.511     275.818     261.172     215.897     147.643       176.5      41.216     345.055      9.0068     218.048    0.101981     263.974     309.573     285.158     121.714
    129.697 0.000935682     176.613     39.7427    0.626062     90.2398   0.0415967     380.782  0.00199035 5.29286e-06    0.141655 0.000457039     68.9761     7.21681    0.400909     2.69105     5.37433    0.105812     0.77427  0.00472525   0.0116613   0.0216481   0.0108886    0.533963    0.676433     38.1943     7.75992     12.7085     113.831     161.851   0.0313595     2.38045  0.00869599   0.0318635     168.671    0.029094     204.806     374.901     5.12468     29.1645
    70.3914  0.00103479     28.2521     3.18096       1e-06     1.53459       1e-06       1e-06       1e-06       1e-06    0.312109       1e-06   0.0609848       1e-06       1e-06       1e-06       1e-06 4.20472e-05 0.000703374       1e-06       1e-06     0.36067 0.000864758  0.00983904       1e-06   0.0282105     4.02692       1e-06     72.2485       1e-06   0.0474575  0.00157217       1e-06 9.31864e-06     2.34345       1e-06     31.6389     1.07389    0.097006  0.00111094
    6.33146   0.0833613   0.0694631   0.0914394       1e-06    0.232269       1e-06       1e-06       1e-06       1e-06     12.0094 0.000854418       1e-06       1e-06 6.84745e-05    0.266631       1e-06       1e-06   0.0010995       1e-06       1e-06     12.7955   0.0175467   0.0747219       1e-06       1e-06     40.7716       1e-06     24.7909       1e-06     3.98354   0.0159072       1e-06    0.232929 2.75576e-05       1e-06   0.0263945       1e-06    0.745716       1e-06
    2.16008    0.174913 6.35642e-06   0.0164151       1e-06     23.5612       1e-06  0.00149053       1e-06       1e-06     20.7346  0.00236243     23.4592  0.00112851    0.462178     9.82654       1e-06     5.45198 5.10884e-05       1e-06       1e-06     10.7135   0.0585886     2.78487       1e-06       1e-06     42.2933       1e-06     25.4784       1e-06      8.6914  0.00222538       1e-06     6.76479       1e-06       1e-06      1.5135      2.0387      2.8606       1e-06
     5.2472     51.1352       1e-06   0.0174172       1e-06     111.808       1e-06     119.945       1e-06     105.939     77.5016     71.4655     189.371     155.146     10.5418     81.4215       1e-06     13.4716 4.15482e-06  0.00637485       1e-06     111.653   0.0254017      8.3133     72.7815       1e-06     95.5957       1e-06      51.587       1e-06     7.41194 0.000497742     107.686     1.61596       1e-06       1e-06     13.0725     53.4876     92.5023       1e-06
   0.745186  0.00412915     2.99733     2.30549 0.000350371     1.55273       1e-06       1e-06       1e-06       1e-06     5.87479 3.59493e-06 1.98267e-05 8.07284e-05 3.79458e-06    0.459774     1.93733  1.8136e-06 0.000186288    0.144287 0.000158256     1.95451  0.00222963   0.0260137       1e-06     1.74119     13.5498   0.0632079     49.7201       1e-06     0.15096   0.0117274       1e-06 1.49296e-05  0.00268648       1e-06   0.0017577       1e-06    0.036081       1e-06
    6.89314  0.00956999     13.5201     6.90321  0.00549499      6.3669   0.0439178       1e-06 7.28297e-05       1e-06     8.95289 4.11348e-05   0.0285832  0.00321643    0.799468     5.33508     9.88767  2.3211e-06    0.148029     1.51615     1.83174     2.16029    0.842334    0.188889       1e-06     9.50571      12.058     5.05333     26.3189       1e-06     1.68406   0.0953795       1e-06  0.00104451     1.13298       1e-06    0.396542       1e-06   0.0810515  0.00819026
    14.6579   0.0124716     22.3356     12.8443   0.0380613       17.54      5.9018  0.00594351     0.15658       1e-06     8.34435 0.000127081     2.44512    0.342027     11.5246     11.5975     11.5698  0.00160765     5.49331     2.22909     13.0814     1.47971     8.96222     7.33525 1.41596e-05     12.3881     12.6794      12.798     22.9556   0.0340775     7.55498    0.476761       1e-06   0.0435701     12.3239       1e-06     10.4679     1.25064    0.272877     1.63055
    20.9917   0.0658983     19.8416     18.1379    0.657078     26.5177     24.3511     1.80081     16.9812       1e-06     8.80584  0.00141759     21.8064      12.638     20.1291     13.6573     14.5156    0.507039     21.9961     4.14926     17.1664      1.5918     15.7344     20.8197    0.130732     13.4959     16.8943     16.4349     21.1644     4.99873     12.8614     3.93493 0.000434685     1.37295     31.2781   0.0150297     26.4328     19.6929     2.23256     21.6148
    21.1142     3.76333     25.6101     22.2747     44.9491     31.9806     20.4836     74.0514     65.5817    0.352333     13.7037     3.04195     60.1382     64.2758     16.4467     15.8031      21.054     93.9539     18.5877     23.7111     12.7052     6.68399     14.4691     19.0418     54.6033      15.008     24.8491     20.0981     25.8423     61.0918     13.6221     43.7541     2.04399     39.0427     30.7065     9.57095     31.0354     61.7729     62.1004     36.4815
    138.689     16.7506     64.1879     160.366     158.845     154.466     133.182     266.195     276.985      1.0361     48.8139     11.9181     369.325     304.072     86.4657     74.8199     158.288     358.385     143.847      220.89     93.9462     113.874     91.1823     128.596      176.74     78.7263     157.434     88.9811     82.7775     238.371     44.1196     160.305     7.22494     146.249     125.015     30.0659     214.141     394.625     261.383     143.685
    17.2855     4.20381     23.0736     22.6168     41.4636     28.8442     17.6265     65.9795     55.6436    0.411332     13.1972     4.30226     55.7914     63.5795     16.4785     14.3134     21.1307     89.4885     19.1011     23.6369     14.0482     6.18918     15.4114     17.3591     53.2079     17.6613     24.4551     18.9145       24.11     61.6377     15.2387     40.3276     2.32952     45.8091      28.821     8.30389        27.8     59.8674     71.6685      36.219
    16.1535    0.177926     18.3497     22.7375    0.675457      21.299     25.0007     1.69215      12.673       1e-06     8.44038   0.0026471     25.1381     8.33565     17.9723      12.639     14.1117    0.488569     24.0911     5.25626     17.2653     1.62812     17.1642     17.6877     0.14848     14.8727     14.8873     19.8284     18.3939      6.5439     13.3842     2.23622 0.000436393     2.21924     28.3192   0.0121245     23.0486     20.4204     3.00338     25.1407
    13.1968   0.0245919     16.2387      14.007   0.0340191     18.4732     5.74266  0.00588119   0.0862864       1e-06     7.96714 0.000236014       3.925    0.314397     10.3889     11.1377      12.307  0.00361261     5.84148      2.1023     14.6423     1.50015     9.21275     5.66812 1.97248e-05      11.867     10.3992     15.3047     19.7769   0.0649455     7.88281    0.527285       1e-06   0.0299522     12.4671       1e-06     7.96011       1.231    0.304848     2.94271
    5.91185  0.00894359     12.6861      8.4185  0.00579381     8.33644   0.0302628       1e-06 3.10273e-05       1e-06     8.40169 4.90176e-05   0.0664231  0.00306966    0.628829     6.65222     10.7868 1.63419e-05   0.0895287     1.27611     2.16943      2.1566    0.916707    0.152494       1e-06     6.55758     10.3196     5.31757      24.596 1.65305e-05      1.4174    0.129854       1e-06 9.18774e-05     2.09403       1e-06    0.224341       1e-06   0.0893008    0.061251
   0.540712  0.00412351     2.23265     3.06564 0.000194869     1.97813       1e-06       1e-06       1e-06       1e-06      5.7918  1.7285e-06 0.000106305       1e-06 2.05532e-06     1.00649     1.94851       1e-06  0.00032518   0.0835541 6.54523e-05     2.13494 0.000418181  0.00634566       1e-06     0.68588     8.72015   0.0505471     40.3007       1e-06   0.0406204   0.0146768       1e-06       1e-06    0.024325       1e-06   0.0006301       1e-06   0.0380907 9.31335e-05
    1.95251 1.02545e-05    0.998832    0.174274       1e-06  0.00405667       1e-06       1e-06       1e-06       1e-06   0.0295754       1e-06       1e-06       1e-06       1e-06       1e-06       1e-06       1e-06 0.000347024       1e-06       1e-06    0.319186   0.0030731  0.00198083       1e-06 0.000193928     3.08976       1e-06     45.0035       1e-06    0.224721  0.00629707       1e-06       1e-06 0.000286068       1e-06 2.73034e-05       1e-06   0.0219044       1e-06
    33.3158 8.67663e-05     22.6489     3.00866 4.08396e-06    0.816917       1e-06       1e-06       1e-06       1e-06    0.122221       1e-06  0.00553836 9.87335e-06       1e-06 0.000211808       1e-06 7.87168e-05  0.00129946       1e-06       1e-06    0.591555   0.0043374   0.0267163       1e-06   0.0351852     4.41081       1e-06     44.7417       1e-06    0.496992  0.00463267       1e-06   0.0125115    0.681186       1e-06     2.76908 2.79259e-06    0.068597  0.00104616
    41.4271 0.000434834     47.1687     7.56675 0.000330204     11.7107 5.39139e-05  0.00104303       1e-06       1e-06   0.0758797 1.08675e-06     2.96078   0.0428628 7.62163e-05  0.00472997  0.00823975   0.0221276   0.0211245       1e-06 1.79017e-06    0.104532  0.00198139    0.222105 4.20219e-05     2.37963     2.51351  0.00962567     43.5003    0.019412   0.0949756  0.00450633  1.7475e-05     0.38079     17.4764       1e-06     39.8241     6.56373    0.355757    0.180981
    48.6092 0.000595221     62.5145     22.6907    0.173485     51.6389   0.0338763     31.4952   0.0014069 1.29208e-05    0.166562 0.000216542     31.1079     2.43061    0.123875     1.45292     1.90158     1.16544     0.28488  0.00124418  0.00799268    0.013831  0.00920162    0.502684    0.168692     26.3149     4.21695     5.57274     51.0298     6.93004   0.0449162    0.487042  0.00519563    0.150961     75.7745  0.00625133      84.758     71.9647     2.71422     10.7458
    79.4557     3.66279     126.987     73.4808     82.7128     122.659     7.16243     619.037     7.35758    0.154564     3.65422     3.87553     212.932     139.329     25.6294      35.929     46.2759     1.87026     29.0737     14.7254      2.8586     3.48333     3.52729     15.0355     130.864     76.7967     37.8562     88.9696     58.5412     487.026     1.55599     103.381     2.88035    0.392741     171.293     13.7129     111.533     390.303     93.9398     161.748
    144.024     16.9209     128.235      199.33     157.868     181.076      194.52     627.515     365.588     0.31781     110.225     7.52617     447.215      377.85     134.337     203.126     252.773      959.39     155.968     133.765     152.756     97.3303     121.089      157.57     193.247     144.654     198.426     257.075     86.6122     401.159     107.263     174.964     8.53296     1.66002     234.297     19.4657     203.465     396.632     381.257      318.71
    30.9939     7.99953     130.739     112.502     106.575     115.642     82.0095     160.724     214.341    0.115751     46.4473     2.70512     218.324      314.82     60.8969     50.6608     95.5885     352.152     102.585      92.127     64.5422     23.7145     68.7258     78.8934     220.959     83.6468     87.2146     91.4364     67.3564     203.121     46.5326     154.077     5.52593     8.57871      228.48     12.6819     32.5224     132.233      282.59     219.992
    3.93002    0.746805     77.3885     69.6568     3.26202      78.308     71.8096     1.29323     69.2929 6.95962e-06      29.238   0.0346456     133.985     17.6104     50.2986     51.6947     54.3996     413.279     61.0789     6.78839     47.1853     4.45851      52.451     67.7011    0.170682     60.8125     52.1418     78.1853     45.4376     2.74131     37.4021     8.30272  0.00437064     21.2177     80.1684   0.0446177     2.97551     17.3882     7.23814     35.3016
    1.45617     0.19359     48.9001     62.6837    0.661174     34.6434     16.1143   0.0026971     0.07938       1e-06     30.0833  0.00311313     7.72121   0.0375937     21.9373     54.8889       48.83     1.62245     24.4919     3.65621     50.3488     4.34478     43.2025     28.2566       1e-06     48.7855     54.4797     36.1943      39.359  0.00010102     63.8956     3.57032 3.29802e-05     19.6774     2.76466       1e-06    0.361501    0.131151     2.23837    0.130542
    1.09453    0.148063     12.6536     32.7025    0.127069     2.27835    0.046457       1e-06 0.000287639       1e-06     36.7024   0.0015452  0.00335832 7.45907e-05    0.205767     15.7248     51.1046 1.40951e-06    0.374833      3.2746     3.11814      11.138     5.85314      1.3717       1e-06     11.6073     55.7902    0.994401     26.3802       1e-06     40.4207     1.82292       1e-06     8.16319   0.0051407       1e-06  0.00678824       1e-06     1.49009 0.000133735
   0.185499   0.0611485    0.316163     3.69239  0.00593235   0.0222347       1e-06       1e-06       1e-06       1e-06      18.002 0.000668711       1e-06       1e-06       1e-06   0.0963139     13.6132       1e-06  0.00185777    0.219998   0.0026894     6.25089    0.101231   0.0634307       1e-06   0.0172407     38.8361       1e-06     39.4445       1e-06     5.05955    0.532166       1e-06       1e-06 2.00692e-05       1e-06  0.00115591       1e-06    0.900482       1e-06