    324.725     4.90606     83.2521     184.771     552.821     173.075     49.5264     636.129       1e-06     183.627     5.89294  0.00102896     182.683      34.182     4.86925     196.693     19.9819     315.001   0.0480951     43.5119      240.77     89.4259     150.135     583.987     4.02014    0.700682     341.246      375.96     33.1751     124.281     121.905     187.286     580.081     157.918      245.57     208.637     278.318     212.489      296.09     195.835
    92.0225    0.576769     11.8948     111.841     76.0023     81.0253     10.7272     23.5256       1e-06     47.6415     2.94697 0.000619999     69.0554     15.5476      1.8759     27.0158    0.994506     302.748    0.021896     4.41158     206.862     150.499     29.9036     453.839    0.155773    0.301433     4.23779     343.718     8.19529      117.39     72.1422     36.4681     247.017      47.456     139.359      30.571     451.849     84.6501      119.77     98.5807
     62.676    0.769959     19.2338     101.878     62.7653     84.1129     10.8666     38.1935       1e-06     37.9159      2.2221 0.000927451     49.7989     20.9985      3.1958     48.5143     60.9703     102.314   0.0272912     6.54509     237.741     224.111     20.2847     183.171      11.964    0.443625       68.85     132.535     7.33802      95.172     329.373     39.0099     236.497      42.345     129.784     36.6319     256.543     120.794     157.366     64.9346
    91.4189    0.869769      13.368       87.72     47.8221     92.1317      8.8226     53.0367       1e-06     35.5877     2.30429 0.000919604     41.4792     16.4774     1.32673     32.4617     26.0062     117.016   0.0289038     4.67608     120.931     70.8702     23.3794     203.132     5.15757    0.308155     24.9287     104.664     7.00544     41.1586     168.367     27.8277     180.313     42.9499     70.6087     33.8368     123.658     61.0176     97.6293     47.9997
    6.24832    0.126441     2.30528     5.15214      9.5724     10.3953      1.1257     13.2473       1e-06     4.58932    0.287833 0.000135643     5.13891     2.19206    0.286155     44.8175      59.879     27.3088  0.00508436    0.925569     17.5504     20.1042     2.25905     206.446     11.7798   0.0783878     56.8014     21.8209    0.612651     4.06604     19.0972     5.12402     102.039     16.2684     7.95988     26.3506     184.222     41.4696     36.8646     6.93606
    10.7741     0.10783     1.54238     15.0237     5.91536     11.4668    0.904762     5.87003       1e-06     4.90753    0.490625 0.000147388     2.94782     2.22039    0.319705     4.41205     1.99721     25.7425   0.0047778    0.716207     76.9403     14.7018     2.55006     47.6414    0.369848   0.0503419     2.12114     29.0106    0.658358     33.8349     17.0357      3.0562     30.6865     6.50413     15.7135     5.13502     114.821       34.26     24.4014     13.5392
    7.25565   0.0930582     1.30741      11.144     5.23899     17.8818    0.830896     4.42273       1e-06     3.44129    0.420961 0.000118551     4.54295     2.82773     0.16739     2.92283    0.622915     20.1954  0.00297815    0.498638     86.1171     8.65253     2.40724     41.2329    0.127988   0.0313007      2.6973     21.2463    0.684725     36.0787     35.6693     2.13434      24.093     7.59674      10.214     6.01937     107.166     21.0748     15.0197      7.7538
    8.67218    0.191708     3.44848     8.91158     9.48034     4.12985     1.51913      4.0479       1e-06     19.7623      0.4573  0.00030236     9.55664     3.05493     3.29792     2.10232   0.0156385      58.846  0.00501637     1.31977     43.4519     5.21691     14.6727     54.1392  0.00887664   0.0959239    0.749227     81.5283     1.02719     25.5243     20.2818     3.43466     24.0514     7.04216     9.37531     2.75247     54.8139     30.6734     29.5728     19.7143
    1.64143   0.0255283    0.472954     3.10772     1.96633       1.902     0.37424     12.3664       1e-06    0.891356   0.0503778 2.87732e-05     2.59679    0.470961   0.0786795     4.04058     6.19133     17.9222 0.000973526    0.150691     19.9352     9.39451    0.508348     45.4841    0.758974   0.0131256     5.90173     5.21029     0.50716     10.5593      5.1192    0.946799     33.9206      5.8588     1.58892     18.7944     75.0495     37.2782     9.75677     1.22411
   0.444191   0.0105834     0.13384    0.681781    0.611382     0.70308   0.0885038     3.56536       1e-06    0.275184   0.0212495 3.60016e-05    0.739023    0.134361   0.0212218     10.1624     28.6325     3.50988  0.00133612   0.0520449     4.09847     2.28125    0.129848     82.5392     3.43637   0.0154888     16.7988      1.8726     0.12856     1.36057     5.03651    0.338828     97.6843     1.30981    0.535118     8.26406     54.6669      11.745     2.65783    0.520744
   0.763914   0.0084078    0.112356      1.8689     1.17476    0.536638    0.202117     4.57964       1e-06     0.32884  0.00893102  4.9227e-06    0.974573   0.0734458  0.00819049    0.416043    0.500477     7.98188 0.000219333   0.0506332     8.07511     7.84751    0.126195     15.5849   0.0696293  0.00225117    0.548495     2.78507    0.213592     3.49818     2.77765    0.293254     2.42132     3.27541    0.768487     10.2376     56.4331     21.6915      11.144    0.379956
   0.549303   0.0138431    0.229375    0.612689     2.20236    0.250965    0.175694     1.36013       1e-06     1.25722   0.0322904 2.28706e-05     1.96306    0.191267    0.237814    0.138146  0.00174862     26.5935  0.00037633   0.0853546     14.3035    0.421267    0.974399     9.65993 0.000750584  0.00716786    0.055466     7.71744     0.27272     7.81988     1.35863    0.269219     1.50961     3.18508    0.731621     1.24292      41.866     9.41389     4.58988     1.24912
   0.783489   0.0101592    0.121676     1.24469    0.470417     1.08645   0.0913694    0.742757       1e-06    0.372754   0.0398784 1.50846e-05    0.412523    0.172343   0.0256984     0.30565    0.727713      3.9136 0.000490115   0.0504245     20.9125     1.02342    0.179683     4.87207   0.0796616  0.00509863    0.370183     2.11481   0.0958728     3.56336     3.11347     0.22156      2.1429    0.742818    0.940645     3.17947     28.3414     2.60674     2.05223    0.921858
   0.164789  0.00261205   0.0404232    0.365726    0.395218     0.81573   0.0385949    0.802295       1e-06    0.152129   0.0161485  4.4942e-06    0.489721    0.120882  0.00892089    0.139892    0.384275     5.88329 0.000145869   0.0150002     9.16699      1.3965   0.0629052       4.405   0.0422134  0.00173922    0.214751     1.24028   0.0665009     2.93622     1.95496   0.0943682     1.19747     1.01686    0.753169     2.68377     39.0027     3.62221     2.06279    0.304708
  0.0514688 0.000709001   0.0072137   0.0765173    0.034736    0.166354  0.00657959   0.0968588       1e-06    0.024144  0.00251357       1e-06   0.0361512   0.0258107  0.00130973   0.0278423   0.0664658     1.22326 2.77179e-05  0.00325958     36.7123    0.084051   0.0115738     2.41217   0.0078959 0.000303406   0.0377739     0.87533  0.00729117      5.2245     2.62377   0.0168251    0.302685   0.0662287    0.657415    0.448382     22.7847    0.443996    0.188627    0.124795
  0.0299962 0.000497412   0.0049642   0.0525154   0.0317204   0.0742671  0.00492119   0.0940503       1e-06   0.0146957  0.00202109       1e-06    0.027927  0.00967177 0.000990708    0.114655    0.100862    0.345667 1.12035e-05  0.00198737     1.44643    0.166241   0.0103859     9.55042   0.0185967 0.000140896    0.106239    0.156671  0.00513493    0.372575    0.286208   0.0101018    0.324089   0.0851587   0.0497176    0.409598     28.5485    0.511304    0.261377   0.0340383
   0.021472 0.000425212  0.00812504   0.0322867    0.156057   0.0108152   0.0115024    0.390917       1e-06   0.0491107  0.00103873       1e-06    0.171843  0.00664174  0.00661048  0.00618377 0.000153944     3.35741 1.16044e-05  0.00275001     2.29193   0.0248158   0.0301164     1.12401 4.85152e-05 0.000219117   0.0043476    0.450178   0.0237379    0.826711    0.104351   0.0149696    0.061504    0.377548   0.0611708     0.88236     29.2781     1.18085    0.363361    0.061424
  0.0145549 0.000317187  0.00583105    0.020252    0.131967  0.00740713  0.00924652    0.489511       1e-06   0.0322153 0.000685714       1e-06    0.136027   0.0041719  0.00427945   0.0067763  0.00327636     2.85599 7.35527e-06  0.00205914     1.91663    0.024548   0.0204538     1.12995 0.000417689 0.000135519  0.00608623    0.343309   0.0192081    0.555483   0.0781133   0.0129103   0.0536698    0.332204   0.0357773     2.13412     22.2863     1.92463    0.410811   0.0359925
  0.0121985 0.000330502  0.00192769    0.024775    0.108595  0.00528927  0.00273295     1.09967       1e-06  0.00752929 0.000255368       1e-06   0.0351685  0.00125976 0.000661001   0.0182493   0.0290167      1.5695 4.48492e-06  0.00153792    0.721554    0.114212  0.00435049     1.97038  0.00370432   8.233e-05   0.0219067    0.105812  0.00428833    0.152906   0.0324719  0.00602654   0.0900766     0.16257  0.00962748     2.44815     17.7532     4.88745    0.842561  0.00990805
 0.00317478 7.62554e-05 0.000875304  0.00673638   0.0234989   0.0109127  0.00145047    0.468621       1e-06  0.00245957 0.000279618       1e-06    0.015288   0.0012361 0.000130623  0.00503733  0.00291069    0.198987 1.95275e-06 0.000614797     1.01476   0.0499027  0.00165336    0.709931 0.000350129 2.70954e-05   0.0407403   0.0372153  0.00299877   0.0662145   0.0314495  0.00288235   0.0191424   0.0547856  0.00813386     4.21141     11.2528     3.14348    0.322097  0.00574675