      1e-06     80.0904     67.6861     51.9038     12.4328    0.170204     44.7532       1e-06       1e-06     84.4543
      1e-06     7.50696       1e-06   0.0046048    0.188016   0.0138865     18.5274 1.31277e-06       1e-06     2.85099
  0.0125827   0.0189247       1e-06     0.12036      29.088   0.0438048     19.1374     1.25268       1e-06       1e-06
    60.5201     5.63482       1e-06    0.716494     99.9817     51.6337     51.5698     81.2171  0.00611979       1e-06
    212.447     321.436     10.2654     25.7663     196.446     176.251     155.373     202.712     213.549     80.2476
     364.35     347.884     238.001     217.326     345.732     237.201     273.639     344.518     216.876     411.744
   0.586963     263.644    0.590979     2.01032    0.796824    0.291289     179.448     39.7028     98.8523     378.253
      1e-06     17.3113       1e-06  0.00351182    0.203014 0.000692302     56.4315   0.0170683       1e-06    0.620339
      1e-06   0.0239607       1e-06    0.140308     8.62369   0.0121663     26.6821       1e-06       1e-06       1e-06
      1e-06     10.0149       1e-06    0.501381     16.6156    0.973696     27.2224       1e-06       1e-06    0.840981
      1e-06     74.5194     74.1184      81.518     81.6203      4.8794     58.8346       1e-06       1e-06     99.4409
0.000596002   0.0582798       1e-06  0.00796069     3.12784  0.00180991     23.2607    0.809424       1e-06       1e-06
     1.2879     1.88204       1e-06    0.032171      7.7953    0.730885     16.8685     8.08557 0.000147047 8.10264e-05
    11.7433     13.6845 2.66499e-05    0.141109      10.713     10.0944     17.7428     14.2988    0.235999    0.772814
    26.7878     30.9621    0.119805      1.8012     17.7283     23.8063     19.7045     19.5652     14.0241     15.9376
    29.7112     39.3902     56.9295     61.1114     29.2021     23.1642     26.7501     25.5037     67.2352     72.2941
    327.661     343.097     203.444     262.627     291.609     236.493     144.901     193.969     311.771     397.639
    28.6523     36.4929     53.2503     59.5969     29.1236     24.9293     23.9492     25.4661     62.6321     68.9262
    27.9813     27.2262     0.12047     1.57488     16.5487     23.5915      17.806     21.0397     13.1902     15.6999
    13.0882     12.3067 2.90741e-05    0.157553     10.1935     9.33555     16.0841     14.5761    0.268704    0.732643
    1.33536     2.30011       1e-06   0.0316015      7.7316    0.636893     16.0268       7.546  0.00048108 0.000281424
0.000704026   0.0609409       1e-06  0.00682318     3.05874 0.000716285     18.2357     0.60609       1e-06       1e-06
      1e-06  0.00261128       1e-06  0.00243709   0.0772747 0.000712455     16.0963 4.08081e-05       1e-06       1e-06
      1e-06     1.82958       1e-06  0.00278339    0.313989   0.0024351     29.7317   0.0184088 1.42811e-06 0.000138157
0.000351744     29.4047 5.99383e-05   0.0106401    0.220348   0.0105144     47.6148     1.49598  0.00836518     3.71133
   0.184487     96.1799     0.13791     0.61579    0.576586    0.134689     70.5447     22.7526     4.12397     66.7809
     29.289      222.45     88.6505     74.4774     12.8642      17.949      110.91     115.411     375.626     524.802
    365.127     281.724     250.152     298.113     394.156     194.832     161.208     300.746     434.715     604.526
    120.756     216.016     166.238     183.236     90.2875     95.6067     106.344     126.698     339.899     267.187
    88.2101     145.805    0.114794     4.53224     68.2518     83.6014     65.3967     82.6301     45.4471     16.8865
    54.7275     13.3805 1.53191e-05     1.23666     61.0337     47.0251     56.6707     59.9986   0.0493191   0.0988696
     1.6698    0.196853       1e-06    0.639217     46.3439     3.54137     40.1786     20.9615 0.000365763 1.40087e-06
0.000133692  0.00414339       1e-06    0.222061     14.6798   0.0280575     28.1425    0.555796       1e-06       1e-06