    17.6814       1e-06     17.3434     73.6652     53.5525       1e-06     49.4916       1e-06     60.2973       1e-06
0.000153619       1e-06   0.0377676     1.09342     10.0697       1e-06       1e-06       1e-06       1e-06       1e-06
 0.00137367       1e-06     8.00888       1e-06     9.65014       1e-06       1e-06       1e-06       1e-06    0.188028
    3.73732    0.263536     72.7459 0.000339578     42.4139     8.57286       1e-06       1e-06       1e-06     43.7101
    401.025       262.7     300.237     122.831     203.268     295.262 6.68896e-05     38.3055     10.3366     249.421
     405.39     264.946      420.68     308.426     303.917     303.701     194.429     37.4749     209.457     318.115
  0.0737082    0.267802     2.14209     265.731     209.081     28.4717 1.00538e-05     0.39868     64.7961     62.5987
      1e-06       1e-06  0.00183973     2.33597     32.8812       1e-06       1e-06       1e-06       1e-06    0.153787
5.93437e-05       1e-06    0.321214       1e-06     5.08955       1e-06       1e-06       1e-06       1e-06       1e-06
   0.178321       1e-06     4.39477    0.184168     17.8177       1e-06       1e-06       1e-06       1e-06       1e-06
    108.473       1e-06     90.6581     50.0288     63.7742       1e-06     57.1623       1e-06     71.4102       1e-06
      1e-06       1e-06   0.0758415       1e-06     10.9144       1e-06       1e-06       1e-06       1e-06   0.0411173
0.000944912       1e-06     3.48547   0.0043338     11.3175   0.0711467       1e-06       1e-06       1e-06     3.18528
   0.612318   0.0565208     10.4542     2.23022     15.6734     4.75405       1e-06       1e-06 8.78908e-05     13.5758
    17.9766     13.5311     20.3807     25.2413     21.3921     24.6267       1e-06    0.108752    0.619703     23.2734
    92.5419     54.2751     42.8868     59.5377     31.1394     46.3763    0.498468     58.5967     63.6235     32.8199
     614.75     318.418     410.786     405.968     217.907     378.391     1.60296     210.044     239.983     289.403
    89.4944     54.9865     41.5521     55.4472     27.6222     46.4178    0.562169     56.5866     58.8775     32.9827
    16.7849     13.3712     20.1089     23.6732     20.3964     25.0829       1e-06   0.0849857    0.676967     22.4909
   0.573119   0.0587919     10.4268     2.06221     15.1915     4.97418       1e-06       1e-06 0.000127967     13.5817
0.000942328       1e-06     3.27647  0.00307198     10.5725   0.0950617       1e-06       1e-06       1e-06     3.19353
      1e-06       1e-06   0.0682241       1e-06     6.85545       1e-06       1e-06       1e-06       1e-06   0.0675988
      1e-06       1e-06 4.97599e-05       1e-06     1.97341       1e-06       1e-06       1e-06       1e-06       1e-06
      1e-06       1e-06  0.00281316 0.000650673     11.9372       1e-06       1e-06       1e-06       1e-06   0.0172701
6.15383e-06       1e-06   0.0165539     3.76277     31.8085   0.0037166       1e-06       1e-06 0.000167206     1.58828
  0.0143457   0.0226392     0.59104     67.7459     67.2581     4.29118       1e-06  0.00473758     1.52231     22.1055
    12.2203     41.8035      35.528     288.718     194.218     142.854    0.431298     59.6451     396.108     128.426
    682.798     334.013     531.776     372.676     244.507     408.723    0.717624     233.943     385.025     359.848
    400.177     230.688     152.178     287.469     158.237      226.61    0.292583     250.583      132.39     152.484
    92.9888     71.3094     109.823     14.8717     83.3592      90.776 1.43212e-05    0.221184    0.197445     93.5777
    4.64923    0.191972     50.9362   0.0139097     38.8681      11.552       1e-06       1e-06 2.36744e-05      41.556
  0.0340516       1e-06     22.8265       1e-06     21.1786   0.0212459       1e-06       1e-06       1e-06     5.30744
0.000133494       1e-06    0.582369       1e-06     2.47404       1e-06       1e-06       1e-06       1e-06  0.00275469