    48.1094  0.00295292      85.906     71.3943      1.3283     0.58377     77.4213       1e-06       1e-06    0.011622     74.7055    0.195058     40.2771       1e-06       1e-06     150.374   0.0020078     75.8337       1e-06    0.115994     1.35019 3.26907e-05     43.3947     91.9107     0.65984       1e-06     72.7295     151.411       1e-06       1e-06    0.289213      8.0676     48.5931       1e-06       1e-06    0.132979     70.2819     79.7984     10.0107     51.0892
0.000298467   0.0302913     13.3664 6.80713e-06    0.467503    0.441572     8.92214  0.00146868       1e-06   0.0227327     46.9403    0.195169    0.395516 0.000243115       1e-06     1.17195  0.00744758 0.000276505       1e-06   0.0818694    0.204764 0.000135282   0.0555403     12.6028    0.069584       1e-06       1e-06      22.952       1e-06       1e-06     1.38816   0.0263076  0.00443648       1e-06 2.43483e-05 0.000715473     15.3221       1e-06     3.30201 7.93936e-05
 0.00274704     7.75565 0.000223534       1e-06     7.91778       2.726    0.459345     21.3706   0.0119247     11.1912     38.5657     10.1286     30.3272    0.641851    0.007192       1e-06     2.71082       1e-06       1e-06    0.222434     49.1296    0.344887   0.0500704       1e-06       1e-06 2.54764e-05 2.10128e-06    0.101224    0.571418       1e-06     4.42727     2.44634    0.232583       1e-06    0.013828   0.0886889     7.10668       1e-06     62.6409       1e-06
  0.0274247       8.251     13.7677       1e-06     59.4958     15.0368     16.8948     112.414     41.6461     34.5911      25.202     100.342     18.6241     6.03615     37.9491       1e-06     71.3813       1e-06   0.0110229     31.7085       73.54      57.858    0.171991 3.37269e-05     1.75775     5.78577 0.000510538  0.00860768     66.0718       1e-06     164.715     86.6733     2.53203     1.53843     27.9747     37.7282    0.174338       1e-06     90.1204     0.37523
    0.62694     16.6348     308.411     20.8491     107.647     94.8101     149.284      125.09     188.871     36.3002     57.6498     130.741      28.975     25.0933     160.525    0.771861     137.829     89.2196     79.5697     79.0289      78.297     87.0763     219.147     39.8881     398.001     260.389     1.34821     3.42929      91.783      45.269     120.229     123.488     12.7889     265.375      255.59     82.2858      4.1542    0.011619      88.879      199.47
    174.508     55.9938     444.663     220.452     214.855     229.847     253.226     249.188      185.45      56.031     168.852     21.4269     184.521     49.8473     263.814     360.228     228.464     288.771     93.1129     89.4024     123.796     149.677     286.904     354.885     391.809     234.235     284.272     319.286     184.701     126.479     17.0128     225.252     253.452     283.193      346.84     97.9786     191.859     330.358     115.075     319.978
 0.00440485     2.88653     53.8023    0.887069     4.44052     108.016     46.3572     6.02738     137.369   0.0103015     72.1821      0.1515    0.228109    0.155864     11.6441     627.964     37.8872     2.35777     43.1971   0.0688591    0.114536     2.12087     3.19396     377.066       2.959     91.9381   0.0859014     239.435   0.0149277     125.519   0.0703084     2.41198 0.000570931  0.00933303    0.199974    0.110795     137.941  0.00338796     8.21404    0.277141
0.000698443  0.00416111    0.226996       1e-06     5.23355     124.135     1.55205 1.77257e-06     9.37392    0.380682     48.5982   0.0234069     1.30515       1e-06       1e-06 0.000356331     2.17905       1e-06  0.00158421   0.0122247    0.300846  0.00356158   0.0161921     4.79648 1.40114e-05    0.283563       1e-06     33.2554       1e-06       1e-06  0.00128956  0.00010623   0.0379339       1e-06  0.00130031       1e-06     62.9174       1e-06     6.29322       1e-06
   0.049602    0.159519 0.000103279       1e-06     2.95476     31.0848     1.69494       1e-06  0.00513423     5.56866      36.897     4.32487     23.8846       1e-06       1e-06       1e-06   0.0678813       1e-06       1e-06   0.0869335     19.3707  0.00174246    0.151763       1e-06       1e-06 1.44248e-05 0.000108126   0.0735054       1e-06       1e-06    0.373812    0.524672     4.67308       1e-06  0.00171154   0.0196668     10.6691       1e-06     64.4752       1e-06
  0.0599454   0.0684323     35.1517       1e-06     1.13206    0.350426     43.4479       1e-06  4.1211e-06     1.12926     28.7613     15.6439     12.4376       1e-06       1e-06    0.947366  0.00712981 0.000430845       1e-06     2.77063     26.8221 0.000378274    0.346317     5.23527   0.0179239       1e-06 0.000921132     2.00402       1e-06       1e-06     13.5367      16.648     4.95984       1e-06 8.79782e-05     1.24809     3.66526       1e-06     49.1662    0.131721
    45.7633   0.0139623     79.0908     68.8977     3.84518    0.416015      122.66       1e-06       1e-06    0.691376     57.3793      17.559     98.1199       1e-06       1e-06     34.8006  0.00423075     136.165       1e-06     4.16247     75.5008 0.000160466     83.9024     52.2306     2.69594       1e-06     82.9383     14.4238       1e-06       1e-06      6.0285     90.5596     82.1842       1e-06 2.64177e-06     6.35589     5.62788     96.5501     76.8797     276.761
 0.00226314    0.964838   0.0125794       1e-06     1.24052     17.4431     21.4863     2.50908      3.8733    0.244747      68.955    0.243006     4.17303    0.103918    0.309398       1e-06     1.63529       1e-06 1.86967e-06    0.018112     9.34203    0.202737   0.0361495       1e-06 0.000129054   0.0593324       1e-06    0.005063 0.000932746       1e-06 1.73431e-06     2.53189    0.410055 2.31282e-06 0.000223243  0.00100003    0.870131       1e-06     21.2628   0.0131495
 0.00332992     1.18784    0.484801       1e-06     2.20329     19.8344     13.6103      11.055     13.6643     2.70084     30.7011      2.2001     2.56855    0.783506      8.2954       1e-06     8.02413 7.77428e-06   0.0269397     1.34733      8.2979     6.24135   0.0236152 0.000779451  0.00458408     2.78588 7.82678e-06    0.837353     3.14627 1.99671e-06 2.46522e-05     8.89886     0.45323   0.0251844   0.0847008     4.14603     6.14857       1e-06     14.0156     1.60293
 0.00408149     1.32699     7.04829 2.14093e-05     9.83091     28.5984     19.3846     11.8458     18.9166     8.67978     21.6212       10.87     1.76298     1.21215     13.7717   0.0170197     13.0865   0.0362791     2.93537     11.4633     7.85464     13.0138    0.161389     2.59525    0.363214     12.0896 0.000539115     12.3169     15.2366   0.0553275  0.00268404      12.553    0.495461     2.97931     7.42683     13.1633      12.046       1e-06     12.4745     7.96758
  0.0184324     2.08399     25.3802    0.131407      20.918      27.823     26.4821     14.5257     16.4331      9.5233      17.528     20.0324     1.91715     2.40082      14.305      4.0381     15.1431     3.68049     25.4151     13.3282     8.16919     13.9004     5.47589     20.9808     11.0583     22.7236    0.118178     33.5142     18.6322     6.64942    0.444923     13.3225    0.892349     30.8749     28.0837     12.8803     16.7272 0.000491361     12.6735     29.7662
      4.181     22.1294     42.4951     59.3263     23.5335     25.9122     32.9963     19.0061     24.7335     8.81229     24.0377     20.6312     9.74112     36.4725     18.8336     74.1444     17.5763     74.4665     34.6884     11.1504     11.5389      15.326     67.9248     52.6192     62.2523     25.3987      5.3268     40.0662     14.8859     62.6017     44.8762     17.0748      5.5272     41.2475     32.8431     10.5397     18.9926     3.09255     15.7001     46.7978
     16.375     102.885     343.342     194.001     107.225      58.072     233.396     108.195     53.7457     24.9865     110.362     101.724     131.625     144.325      60.077      295.34     80.5006     275.075     135.508     65.1207     28.9853     78.7251     270.678     330.552     331.947     88.7925     20.3536     267.006      93.398      209.23     125.084     60.4596     60.9404     194.016     258.869     59.1732     148.832     10.7841      67.334      405.33
    5.29995     23.2252     40.8532     55.5134     21.5913     23.5941     29.1517     18.0582     21.5363     7.93242     22.9178     23.7511     11.1373     28.8368     16.0053     76.8786     15.6243     69.5204     37.6255     12.4218     11.3774     15.0442     78.1065     49.0776     65.0774     22.8716     5.92492     35.6857     15.8801     58.5106     35.9569     14.9031     6.56742     31.6358     28.3074     10.6893     14.5799     3.29981     16.7801     44.9549
  0.0201533     1.82558     28.1249    0.129841     18.5466     24.1967     20.2465     13.7435     16.1219     10.4397      16.237     19.8036     2.01908     2.27718     17.0426     3.13199     19.0612      3.2111     28.3298       12.24      7.6735     14.2415      4.2973     19.9068     14.0367     22.9913    0.065562     26.5287     19.4925     7.42098    0.567103     11.8617      1.1672     22.0941     30.0927     11.3165     13.5036 0.000715662     12.9277      34.882
 0.00427062    0.966033     8.90319 3.54029e-05     9.18358     24.4034     18.9936     12.8381     15.3545     10.1685     17.2419      10.312     1.69521     1.01377     16.3684   0.0046599     15.1582   0.0473457     5.80508     9.87801      7.2923     12.4166    0.100419     2.74558    0.330121     14.7221 0.000346014     9.87514     16.3324    0.108818  0.00585658     11.9394    0.549934     1.83235     7.18323     10.0629     10.3665       1e-06     12.4742     16.3494
 0.00291282    0.849046    0.484548       1e-06      2.4613      24.355     11.0455      11.582      12.841     2.37393     24.6141     2.01801     2.44754    0.563705     9.15692       1e-06     8.27126 3.30701e-05    0.206016      1.0255     7.57376     5.90556   0.0210141  0.00160247 0.000324795     3.72024 1.48341e-05    0.527279     2.96326 6.54909e-05 7.04922e-05     10.0165    0.470018   0.0054732   0.0880215     2.77956     4.39289       1e-06     12.9842     3.65886
 0.00196492    0.384419  0.00617743       1e-06     1.54751     17.7804      5.8115     2.94508     2.42672   0.0628669      59.351    0.119858     4.28762   0.0618672    0.317045       1e-06     2.40576       1e-06 0.000392492  0.00462963     8.90226    0.291897   0.0218704       1e-06       1e-06    0.101117       1e-06  0.00346184 0.000838371       1e-06       1e-06     3.59808    0.338732       1e-06 0.000299925 0.000952947     0.30489       1e-06     15.0066    0.152584
2.21511e-05    0.174415 9.46273e-06       1e-06     2.51424     45.8147   0.0213863       1e-06    0.501455    0.637315     46.1604   0.0469301    0.721916       1e-06       1e-06       1e-06    0.167002       1e-06       1e-06  0.00825715   0.0761581  0.00144503   0.0258705       1e-06 9.42266e-06 0.000228837       1e-06  0.00145629       1e-06       1e-06       1e-06       1e-06 5.24532e-06       1e-06  0.00131957       1e-06     3.63535       1e-06     4.64265       1e-06
6.19015e-05    0.152605   0.0716602       1e-06      2.0361     60.2411     1.16366       1e-06     11.8817     1.04034     46.2851    0.360987     1.98062       1e-06       1e-06       1e-06     2.95207       1e-06  0.00512429   0.0276188    0.279776   0.0111704   0.0181978   0.0217117 0.000126992    0.250742       1e-06     6.50096       1e-06       1e-06   0.0140186  0.00118902 0.000876353       1e-06  0.00177132  4.5892e-06     34.7346       1e-06     8.29036       1e-06
 0.00021423   0.0304222     6.63327 9.89798e-05     1.66442     50.9462     10.1727   0.0165694     37.0504   0.0511148     38.9865    0.268896    0.380898 3.74562e-05  0.00774651   0.0151591      7.4343   0.0185739     0.58148   0.0926586    0.104344    0.231743   0.0816835     17.9901   0.0294547     7.06045       1e-06     59.1581 6.39866e-06   0.0226257    0.348708   0.0182211  0.00269545 2.39854e-05  0.00642547 0.000506334     37.3028 1.70464e-06     3.48047 0.000144067
 0.00204446    0.153436     43.6533    0.227899     1.82766     61.8371     28.6964     2.18059     52.1786   0.0110448     43.9947    0.217422    0.197891   0.0642698     5.17495     188.699     24.6636     1.37608     24.1336   0.0989883    0.148303     1.63547     1.02573     84.0021     1.52445     54.9954   0.0467353     98.5719   0.0152023     5.58651    0.958095     1.59096  0.00090187  0.00732642    0.121408    0.063513     52.5248  0.00193677     4.32296    0.088356
    8.12675     84.4129     150.526     160.439     23.9681     64.8458     104.502     51.6554     107.464     1.48941     50.8576     1.07552     6.77166      52.426     84.5895     284.962     68.1504     112.959     171.584     4.50869     2.00494     29.5324     116.703     361.252     66.2854     141.189     6.06454     159.877     2.61822     369.515    0.396257     38.5934     3.92865      10.372     25.9457     9.30367     69.4916     2.30364     15.7489     43.0354
    16.4237     128.428     304.227      265.77     116.504     97.6769     219.345     191.463     104.122     47.2283     93.4922     4.39707     141.809     144.431     259.487     398.465     132.952     370.928     297.645     102.876     91.8511     133.055     426.829     444.574     501.005     193.704     17.3251     269.523     158.261     353.546     2.97093      171.16     48.1095     315.421     329.143     95.1575     144.925      4.9261     75.6599     403.893
    4.34113     49.4778     148.566     207.773     108.533     71.0799     97.2924     86.1004     118.021     32.3843     51.3645     29.9099     44.5613     93.3541     89.8158     34.9441     94.1483     291.093     192.281     41.8257     41.5693      72.588     394.064      169.17     318.646     154.312     11.1555     36.8906        60.2     292.747     49.0228     55.6868     13.8295     144.628     130.281     53.2073     21.8808     2.84382     41.1836     233.961
   0.268615     4.64461     143.953      0.1706     69.9868     44.8693     80.1526     52.7365      77.244     13.5538     37.5218     47.3533      6.3697     7.10581     80.1864     2.36791     63.4423     9.41195     31.4877     33.3553     23.8002     40.9423     34.2583     30.2687     137.003     101.642    0.950898     4.28398       47.89     4.15545     75.2918      42.749      2.7082     103.596      96.799     37.5842     3.86713  0.00305109     27.9632     52.2979
   0.061148     4.40743     25.0706       1e-06      53.959     29.3621     47.7428     50.6246     62.4858     20.7537     38.0708     36.4693     5.86689     3.36351     35.3239  0.00234436     63.5894   0.0107915    0.217198     21.2744     25.7464     43.3483    0.453696      1.6611     3.17009     15.4174   0.0297726    0.801531      50.181 0.000133327     89.6081     53.9228     2.07575     2.24996     26.4884      27.103     2.50644 6.62985e-06     38.1246     1.66204
  0.0378281     6.48387    0.145116       1e-06     21.4126     27.0215     7.85378     58.2167     15.2816     17.4113     37.3547     66.0868     14.6683      2.9825     1.42654       1e-06     31.5468       1e-06 0.000238462     3.63089     35.0018     12.1651    0.241421 2.00095e-05   0.0174112    0.302779 0.000521864   0.0300165     5.48811       1e-06     43.7742     25.5234     2.91401   0.0134449    0.959434     2.43527     2.92141       1e-06     47.5981   0.0334693
  0.0261455     4.84574       1e-06       1e-06      10.444     58.0279    0.352136     20.3983    0.965548     6.65815     39.9712     13.3916     11.2243    0.532253       1e-06       1e-06      3.3933       1e-06       1e-06    0.173212     27.8074    0.201098    0.403278       1e-06       1e-06 0.000470516 0.000124057   0.0106166 0.000289853       1e-06 2.78603e-06     1.19662     3.01181  1.8072e-06   0.0115026 4.71629e-05     1.78004       1e-06      51.928       1e-06