    387.252     189.677     134.932      134.45     75.9835     168.767     97.9514     436.608     295.634     566.867     334.191     456.422     92.5657      48.292     5.03902     205.626     483.312     485.398     147.891     110.413    0.459345      38.009     18.2863     360.852     407.942     72.3835     324.221     112.885     130.889      173.46     154.792      145.91     407.965     50.2616     99.6412      73.819     313.066     884.334     107.192     454.474
    45.8087     32.2349     10.8014     19.1835     5.59741     28.1848     7.05698     154.659     11.5628     136.776     161.407     312.769     2.61127     6.28001     1.46251     231.634     352.364     118.736     92.7874     199.521   0.0711627     5.16754     92.5351     74.4402     31.0463     48.4289     50.5957     37.8802     158.336     183.167     184.877     36.3868      35.005      7.1392     42.4568     135.178     10.0179     55.7268     201.536     29.9473
    147.147     72.5925     22.7663     25.0331     33.1107     50.0243     23.1825     145.841     16.1495     209.239     242.179     158.057     15.4038     57.3953      3.9576     56.1648      195.73     133.643     186.688     268.321    0.250244     15.5068     60.6893     89.8698     60.9896     127.214     91.2363     78.5838     72.9441      97.235     67.1042     71.2296     95.3591     23.3797     56.3467     65.3424     67.4417     224.256     93.4949     58.2124
    180.157     72.9616      16.952      9.5236     3.25084     60.4578      18.727     78.5603     14.4323     71.6624     246.376     254.583     7.51318     3.28066     1.49003      89.681     86.0694     97.1546     138.682     224.394   0.0891153     15.7678     219.602     83.1246     88.3646     87.6837     34.9932     40.5955     45.3337     108.453     68.2101     31.9252     34.5008     17.1438     45.4709     57.9137     17.9421     100.457     76.0511     38.3522
    15.6852     20.6377     10.5972     3.38718     22.6605     15.4022       6.921     18.6008     3.89499     103.771     251.665     70.3383     3.40952     42.7266    0.742794     24.9158       68.53     67.8651     53.3087     14.4507    0.106889     4.79867     79.5144     17.0887     14.5388     22.4055      61.526     34.3712     22.5235     10.9839     7.85368     53.1683     23.8903     8.95019     88.2128     21.6097      34.021     133.211     85.2544     37.4685
    14.0951     12.9433     3.28191     6.40459      2.4891     10.5669     5.49093     35.2717     5.26384     52.8155     37.1364      116.01     1.02553     2.39595    0.662741     31.1804     87.0897     25.1732     17.1539     84.4996    0.038508     3.70413     179.667     15.4003     9.06346     39.5463     10.8052     17.8242      41.323     61.7754     23.6434      15.899     12.3955     3.50294     24.0171     53.7007     5.09209     28.7297     77.2578     12.8275
    43.4838     17.8837     11.4418      3.6177     6.45043     13.0377     10.6513      28.275     4.01762     50.7728     54.1632     73.9529     3.98061     10.9107    0.814572     27.5021     51.4617     67.7864     31.9523     46.3376   0.0669488      3.5585      33.667     19.3584     14.7105     21.3571     15.7645     11.4977     28.9557     38.3221     19.5417     21.7971     25.9392     2.92875     14.4928     20.5521     15.3037     45.9219     74.6692     25.3473
    32.8886     13.5795     3.79538     2.96329    0.891751     14.0964     6.54263     29.6246     4.83156     9.70151     33.7143     37.3985     1.64135    0.918638    0.505485     27.9299     55.9223     17.4792     15.7866      35.838   0.0170306     6.71432     154.184     13.0915      20.928     47.1838     10.0837     20.7857     24.7602      37.927     29.4325     16.8718     6.39326     4.26444     63.2072     57.4494     3.35273     20.1874     65.5314     12.4039
    22.2451     22.9692     5.95475     3.42577    0.614644     35.7075     14.4793     27.1278     4.26647     18.0697     55.4165     49.4189     1.78312    0.270623    0.402533     52.9363     111.542     61.5021     54.0462     8.68045    0.011761     2.25956     9.67915     39.5559     15.3506     42.5295     6.41957     34.5888     42.0934     32.8259       30.98     3.91911     7.72799     6.06352     58.9246     64.9773     2.82373     17.8611     51.2162     27.9321
    6.97317     4.66721     1.54513    0.382143     9.03364     4.05949     1.30113     4.01877     1.19864     27.4467     107.275     43.4329    0.629152     19.9539    0.115949     5.33193     26.0935     14.4983     11.2829     5.81361   0.0174688     1.91388     19.8528     1.69718     3.59996     9.98493     11.2363     11.0445     11.0692     5.15158     5.67986     23.3675     2.50404     1.69099     19.9245     8.22626     29.9883      23.176     98.6799     27.3418
    4.59763      4.3017    0.552742    0.806121     3.13058     3.91639     1.06227     5.85777     1.75853     13.3077      53.249     49.3956    0.326085     9.54659    0.115273      5.6585     27.9076     8.44431     7.23598     45.2641  0.00824733     1.84667      17.919     2.20963     2.52552     7.19426     12.0259     7.69634     9.77678     13.5759     17.5306     5.50494     1.49939     1.71718     19.8557     40.4602     4.63563     18.4653     61.9145     12.6817
    7.72549     5.96845     1.49184    0.488388    0.402577     4.81732     2.17438     5.40876      6.5803     4.01205     14.7362     16.5967    0.465047     1.02757   0.0929921     5.00337     35.2726     7.64749     10.3093     5.42709  0.00584896     1.99421     75.2332      2.4354     2.41604     15.0155     16.4252     23.1276     7.02609     11.3403     4.37516     5.30839     2.32508     1.81692     70.7563     16.7963     6.35192     5.15636     110.448     21.8294
    1.82816     1.81942    0.546463    0.521959    0.555599     2.81742     1.28018     3.97902     1.38198       4.145     15.6247     25.6072    0.118793     1.41386   0.0451657     4.88004     33.9544     5.19818     4.82886     13.0901  0.00219629    0.621183     12.4723     2.26834     2.24511     4.91223     5.26604     5.83549     9.79978     18.1944     25.5225     2.61989    0.793101      1.2355      16.914     71.7972     1.40862     3.05833      51.347     9.46449
    8.96987     6.50888     2.13001      1.1824    0.217485     12.0138     5.88513     8.80118     1.26362     5.34633     16.9388     15.6599    0.580792    0.289365    0.153283      11.966     46.4029     18.3158      12.698      4.3872   0.0044554     1.91425     5.38123     11.2763     9.08813     10.4317     4.78781     12.0623     19.3384     8.27389     14.1297     2.19051      2.6592     6.37541     28.4275     37.7938    0.834403     4.78506     39.5314     9.32474
    5.69747      2.8503    0.885817    0.442533    0.155038     3.58774     2.63616     4.35943     1.40285     2.09824     12.2975     9.68857    0.295662    0.174602   0.0852755     5.05702     28.0592     3.67655     4.35469      5.7999  0.00296668     1.02366     1.87172     2.41484     7.08948     6.37738     7.62509     8.07445     8.37532     10.5171     9.38455     8.97892     1.20252     1.53992     21.3613     40.8784     3.20874     4.09013     87.2023      12.767
    1.80598     2.53384    0.352846     0.10436    0.715704     2.23323    0.735154    0.865238    0.964468     2.28588      61.423     3.34687   0.0825242     1.61403   0.0119694     1.23813     11.9701     3.85516     4.85375     1.75576   0.0013154    0.978499      10.804     0.36621     0.66134     16.3615     10.7437     8.60824     4.51307     1.82788     1.71973     14.3573     0.54497    0.686861     17.7129     6.07807     3.34059     3.57062     52.6273     9.34602
    1.27207     2.25894    0.336333     0.23088    0.677373     2.55122     0.28908     1.59882     1.21532      1.7835     46.4884     3.46759     0.15997     2.16928   0.0291986     1.15095     24.4287      2.4125     3.24222     1.56774  0.00196105     1.09195     6.30813    0.366149    0.745424     20.5291     7.45954     4.53831     6.06866     2.56997     1.00151     8.46536    0.546882    0.723881     12.0399     6.93725     1.72773     4.60508     31.7628     5.55378
    1.23724    0.891024    0.429063     0.17234     1.19291    0.682087    0.527438     1.53449    0.396382     4.63811     8.49223     16.4358   0.0723516     3.37457   0.0381565     1.56931     15.1734      1.6382     1.75176     2.04428  0.00304446    0.210789    0.872236    0.525122    0.624108     1.85062     3.03768      1.2525     1.81926     2.11995     5.42377    0.737198    0.494234    0.260926     5.52625     16.2121      1.5847     2.42033     60.4121     3.54637
    1.09917     1.05045    0.143462   0.0862841    0.101672     2.17485    0.289883    0.825016     2.32939    0.634118      8.1599     2.69717   0.0564411    0.252297   0.0148693     1.23873     11.1795     1.05064     2.46446     1.88224 0.000627118    0.276947     8.68046    0.332806    0.928301     5.87039     11.1194     6.10391     2.48615     1.58998     4.03628     2.58687    0.253869    0.541897     45.7585     17.3709     1.08637    0.555188     34.2438     4.64522
   0.974725     1.68398    0.223842    0.127232   0.0358383     1.90696    0.937459     1.11938      1.1257    0.696748     5.10306     5.20257   0.0507813   0.0228094     0.01298     2.42214     19.2123     2.03187     1.55607    0.654716 0.000410317    0.335334     1.01548     1.02206     1.22917     2.02924      11.057     3.45345     3.46396     2.87423     4.07688     1.26436    0.294307    0.613627     20.1074     21.5614     1.33567    0.791005     57.2439     10.5365