   0.328991       1e-06       1e-06     73.3581     94.7714     47.9453     78.4726     17.5964  0.00630874       1e-06
  0.0550224       1e-06       1e-06 1.06836e-05     6.03131  0.00121267      21.285    0.585162    0.013687       1e-06
   0.214102     1.94515       1e-06       1e-06       1e-06   0.0533631     21.9502     40.3375     4.84909  0.00758364
    55.9373     95.7189     0.26667       1e-06 5.55892e-05    0.463714     34.9236     119.904     83.2211     32.6293
    181.666     174.482     248.877     21.7494     91.8118      30.626      106.04     191.619     185.402     237.605
    266.774     373.257     243.204     256.114     472.158     214.234     272.536     310.367     345.494     260.852
   0.165651      1.4116     93.5637     1.05946     478.168     1.69382     220.826    0.860239     40.8107     99.7253
 0.00197611       1e-06 6.70699e-06       1e-06     2.06782  0.00166171     65.8493    0.716101      1.2472     1.24131
  0.0478003       1e-06       1e-06       1e-06       1e-06    0.140319      32.869     20.4072    0.124179 0.000109206
    1.71528       1e-06       1e-06       1e-06     2.66465    0.366569     27.4158     24.3912   0.0216288       1e-06
    5.63408       1e-06       1e-06     78.5567     94.6691     85.4545     55.2917     93.9473   0.0115553       1e-06
  0.0098089    0.319333       1e-06       1e-06       1e-06   0.0108696     27.6026     7.22725     1.63838     1.65194
    2.84136     6.58942   0.0109473       1e-06  0.00119314   0.0290929     18.2076     8.97761     7.17854     8.78873
    14.8782      14.812     1.62014 0.000225451     1.41176    0.132123     19.4367     12.1415     12.9912      16.854
    24.2019     22.1245     22.7076    0.348502     18.1662     1.64558     22.3742     19.0654     19.5321     21.5719
    24.3312     22.9372     59.9047      70.831     69.9593     63.8105     31.2348     29.3126     26.7986     25.3231
    275.062     268.823     310.755     261.984     398.496     287.445     195.174     336.473     268.965     119.902
    26.2967     22.7897     55.0539     68.0944     69.0184     67.7807     27.9809     28.9579     24.4193     24.1318
    24.2633     23.4867     20.6573    0.459615     17.8019     1.55792      19.403     17.6173     21.6045     21.3607
    13.4335      16.605     1.92593 0.000682218     1.56542    0.165707     17.4193      11.051     14.4311      15.468
    2.05552     7.02306   0.0206994       1e-06  0.00235092   0.0325268     16.8688     8.41489     7.79219     7.25059
 0.00555655    0.466736 1.01384e-05       1e-06       1e-06  0.00746393     21.1156     6.60416     1.76115    0.601455
   0.002637       1e-06       1e-06       1e-06       1e-06 0.000715084     19.8848    0.326538    0.288156  0.00184392
  0.0071318       1e-06 1.74679e-05       1e-06  0.00917922  0.00100851     36.8966     1.05654     1.56456     1.18554
  0.0421033  0.00147158   0.0114516  0.00037523     9.44129  0.00873314     49.8087    0.490373     4.55364     14.2856
   0.162162    0.453302     4.77277    0.370777     114.296    0.807056     84.5023    0.873987      18.273     50.5494
    14.3731     33.0866     310.982     123.469     494.419     67.1974     136.554     9.89103      97.035     136.165
    230.162     342.833     433.456     344.123     632.983     294.847      174.95     412.062     330.689     216.181
    100.203     100.474     306.798     222.837     266.403     185.676     95.2499     90.8209     123.114     137.083
    93.7954     77.3332     72.4151    0.286566     25.7951     3.27525     57.6612     71.0517     74.7717      93.255
    45.0047     63.9566    0.614504 4.42349e-05    0.882187    0.943266     45.8529     59.8635     62.0781     46.1506
    6.28803     21.4338  0.00695505       1e-06 3.34968e-05    0.410149      39.421     58.7778     26.2213     4.19757
  0.0977959    0.680614 4.90835e-06       1e-06       1e-06    0.195327     30.7415     27.6329     4.13051   0.0078937