      1e-06  0.00328083     6.50904      69.547     68.3115     44.6368       1e-06    0.169079    0.210414     105.926     71.7775    0.300558       1e-06       1e-06     99.1694     60.1298      54.171     100.843 0.000381988       1e-06
      1e-06  0.00786824    0.843246     7.34138     3.98822    0.109747       1e-06   0.0854846  0.00467885     19.4977       1e-06     1.43943       1e-06  0.00419339 0.000266321 0.000478091     27.1536     8.20854 0.000164215       1e-06
  0.0107887     2.28059     54.9991       1e-06   0.0810593     13.7159       1e-06     11.7636    0.297663     4.15934       1e-06      4.0762 1.10414e-05     19.7442       1e-06    0.013036     29.2153       1e-06  0.00745442   0.0722345
    35.4782     68.6293     87.7658   0.0966479     15.9766     13.6338       1e-06     91.0767     50.0272    0.135048       1e-06     187.634     3.10726     123.979       1e-06    0.108902      36.177       1e-06     20.4524      55.089
     219.17     136.182     119.468     151.097     245.562     26.7416     59.5673     77.3277     91.6933     7.19446     10.1308     122.151       285.4     155.581     70.5317     2.28832     93.0084     17.2526     270.609     202.961
    236.145     237.376      194.34     351.203     443.804     273.491      146.75     178.496     136.497     249.776     273.491     43.8404     310.528     399.282     286.159     206.257     255.143     402.568      342.89     343.853
    111.645     39.1988     2.34747     174.872     20.0361    0.155838     136.141   0.0432517    0.106832     172.557    0.188375   0.0681975   0.0711443     6.63079     21.4288   0.0436466     118.707     605.038    0.683705     3.39532
    2.23361     1.94107     2.76856     2.80026   0.0682351    0.336624  1.9441e-06   0.0939079  0.00122253     63.6895       1e-06  0.00126866       1e-06 1.75358e-06       1e-06  0.00103135     74.5631     2.63233  0.00132619       1e-06
0.000205734   0.0792527     38.0414       1e-06    0.137812     11.9912       1e-06     6.37712    0.041345     7.00167       1e-06    0.594732       1e-06       1e-06       1e-06   0.0874012     39.7565       1e-06 0.000985674       1e-06
      1e-06   0.0106381     32.6671    0.824944     28.7848     8.63737       1e-06     10.4758    0.900028     2.88049       1e-06     12.5872       1e-06       1e-06 0.000158925     0.15495     35.3771     5.19157 0.000254902       1e-06
      1e-06  0.00704025     89.5199     96.3557      123.13     103.563       1e-06     11.8999     5.61131     9.33465     81.8117     5.89021       1e-06       1e-06     110.995     53.6889     57.9464     68.8158 0.000360216       1e-06
    1.94798     1.79149     11.2542 2.54153e-05    0.397721     2.63406       1e-06    0.572864  0.00933155    0.729484       1e-06  7.8932e-06 1.79767e-05     2.52207       1e-06   0.0044363      43.554       1e-06 0.000836268    0.061682
    9.55341     8.73977      10.528    0.024158     3.52958     2.20929 1.13098e-05     3.73692     4.02777     6.38044       1e-06 5.47489e-05   0.0760781     11.2784 4.66481e-06  0.00841021     23.6272 3.35197e-06    0.157507     5.08337
    17.8384     13.5241     10.3734      3.2474     15.5899     1.75384   0.0926062     10.4107     13.8051     14.7409 1.59515e-06   0.0059096     4.71772     13.5994   0.0195612   0.0151581     22.0227     1.28039     6.89782     15.2908
    20.7663     15.4805     12.6495     24.0049     31.8865     2.04693     8.68043     12.9286     14.1522     23.3886   0.0180195    0.707018     32.1775     18.4364     2.90479    0.100661     20.8363     20.6926     26.7193     21.2792
    24.4152     19.9983     19.4858     50.5705     35.9272     10.9373     69.5637     13.5939     12.8183     26.8616     42.8663     52.7796     54.0922     22.5749     81.4233     5.99455     26.1758     62.1943     31.4533     20.6471
    87.8903     101.114     111.298     312.166     341.304     160.745     274.925      49.981     69.7751     179.451     146.784     156.284     368.214     288.186     312.778     28.5283     130.156     386.336     265.132     244.052
    24.1744     16.9102     19.7016     49.2666     38.6532     11.8909     66.7455     15.4306     12.9263     22.0142     38.3233     43.5371     46.4124     22.1526      75.771     7.96891     23.4849     62.5174     33.7721     21.7845
    19.5095     18.1645     12.3296     25.4179      25.808     2.12865     9.84621     12.7588     14.2312     19.2356   0.0205026    0.708026     27.2947     17.8549     2.49447    0.205219     18.4352      20.087     28.1606     23.8545
    15.3989     14.6051     10.0755     4.38686      12.099     1.70501    0.185257     10.3478     12.7445     13.2178 2.30309e-06  0.00916991     4.54399     15.2232   0.0201195    0.030991     19.7237     1.50754     7.08426     16.9848
    8.34953     9.13018     9.94321   0.0568979     3.29676      2.1581 0.000317259     3.65564     2.93038     4.73925       1e-06 7.20989e-05   0.0501572     12.8924 1.47451e-05  0.00911018     22.1043 1.05875e-05    0.134253     4.41709
    0.81334     2.37815     9.72308 0.000144993    0.297698     2.78209       1e-06     0.32273  0.00588898    0.313865       1e-06 2.90735e-06  8.3827e-06     2.90178       1e-06  0.00382757     33.3095       1e-06  0.00066365   0.0361043
 0.00600895    0.302019     1.04318       1e-06  0.00205444   0.0721254       1e-06    0.424752  0.00395771     2.47303       1e-06       1e-06       1e-06       1e-06       1e-06  2.7204e-05     34.4895       1e-06  0.00123124       1e-06
    2.20818     2.65503     2.76005   0.0868478   0.0949006    0.291091 6.44517e-06    0.725734   0.0050645     33.5494       1e-06   0.0241351       1e-06       1e-06       1e-06 0.000144658     44.3639  2.1702e-05  0.00263298       1e-06
     19.483     7.66612     1.09622     15.6128      2.1281   0.0997094    0.028157   0.0903862  0.00554858     49.5805 8.38305e-06    0.368248 7.81787e-05   0.0200922  0.00910371 0.000391023     44.1221     10.1454   0.0195886 0.000681867
    56.0361     22.9841     1.51857     54.1622     15.9472   0.0949537     6.82663   0.0567971   0.0960668      68.398   0.0368333    0.990992   0.0293144     2.33395      1.5871    0.022749      52.957     144.289    0.298009    0.787605
    124.737     68.9456     12.1345     261.366      123.41     12.5042     383.616     1.43316     9.88438     94.2475     93.3332    0.437459     17.2421     59.5711       250.5     9.59299     66.3718     444.469     39.2299     69.1683
    167.358     158.771     148.512     410.172     338.154     141.615      429.57     110.297     122.002     169.507     224.688     6.21164      441.84     392.334      410.94     29.0771     128.842     458.225     356.997     329.114
    129.521     106.838     76.0345     254.367     157.333     33.8422     291.434      55.274     58.3208     39.1341     130.954     90.4685     213.732     103.293     287.005     9.87962     78.4687     129.976     170.395       104.1
     88.051     62.6077     40.3968     45.5604     116.341     6.10607     10.2475     30.9927     42.7765     5.25238   0.0571467     76.0934     99.2003     63.7557     6.55842    0.959989     51.5906     20.4225     114.652     84.7758
    53.6423     57.3806      40.346     1.89522     36.1618     6.04239  0.00332678      56.054     35.4503     2.10306 4.63579e-06     114.838     4.77135     58.9517   0.0105075    0.259771     47.7507     1.37631     22.0348      47.441
    6.42048     27.4356     52.1505  0.00301671     1.78848     11.4146       1e-06      49.571     6.25721     1.59052       1e-06     40.9789   0.0720004     56.3219       1e-06    0.135897     43.1388       1e-06    0.561446     3.37798
  0.0303603     2.88277     37.0605       1e-06    0.256695     6.87834       1e-06     10.1719    0.125449     1.33289       1e-06 1.98654e-06 4.67088e-05      18.541       1e-06   0.0593505      44.108       1e-06  0.00667027  0.00834117