    245.351     215.769     44.9023   0.0048869     225.213     478.957     439.182     82.9479     4.91765     564.629     73.3371      248.65 1.27709e-06     370.293    0.387881     684.778     195.307     712.868      290.92     74.7706
    61.0139      136.15     1.86914  0.00219591     53.9177     59.9665     659.486     7.64688     2.19153     199.159      15.367     102.935       1e-06     574.423    0.117718     203.557      33.255     212.056     122.339     22.6493
    71.0691     236.148     93.8976  0.00291964     50.1568      93.437     263.806     15.3743     3.37616     221.719      12.941     183.442       1e-06     202.112    0.150564     102.419     37.4821     225.711     148.433     34.6994
    57.2268     117.803     40.3599  0.00328768     52.8872     60.0951      190.82     8.80945     2.19863     84.2977     12.0831     127.792       1e-06     111.288    0.136966       62.84     24.6039     153.292     129.075     22.2619
    6.45266     11.5663     90.1205 0.000548444      18.059      37.646     203.435     2.13135    0.555649     13.4854     1.16445     19.2789       1e-06      26.883   0.0302149     15.9135     5.19809     108.466     43.7876     3.86094
    7.57332     20.4289      3.2478 0.000526886     7.43343     13.7304     134.033     1.32165    0.403666     34.5014     1.32511     13.0056       1e-06     53.3235   0.0221577     8.77165     2.54021     26.3513     24.1624     2.87034
    5.16078     30.2716     1.27467 0.000409638     8.62806     10.5423     134.528    0.971015    0.225845     39.8868     1.50942     21.9799       1e-06     61.6622   0.0135842     11.1441     2.14364     21.5164     18.0193     3.21534
    8.80061     16.4088    0.064665 0.000657242     7.51657     6.44857     54.8206     2.25674    0.631035     6.06506     1.91751     12.6393       1e-06     71.8327   0.0262023     31.8189     3.04942     23.9991     29.8317     5.08685
    1.45775     3.53413     8.14626 0.000104906     7.99893     30.3984     70.2136    0.415543   0.0956036     13.7991     1.04292     3.70627       1e-06     19.5871   0.0052529     3.10114     0.99128      33.796     19.0471    0.773475
   0.360247     1.64202     33.1651 0.000141757     1.65207     11.5395     53.7068    0.137889   0.0895634     3.01573    0.243621     1.13934       1e-06     4.90515   0.0060258     0.93314    0.341809     105.846      4.6986    0.280105
   0.392198     2.54672    0.578333 2.17159e-05     3.54293     12.7403     36.1596    0.105865   0.0159844     8.34965    0.408716    0.659056       1e-06     7.78257  0.00116206     1.75516     0.40513     3.19401      12.837   0.0949465
   0.565613     1.66258  0.00537363 4.96424e-05     3.71482     3.32964     26.7902    0.147608   0.0460172    0.432856    0.406462    0.775112       1e-06     17.1116  0.00195561     3.05147    0.274872     1.55739     5.24233    0.324672
   0.551962     3.60946    0.765676 5.52903e-05    0.862727      3.5386     25.5283   0.0985192   0.0403542     5.56569     0.19505     1.09665       1e-06     6.16169  0.00225164    0.804744    0.214454      2.2387     2.93299    0.201699
   0.128584      2.4076    0.415793 1.62879e-05     1.31005     3.25133      22.442   0.0334991   0.0123871     1.15429     0.13451    0.981962       1e-06     3.79526 0.000713761     0.53897   0.0953925     1.34237     2.69063    0.141211
  0.0342532     2.14743   0.0712712 2.98365e-06   0.0801446    0.449189     21.7203  0.00610132  0.00228209    0.337647    0.014123    0.232572       1e-06     4.53106  0.00013439    0.123669   0.0162768    0.348696    0.228132    0.018151
  0.0169703    0.240646    0.152674 1.73008e-06   0.0997271    0.297512     17.7133  0.00465244  0.00111293    0.245548   0.0106998   0.0712302       1e-06    0.716964 6.87803e-05   0.0705666   0.0109921    0.409569      0.3808    0.012942
   0.023262    0.180113 0.000380394  1.5524e-06    0.438729     1.10798     12.8245  0.00509903  0.00141103   0.0307746   0.0366246   0.0380319       1e-06      1.6309 6.10128e-05    0.176844   0.0179644   0.0710864    0.474781   0.0109842
  0.0162005    0.107298  0.00429035       1e-06    0.414277     1.66886     10.1266  0.00391993  0.00089868   0.0224871    0.029346   0.0232055       1e-06     1.21667 3.85466e-05    0.139063   0.0155683   0.0667427     0.63114  0.00721175
 0.00708851    0.036585   0.0373923       1e-06    0.220553     2.49381     8.85279  0.00247144 0.000540212   0.0567584  0.00608263  0.00771146       1e-06     0.44556 2.81621e-05   0.0653479   0.0061226    0.109337     1.66884  0.00203517
 0.00295254    0.034379  0.00390181       1e-06   0.0880691     2.36801     5.74489  0.00101811 0.000182196   0.0218888  0.00467256  0.00961274       1e-06     0.16271 1.03058e-05   0.0235958  0.00356519    0.030386    0.638089  0.00146881