    216.096      226.79     55.0003     31.7926      221.37      47.893  0.00886648     87.3403     402.179     34.6188      32.634 7.69085e-06     497.524     261.232     464.774     87.1842     294.276     316.058     35.7114     312.307     2.50661     496.861     408.898     260.863     150.351     654.118       156.8     311.888     130.822     207.037     43.0283     192.475     391.907     771.217     191.858     189.348     0.32099     158.007     4.15721     480.176
    18.0338     35.0346     8.17821     4.17551     144.254     46.0917  0.00285696     14.4626     51.3053     2.11333     14.9965 1.63266e-06     619.321     116.319     158.284     14.0493     123.606     50.3211     1.06761     15.1942     1.18576      329.16     74.6791     361.188     124.385     10.7406     100.629     32.7608     65.3934      271.81     62.8329     72.9448     75.7854     52.8997     4.22988       68.26   0.0912469     88.7556    0.293998     66.6452
    34.0116     36.9388      13.404     5.51099     445.731     107.175  0.00537532     17.2868     68.8468     7.37472       12.97 5.31308e-06     246.826     78.0926     184.882     19.4604     55.7417     33.4384     104.052      47.407     1.20163     120.095      78.111     230.249     106.186     39.3535     60.8508      70.747     106.454      165.59     211.045     100.343     97.7723     210.108     113.332     78.9072    0.176157      131.55     7.38607     95.5367
     26.735     37.9143     14.6354     5.47296       312.2     20.9499  0.00531709     17.3769       45.55     4.45661     11.4429 4.75088e-06     268.749      45.773     112.328     17.0256      106.83     38.0679     22.7595     18.6095     1.32039      102.85      55.658     95.8068     71.2676      25.851     95.0062     15.4571      60.715     90.3895     55.1497     49.4966     89.2714     90.6602     33.8377     44.7414    0.136117     93.7159     2.19222     73.5282
    8.03819     6.24205     2.27614     1.93708     28.7823      20.485  0.00144925     8.60825     10.9386     1.45509     1.51355 1.93435e-06     188.791     7.13561     84.8123     4.23404     11.7774     9.70156     80.3319     16.7657    0.238992     36.9852     11.4299     198.231     5.12167     6.59088      7.3632      84.733     31.1277     24.5782      25.125     59.5362     14.7142     164.738     75.6439     13.6032   0.0589216     44.5071     5.43336     19.0632
    6.77733     9.18248     4.98805      1.7528     20.6089     7.98971  0.00157113     3.81416     12.4308     1.57825     2.12529 1.73502e-06     72.5553      19.768     25.8048     4.32041     12.5773     9.62005     10.6295     4.92076    0.480707     38.9185     10.4401     69.3354      26.481     7.22725     4.47418     16.2158     33.2788     35.3404     14.3634     20.3533     55.1665      22.637     12.8013     11.7085   0.0480149     25.0675    0.933992     29.1529
    1.67531     2.72703     1.43023    0.919755     49.7459     8.07608 0.000896854     2.52805     7.40266    0.296859     3.30822       1e-06     68.1174     24.8336     31.1049     1.75826      13.275     4.82816     0.50755     2.37768    0.238152     51.2323     8.56383     77.9613     46.6804     4.14782     24.6084     6.80525     15.9956     86.2455     4.00824     19.0496     9.31719     14.7528     4.32548      12.891    0.017997     7.24127     0.15196     7.00363
    2.00028     2.24617     1.09873     1.64353     28.4064      4.2688 0.000349991     6.32302     22.8603    0.420277     1.10909       1e-06     32.3697     4.00737     6.87922     1.66143     16.8883     4.86526     1.12124     1.79871    0.126157     32.7958     4.40861     83.2793     23.5661     5.73036     6.08712     10.8937     31.2209      49.511      9.6462     41.1231     5.46909     6.20837     2.33185     19.0672  0.00795723     9.62617    0.105456     6.39272
    3.89594     7.63192     4.01103     1.86471     11.4015     2.59879 0.000739524     4.02041     12.7257     1.36887     3.49934 1.62875e-06     55.8695     12.6488        13.5     4.98312     33.4299     15.5746   0.0648415     2.62046     0.59824     89.2795     40.5888     65.8735     25.6487     2.80929     2.92363     1.89033     31.6605     50.2516     9.29767     33.1437     14.1334     20.4315    0.671288      4.7541   0.0135513      42.022    0.036726     28.6478
   0.692015     1.02715   0.0743541    0.393615     1.07639     7.51043 0.000225503     1.26378     1.66977   0.0422182   0.0416549       1e-06      132.49    0.338667     32.4677    0.912868     1.16178     1.14058     12.2128     2.75481  0.00548772     3.94076     0.51541     61.9133     1.10123     1.14223    0.437293     19.9048     6.10956     4.70459     4.08009     11.1024     1.76265      49.945     14.1945     2.31705   0.0150082     5.53714     1.82761     1.41805
   0.704512     1.23874    0.180815    0.656405     10.6394     4.64367  0.00011865     1.45147     2.38756   0.0745037    0.129347       1e-06     28.5662     1.86647     5.84876     1.16595     2.50901     1.71314     2.66747    0.808502   0.0121416     10.7729    0.894707     54.3711     8.68435     1.87161     3.24997     10.4294     7.81208     30.4022     3.73449     6.10289     2.76815      7.9291     2.52747     2.87324  0.00378392     7.44869    0.328037     1.58581
   0.542229    0.918881    0.385681    0.352867     3.16086     2.00817 0.000152941    0.665213     1.42347    0.107491    0.245151       1e-06     10.2559     2.99008     3.13969     0.66698     1.39321     1.11672    0.718924    0.336678   0.0477155     6.85046    0.913888     33.0487     5.97961     1.58651    0.879723     4.89006     3.26378     63.1777     1.69029     8.20061     4.05989     2.70523    0.580628     3.47345  0.00452208     3.43186    0.103154     1.90663
   0.605783     1.93493    0.552063     1.18683     1.76179    0.417429 0.000119062     2.10582     5.96309     0.18687     0.48083       1e-06     9.98966     1.93722       1.787     2.68321       8.292     5.14597    0.011866    0.500444   0.0935949     22.2576     5.83955     45.4446     7.76696    0.675771    0.421181    0.840428     9.08654     25.9341     1.29216     16.1356      2.3739     2.62043   0.0907114       3.306   0.0021545     7.85723  0.00533646     4.57927
   0.174451     0.33248   0.0995627    0.400622     3.59132    0.457416 3.41305e-05    0.759215     1.56418   0.0355598    0.121917       1e-06     5.88215    0.482991    0.615586    0.462771     1.65907     0.83156    0.115766    0.184972   0.0127417     5.22575    0.410183     35.3561      4.3272     1.78261    0.901675     4.17314      4.2779     40.7111    0.782732     7.57161    0.956317    0.885082    0.119124     4.71231 0.000697268     1.94045   0.0164984     0.60911
  0.0716409    0.135444   0.0304501    0.143599    0.304481    0.199272 8.98657e-06    0.484216     1.96955   0.0173991   0.0224562       1e-06     4.26699    0.156901    0.548118    0.146076    0.456238    0.305579    0.350972    0.252959  0.00266896     1.73533    0.138399     30.3307    0.594537     5.54492    0.058345     16.6208     6.88364     5.19038     1.04208     26.7874    0.214213     3.38469    0.471907     2.85989 0.000249049     1.09163    0.026669    0.218401
   0.261349    0.440276    0.125089    0.196977     4.75447     1.55475 7.79417e-05    0.358386    0.871147   0.0401657    0.121295       1e-06     8.72429    0.925465     1.57898    0.320094    0.735046    0.511619      0.7363    0.242717   0.0211809      3.7057    0.346221      19.729     5.16701     0.67547      1.3224       1.909       4.804     16.1586     1.43566     2.58367     1.18682     1.72499    0.534457     2.06158  0.00247152     1.77166   0.0968077    0.877881
  0.0617111    0.139663   0.0222237    0.081194     1.21934    0.488663 1.08308e-05     0.20928     0.71808   0.0066689   0.0319397       1e-06     9.58312     0.21222    0.392939    0.128043    0.215517    0.200341     0.21375    0.146115  0.00265698     1.27727   0.0815341     39.2164     1.40648    0.754077    0.420457     15.0479     5.95098      2.3095      1.1191      5.7909    0.196484     3.94721    0.355819     1.89291 0.000296677    0.987237    0.025616    0.193124
    0.06863     0.31876   0.0489393    0.308429    0.229172   0.0389905 9.74989e-06    0.607041       1.628   0.0149157   0.0422388       1e-06     2.17927    0.240549    0.191415      0.6559     1.84871     1.21786  0.00565766   0.0677054  0.00752361      4.6998    0.557858     27.3772     1.64186    0.340398   0.0510163    0.703125     2.12761     8.98871    0.168048     5.20956    0.290822    0.319779   0.0125479     2.28122 0.000174261     1.13361 0.000905974    0.473719
  0.0192683   0.0488773   0.0114893   0.0433345    0.119314   0.0812267 7.02876e-06    0.233722     1.17851  0.00927689  0.00797837       1e-06     3.65233   0.0577598    0.374327   0.0768715    0.213017    0.208194    0.174679    0.120342  0.00227232     1.15574   0.0629059     29.2784    0.381557     1.07637   0.0383886     4.03144     5.14926     4.29324    0.739339     5.58688   0.0654905    0.474014    0.150793     2.81491 0.000302178    0.740793   0.0161917   0.0923314
   0.028681   0.0665237   0.0177561   0.0909266    0.398448   0.0401587 6.48007e-06    0.241315    0.786191   0.0057025    0.012855       1e-06     2.10685    0.149864    0.186982    0.112335    0.561083     0.21959   0.0412867   0.0575079  0.00228207     1.63114   0.0837527     25.6052     1.23518    0.438218   0.0746851     2.06733     2.06719     4.94313    0.182617     1.81722    0.203176    0.193033   0.0360902      1.3519 0.000193948    0.544862  0.00463627     0.11874