    36.6649  0.00472264       1e-06     87.4828       1e-06     6.81909     58.9946       1.706     22.5919       1e-06       1e-06     41.0714       1e-06      53.415       1e-06       1e-06     111.644       1e-06       1e-06       1e-06  0.00729094       1e-06       1e-06       1e-06       1e-06       1e-06     70.0661     96.4809     37.9388       1e-06       1e-06     72.3735      76.191     1.40132     40.7176       1e-06       1e-06       1e-06     80.0205       1e-06
 0.00120322       1e-06       1e-06 6.89845e-05       1e-06       1e-06     4.20825 0.000845284     0.13166       1e-06       1e-06  0.00317001       1e-06     17.6282       1e-06       1e-06    0.230182       1e-06       1e-06       1e-06       1e-06       1e-06       1e-06       1e-06       1e-06       1e-06       1e-06     15.0763    0.157136       1e-06       1e-06     1.38826       1e-06       1e-06       1e-06       1e-06       1e-06       1e-06       1e-06       1e-06
  0.0022689       1e-06       1e-06       1e-06       1e-06       1e-06    0.193578     3.47193   0.0685907       1e-06       1e-06       1e-06       1e-06     4.22103       1e-06  0.00191321       1e-06       1e-06       1e-06    0.248972       1e-06       1e-06       1e-06 0.000510349       1e-06       1e-06       1e-06   0.0132799 0.000651765       1e-06       1e-06       1e-06       1e-06    0.274971 0.000448038       1e-06       1e-06       1e-06       1e-06       1e-06
    13.9265     11.7197       1e-06       1e-06 9.22369e-05       1e-06     28.4644     56.4725     31.1086       1e-06       1e-06   0.0281788       1e-06      37.863       1e-06     28.5934       1e-06     0.10279       1e-06     45.8327       1e-06     2.16528 0.000593172     2.31872     4.89247       1e-06       1e-06   0.0950604   0.0515028       1e-06  0.00662002    0.284617       1e-06     27.2181    0.130069     21.1228       1e-06 0.000832172       1e-06       1e-06
    423.744     296.492     4.98964     66.0135     49.3959     208.891     234.572     164.838     262.751     105.505       1e-06     258.786   0.0857533     202.858     36.5506      245.82      10.858     187.877 0.000401495     229.912       1e-06     204.417     200.022     255.354     133.202     43.3208 1.65381e-05     32.2691     54.2682     250.589     2.28854     195.619    0.674945     168.555      4.3627     120.047       1e-06     152.669       1e-06     6.09544
    380.405     363.359     4.98955     244.555     241.006     219.332     199.507     256.066     254.751     105.014       1e-06     294.798     0.62249     261.254     43.2958     221.596     240.586     188.433 0.000811828     297.148     96.3721     181.346     191.934      264.68     144.886     43.3217     223.735     365.289     340.251     250.665     2.35191     300.687     226.831     190.555     238.886     173.451       1e-06     133.686     284.801      181.96
  0.0446602 1.25014e-06       1e-06     75.3923      254.68 0.000117356     22.7277     2.43825     0.28227   0.0322069       1e-06     1.43318    0.579989     130.742     29.9401     167.289     203.768       1e-06 0.000525463     27.6199     96.2857     43.4081     1.71437      3.2053  0.00930938       1e-06 0.000101359     273.639     250.544       1e-06 0.000390573     71.0741     1.00271 6.65532e-05       1e-06   0.0988331       1e-06     48.5155       1e-06     187.374
      1e-06       1e-06       1e-06       1e-06     21.1966       1e-06     0.05782       1e-06       1e-06       1e-06       1e-06       1e-06       1e-06     16.7801       1e-06     6.47813     1.75959       1e-06       1e-06       1e-06       1e-06   0.0115944       1e-06       1e-06       1e-06       1e-06       1e-06     11.5779     42.3682       1e-06       1e-06  0.00327258       1e-06       1e-06       1e-06       1e-06       1e-06 4.38999e-05       1e-06    0.854889
0.000666873       1e-06       1e-06       1e-06 0.000309483       1e-06    0.815554 4.43753e-05    0.104152       1e-06       1e-06       1e-06       1e-06     2.77536       1e-06 0.000126747       1e-06       1e-06       1e-06       1e-06       1e-06       1e-06       1e-06       1e-06       1e-06       1e-06       1e-06  0.00766608    0.154663       1e-06       1e-06       1e-06       1e-06       1e-06       1e-06       1e-06       1e-06       1e-06       1e-06       1e-06
   0.288919 0.000253635       1e-06 3.29929e-05       1e-06 2.20806e-05     20.1901   0.0135049     5.32327       1e-06       1e-06     0.20517       1e-06       16.13       1e-06       1e-06   0.0042345       1e-06       1e-06       1e-06       1e-06       1e-06       1e-06       1e-06       1e-06       1e-06       1e-06     7.84877     0.11298       1e-06       1e-06     2.83912       1e-06   0.0253767  0.00533019       1e-06       1e-06       1e-06       1e-06       1e-06
     143.16    0.137468       1e-06     89.2017       1e-06     133.068     97.7921      29.185     55.6775       1e-06       1e-06     134.614       1e-06     67.4608       1e-06       1e-06     36.2017       1e-06       1e-06       1e-06 0.000967214       1e-06       1e-06       1e-06       1e-06       1e-06     75.1434     67.9726     30.0676       1e-06       1e-06     84.8602     87.1203     26.3644       146.6       1e-06       1e-06       1e-06     86.4462       1e-06
      1e-06       1e-06       1e-06       1e-06 0.000214852       1e-06  0.00534489   0.0339103       1e-06       1e-06       1e-06       1e-06       1e-06     40.7794       1e-06    0.421045       1e-06       1e-06       1e-06 0.000265894       1e-06       1e-06       1e-06       1e-06       1e-06       1e-06       1e-06       1e-06    0.419992       1e-06       1e-06  0.00018035       1e-06       1e-06       1e-06       1e-06       1e-06       1e-06       1e-06       1e-06
 0.00232423 5.05595e-05       1e-06       1e-06    0.696971       1e-06     1.97079     3.05285    0.165905       1e-06       1e-06       1e-06       1e-06     13.7002       1e-06     6.91773 1.18263e-05       1e-06       1e-06     1.68265       1e-06    0.116804       1e-06  0.00108134       1e-06       1e-06       1e-06  0.00614513     4.33637       1e-06       1e-06    0.141189       1e-06    0.759636 0.000134643    0.273501       1e-06  0.00088081       1e-06       1e-06
   0.491971    0.619366       1e-06 0.000179911      10.144       1e-06     12.1551     10.4084      6.1451       1e-06       1e-06   0.0159083       1e-06     17.5249 0.000420279     16.2921    0.213402   0.0115941       1e-06     12.3061       1e-06     5.17673   0.0464144    0.314515     1.68199       1e-06       1e-06     3.63653     19.0444       1e-06  0.00049301     5.89599       1e-06     6.70965  0.00958293     7.17682       1e-06     1.54635       1e-06    0.324976
    11.3375     14.0201 0.000195139     2.88384     31.8987     2.00592     22.6865      16.336     18.5523     1.91044       1e-06     9.59627   0.0117064     19.3583     2.92514     21.1707     17.3591     7.91896       1e-06     20.0243     1.30159     23.6782     12.4137     8.92209      19.263     3.89916       1e-06     25.8767     35.2418   0.0371161   0.0271297     33.5101  0.00121398     12.6877   0.0858076     14.4196       1e-06     24.7808       1e-06     22.0858
    61.0481      27.532      37.261     78.8455     41.1416     93.2298     27.2309     20.5398     22.3589     53.0525    0.391718     68.3145     43.2922     28.5177       62.01     26.2079     60.3662      55.156     14.7863     23.9216     83.3171     23.9852       48.13     54.2979     21.1194     9.64709     3.49194      46.746      41.283     53.4211     14.8634     49.7349     31.1031     14.8042     5.91553     14.4036       1e-06     44.5743       1e-06     60.3784
    357.086     182.506     139.749     310.258     221.222     400.956     209.195     203.444      227.66     204.749     1.19298     350.089     147.251      149.95     224.267     119.714     377.202     281.385     52.2838     175.543      332.74     184.819     255.853     271.803     174.297     44.3871     12.0681     380.865     322.613     195.659      54.627     303.656     107.628     193.646     26.8694     92.1746       1e-06     241.302 1.21919e-06      335.02
    58.1582     32.1367     37.5417     75.8704     39.2469     92.1984     25.3178     19.0084     21.3436     52.9462    0.431466     66.4337     41.2399     27.7574      57.979     23.6964          58     55.9112     15.0551     24.4496     79.4223     23.6758     45.8127     50.7536      20.954     9.14174     3.62975     40.5227     43.8653     54.3638     15.4232     42.1544     30.9364     16.9923     7.56974     15.1068       1e-06     44.0801       1e-06     55.1227
    11.6302     15.4519 0.000179442     2.56398      33.703      1.8992     20.2929      17.401     18.2413     1.69511       1e-06     9.92586  0.00846064     20.2389     2.55009      21.078     18.7223     7.08794       1e-06     20.0834     1.12601     22.2319     11.9541     9.31971     19.1497     4.10411       1e-06     28.5304     28.7773   0.0421609   0.0317234     32.0403  0.00137694     13.0124   0.0839274     14.7987       1e-06     24.6321       1e-06     21.3844
   0.527301    0.847853       1e-06 0.000115561     13.1699       1e-06     10.1513      10.783     6.15874       1e-06       1e-06   0.0183924       1e-06     17.5252 0.000574766     15.4696    0.276385    0.010889       1e-06     11.2916       1e-06     5.58975   0.0662374    0.400538     1.69785       1e-06       1e-06     4.45345     13.5326       1e-06 0.000500763     4.79568       1e-06     6.61292  0.00919457     7.70356       1e-06      1.6258       1e-06    0.398478
 0.00243327  2.8308e-05       1e-06       1e-06    0.962963       1e-06      1.2181     3.56206    0.134726       1e-06       1e-06       1e-06       1e-06     12.9272       1e-06     6.79691       1e-06       1e-06       1e-06     1.64429       1e-06    0.100491       1e-06 0.000921404       1e-06       1e-06       1e-06   0.0097765     2.85062       1e-06       1e-06   0.0932828       1e-06     0.68912 0.000142216    0.207801       1e-06  0.00134328       1e-06       1e-06
      1e-06       1e-06       1e-06       1e-06  0.00100045       1e-06  0.00269577    0.020117       1e-06       1e-06       1e-06       1e-06       1e-06     18.8745       1e-06    0.399824       1e-06       1e-06       1e-06 0.000271903       1e-06       1e-06       1e-06       1e-06       1e-06       1e-06       1e-06       1e-06   0.0618468       1e-06       1e-06 3.58131e-05       1e-06       1e-06       1e-06       1e-06       1e-06       1e-06       1e-06       1e-06
      1e-06       1e-06       1e-06       1e-06       1e-06       1e-06       1e-06       1e-06       1e-06       1e-06       1e-06       1e-06       1e-06    0.467441       1e-06       1e-06       1e-06       1e-06       1e-06       1e-06       1e-06       1e-06       1e-06       1e-06       1e-06       1e-06       1e-06       1e-06  0.00823172       1e-06       1e-06       1e-06       1e-06       1e-06       1e-06       1e-06       1e-06       1e-06       1e-06       1e-06
      1e-06       1e-06       1e-06       1e-06     1.35005       1e-06   0.0103544 2.55266e-05 3.83673e-05       1e-06       1e-06       1e-06       1e-06     10.5258       1e-06    0.267283       1e-06       1e-06       1e-06       1e-06       1e-06 0.000154222       1e-06       1e-06       1e-06       1e-06       1e-06   0.0467325     11.1393       1e-06       1e-06  1.2488e-06       1e-06       1e-06       1e-06       1e-06       1e-06       1e-06       1e-06       1e-06
8.82296e-05       1e-06       1e-06       1e-06     22.9116       1e-06     1.39959  0.00441804  0.00619106       1e-06       1e-06 4.87983e-05       1e-06     25.0681 4.81709e-05     14.9938     1.19574       1e-06       1e-06   0.0164045       1e-06    0.187492       1e-06       1e-06       1e-06       1e-06       1e-06     14.8207     37.9443       1e-06       1e-06   0.0460524       1e-06       1e-06       1e-06       1e-06       1e-06  0.00217064       1e-06     1.01822
 0.00670494 3.13142e-06       1e-06     2.69944      81.322  1.3075e-05     11.0016     1.08642    0.381135  0.00116746       1e-06    0.155237  0.00809154     60.8449     1.07702     65.9977      42.178       1e-06       1e-06     9.49768     3.48611     12.7199   0.0482095      0.1445 0.000504356       1e-06       1e-06     88.0573     93.0646       1e-06       1e-06     13.5256   0.0024001 3.97582e-06       1e-06  0.00826368       1e-06     5.58948       1e-06     45.7141
    21.5841    0.246269    0.237056     279.945     225.187     1.39219     86.9541     40.5621     20.0738     15.0606   0.0749028     41.4402     118.941      141.63     186.694     157.113     258.833    0.376617      20.635     124.701     252.781     136.538     56.1697     86.5488     4.86082   0.0317483     5.81627     245.359     211.964   0.0212555     17.5277     200.275     103.431    0.563511    0.631955     12.2274       1e-06     222.981       1e-06     232.549
    682.841     388.529      127.58     295.002     252.555      408.02     224.594     248.344     316.301     212.923    0.400585     409.573     118.824     210.088      173.46     175.178      308.83     334.173     25.6773     242.561     273.264     207.763     274.352     415.572     200.048     50.8556     10.7225     406.324     403.897     501.499     50.8946     294.493     141.936     266.879     32.8234     193.081       1e-06     250.593 1.25094e-06      276.53
     297.11     144.232      127.92     329.157     207.497     365.186     154.836     82.3397     114.642     218.761    0.360555     333.175     33.1117     157.262     205.007     159.622     105.696     231.517     15.4223     135.394    0.705988     178.579     283.388     257.657     107.204     36.1474     4.38893     144.256     180.018     440.084     34.9935     268.924     63.7135     82.2888     21.9765     72.6295       1e-06     262.049       1e-06     81.8886
    116.885     115.154  0.00220336    0.771258     3.71771     10.1793     77.5879     72.2955     87.7727     5.56618       1e-06     35.9083 8.11505e-05     80.8414    0.619528     97.8353    0.319267     36.6755       1e-06     89.3819       1e-06     64.8997     24.7041     62.4602     43.8236     10.9448       1e-06     15.8561     11.0685     8.09216    0.283612     44.3359  0.00186979      64.024     1.16914     49.1766       1e-06     23.2324       1e-06   0.0981849
    11.1486     13.8713       1e-06       1e-06  0.00148045 6.24407e-06     25.0116     35.2095     23.9946       1e-06       1e-06    0.063584       1e-06     32.9653       1e-06     32.7013 2.77916e-05    0.238935       1e-06     36.3267       1e-06     4.02607  0.00170429     3.30941     4.79195       1e-06       1e-06     1.44046    0.316115       1e-06   0.0127723    0.664333       1e-06     19.7706    0.133462     22.2159       1e-06  0.00369559       1e-06       1e-06
  0.0742665   0.0214816       1e-06       1e-06       1e-06       1e-06     2.17985     15.5086    0.985323       1e-06       1e-06       1e-06       1e-06     11.1434       1e-06     1.43799       1e-06 2.28368e-05       1e-06     4.04705       1e-06 0.000646344       1e-06   0.0240603       1e-06       1e-06       1e-06  0.00168699  0.00525882       1e-06 3.34312e-05 4.45656e-06       1e-06     3.31923  0.00744747    0.108905       1e-06       1e-06       1e-06       1e-06
      1e-06       1e-06       1e-06       1e-06       1e-06       1e-06       1e-06    0.123173       1e-06       1e-06       1e-06       1e-06       1e-06    0.850217       1e-06 1.40327e-05       1e-06       1e-06       1e-06 0.000722967       1e-06       1e-06       1e-06       1e-06       1e-06       1e-06       1e-06       1e-06 0.000554223       1e-06       1e-06       1e-06       1e-06       1e-06       1e-06       1e-06       1e-06       1e-06       1e-06       1e-06