    493.366     165.169     303.022      123.79     55.8462     274.561     93.2829     17.7731     1208.97     154.324     351.708     97.6937     353.894     279.696     702.361     267.722     754.727    0.705826     139.799      191.16
     190.26     29.8333     263.524     17.3085     8.18011     31.4485     13.9292     2.78185      41.133     192.572     27.5698     59.4669     30.8023     346.265     462.972     40.8348     53.4375    0.119164     169.436     188.836
    128.364     472.231     60.0472      47.051     22.7328     41.3157     144.237     8.35185     181.978     288.383     45.9718     214.072     90.0223     280.819     343.875       101.2     90.3995     0.41625     91.0135     110.695
    130.525     154.464     133.951     38.3875     23.4791     12.8343     7.50005     2.50285     73.5905     300.279     95.7679     196.932     51.0392     152.487      173.74     76.1126      50.401    0.143734     73.5652     92.9263
    20.5486     89.9999     23.0359     13.4414     7.15806     8.89195     95.1716     2.04411     131.245     17.4769     14.9694     24.9783     25.4024      209.45     130.305     27.6811     50.5234    0.161164     30.4248      18.214
    49.4429     21.3311     32.9345     11.8128     5.95952     6.93301     3.97604    0.893947     18.8159     95.7843     10.8491     41.9956     11.8077      148.35     61.7595     14.5905     20.1555   0.0663796     38.0068     49.5497
    25.5334     89.7485     26.3902     11.4571     5.45321      8.8014     27.8048     1.71762     37.2765     44.2436     33.3052     34.8314     30.8888     84.9872     148.737     20.9943     11.9197   0.0954273     27.7175     45.1504
    35.5449     37.1471     28.9283     11.2039       9.247     2.94698     1.57185    0.743746     20.8698     57.5858     13.4182     33.6894     12.6652     76.7408     23.4628     14.0649     19.2037   0.0353064     25.7918     43.9373
    37.9762      26.598     37.3957     21.0006     3.10708     3.34635    0.528488    0.557152     10.9546     11.1427     18.0653      42.731     11.3949     82.6774     61.4703     30.8895     12.2184    0.022342     33.6719     42.2042
    2.65187     44.3759     6.02272     3.11657     2.69488     1.74496     21.9639    0.246869      39.921     6.81823     2.94966     16.0425     2.66443     102.455     60.4161     5.65655      11.351    0.024489     14.9397     9.43554
    4.58789     18.3441     4.92466     2.91597     2.62615     1.42193     9.51547    0.188699     20.1959     40.5875     1.61283     11.7763       1.766     63.8724     28.9066     4.75188     9.74759   0.0136917     10.5611     38.6775
    4.63762     6.46349     4.37267     4.49494     3.19008     1.22976     1.00944    0.183405     9.82598     5.54692      4.9743     19.7915     4.03529     78.6184     10.2994     7.01527     18.4534  0.00873844     9.48113     9.40877
    4.65168     4.77355      4.0961     2.15022    0.833028    0.590639     1.42013   0.0683246     4.64519     17.4503     1.55447     5.93561    0.994936     53.4426     12.1336     2.22405     4.74308  0.00395224      8.6428     58.1746
    11.1387     8.80701     12.5768     9.64907     2.54781     1.10668    0.340025    0.210451     2.96603      5.4773     7.28287     10.1148     3.92567     42.7863     16.0455     7.60196     6.71162  0.00856775      16.908     19.7334
    4.76782     4.44132     6.99119     3.14168     1.42622    0.519512    0.385574    0.122277     6.55032     7.27498     3.81042     7.56235     2.43909     49.4421     5.52991     3.45141     12.2935  0.00602253     10.1132      16.637
   0.721582     14.1724     1.13815     1.49299     1.18542    0.297553     1.62441   0.0205538     15.4024      1.7196    0.962072     14.0802    0.644416     45.9282     6.20479     2.66612     11.5957   0.0020615     9.43248     3.55658
    1.70245     9.74034     1.16368      1.7606     1.42186    0.415824     2.37422   0.0595568      8.9404     1.47701    0.571003     14.8874    0.534564      39.101     3.92191     2.09341     6.04783  0.00318192     10.4395     2.90572
    1.59796     3.89166     1.36351    0.488643    0.274221     0.34597     2.93384   0.0816131     3.11252     1.86372    0.644259     1.52999    0.540638     31.0202     6.80931     1.14833     2.25022  0.00462368     1.90471       6.036
    0.77833     1.87178     1.32654       1.482      0.3791    0.260916    0.247307    0.031926     1.40566     1.83243    0.591114     7.11216    0.356669     24.9255     1.58369     1.20375     10.6441  0.00100952     3.39788     5.03095
    1.17632    0.796447     2.23284     1.37158    0.444555    0.147531   0.0553538   0.0183461     1.46684     0.99589    0.848122     2.01234    0.430574     30.3958      2.7417     1.71906     7.63752 0.000760745     3.53839     6.09942