     58.545       1e-06     12.0749       1e-06     80.5736       1e-06      12.578       1e-06       1e-06     67.0046     54.0522     60.0964       1e-06       1e-06     11.9249     29.9268     89.9425       1e-06       1e-06     42.8648
    16.6301       1e-06 0.000138392       1e-06    0.976839       1e-06     0.23227       1e-06       1e-06       1e-06   0.0114999       1e-06       1e-06       1e-06   0.0226652  0.00222375     5.62066       1e-06       1e-06       1e-06
    6.56055       1e-06     11.0991       1e-06       1e-06  0.00238851     15.2458     2.10164 0.000871076       1e-06       1e-06       1e-06       1e-06       1e-06       1e-06   0.0630154  0.00343858       1e-06       1e-06  0.00190091
    32.6478       1e-06     51.7993       1e-06       1e-06     22.4572     65.5746     72.0801     19.5702       1e-06       1e-06       1e-06     5.24845     1.19284     4.83034     3.71415     1.14241       1e-06    0.179033   0.0370971
    156.802     151.938     223.866     0.00648     8.81004     259.807     240.926     227.599     217.663     3.04873     337.953       1e-06     254.663     224.468      330.76     337.409     217.441     90.8403       247.8      1.9627
    285.986     151.716     261.519  0.00910818     290.722     237.311     283.387     414.795     281.435     225.448     399.112     238.007     226.102     237.268     313.353      340.22     325.565      115.65     239.081       157.8
    181.629  0.00386865    0.014344  0.00356686     264.948      218.01      4.3816     10.5183    0.242029     56.8561     17.4505       1e-06     72.2537 0.000678035     1.46509    0.510421      209.14     70.9947     7.65525 2.18108e-06
    43.9023       1e-06 1.16713e-06       1e-06     3.39306     28.2712   0.0269103       1e-06       1e-06       1e-06       1e-06       1e-06   0.0204038       1e-06       1e-06 0.000716324     8.91586       1e-06       1e-06       1e-06
    8.05922       1e-06   0.0810789       1e-06       1e-06   0.0290794     2.19054       1e-06       1e-06       1e-06       1e-06       1e-06       1e-06       1e-06       1e-06    0.027725  0.00712658       1e-06       1e-06 0.000318113
    21.9409       1e-06     1.49905       1e-06   0.0637272       1e-06     14.4897       1e-06       1e-06       1e-06   0.0329545       1e-06       1e-06       1e-06    0.825944      1.0519     6.19537       1e-06       1e-06  0.00988193
    64.5248       1e-06     65.3089       1e-06     19.3823       1e-06     85.8165       1e-06       1e-06     68.5753     139.064     70.6161       1e-06       1e-06     109.708     123.673     63.9424       1e-06       1e-06     49.9339
    21.0525       1e-06    0.361283       1e-06       1e-06    0.692289    0.383994   0.0161336       1e-06       1e-06       1e-06       1e-06 0.000119921       1e-06       1e-06 0.000461651  0.00913429       1e-06       1e-06       1e-06
    14.3225       1e-06     5.69709       1e-06  0.00121741     7.58061     5.52529     3.41041    0.335769       1e-06       1e-06       1e-06    0.300811       1e-06 0.000564965   0.0193497    0.808434       1e-06 0.000335977 0.000476593
      16.21  4.2021e-06     9.24863       1e-06     2.08643     17.0476     11.1025     13.5257     7.82392       1e-06  0.00272617       1e-06     6.86752    0.270886     1.18657    0.320311     10.3068   0.0158677    0.519148  0.00400022
    18.5634    0.624271     12.1996 0.000133678     26.6656     25.3227     17.0896     21.2539     23.0911   0.0209202     7.05735       1e-06     25.1963     16.5033     20.3436     11.7202     30.3954     7.17035     17.1272   0.0334658
    27.8333     65.3826     25.8883     14.6731     53.7897     29.7482     25.4289     35.2195     33.6985     43.6557     87.1979   0.0298515     30.4119     41.6944     38.3323     84.8061     39.8157     66.3378     52.5415     5.08444
    181.858     247.185      259.75     52.2835     383.742     133.034     189.517     429.889     350.615     148.709     416.522   0.0959996     188.507     288.899     285.909     493.827     308.377     294.914     310.508     18.9858
    25.3375     66.3542     26.8366     14.4752     49.3663     27.3349     24.1971     34.1648     32.7598     39.2413      81.495   0.0354007     30.0625     41.5599     36.4551     83.6608     35.4739     64.7906      53.351     5.05831
    19.3098      0.6441      13.704 0.000131838      24.163     21.7539     15.2795     22.2555     22.7066   0.0215308     6.33395       1e-06     25.9648     16.6162     19.4023     12.2658     27.8841      6.9772     16.8037   0.0413636
     16.359 6.32408e-06     9.31849       1e-06     1.64229     16.1952     10.1509      14.387     8.00292       1e-06  0.00402533       1e-06     6.48658    0.270781     1.21189     0.28199     9.89784   0.0206778     0.46922  0.00405078
    13.3067       1e-06     5.57256       1e-06  0.00055947     7.34384     5.03321     3.48133    0.345501       1e-06       1e-06       1e-06    0.292031       1e-06 0.000770016   0.0162574    0.940753       1e-06 0.000545896 0.000395685
     13.032       1e-06    0.374084       1e-06       1e-06    0.638388    0.355622   0.0196807       1e-06       1e-06       1e-06       1e-06 0.000284657       1e-06       1e-06 0.000295601  0.00485651       1e-06       1e-06       1e-06
    4.08508       1e-06       1e-06       1e-06       1e-06  0.00498603 0.000848245       1e-06       1e-06       1e-06       1e-06       1e-06       1e-06       1e-06       1e-06 0.000189042       1e-06       1e-06       1e-06       1e-06
    18.1387       1e-06 3.84325e-06       1e-06 8.80122e-05     7.96981   0.0448284       1e-06       1e-06       1e-06       1e-06       1e-06  0.00211901       1e-06       1e-06  0.00170008    0.344362       1e-06       1e-06       1e-06
    35.6946       1e-06 3.99643e-05       1e-06     4.87822     32.0168    0.215006  0.00279502       1e-06       1e-06 0.000139714       1e-06    0.369987       1e-06 0.000605063   0.0025738     12.9492   0.0100579 0.000588656       1e-06
    65.4312 0.000309903  0.00524149 0.000255765      70.089     69.1856     2.12273     2.08953   0.0183557   0.0615929     1.64603       1e-06     20.6277 0.000400618    0.341423    0.109192     60.5831     9.22592    0.702789       1e-06
    157.123     13.1722      6.2821     15.8621     240.531     171.695     35.6651     73.3749     21.2149     396.569     183.806  0.00854558     168.053     1.59074     34.9798     34.8668     226.763     251.907      111.61     2.67972
    215.581     383.003     369.017     37.1531     360.189     198.471       269.9     495.857     369.177     380.815     515.722   0.0183673     246.342     267.125     349.826     571.302      277.98     315.737     369.466     25.3292
    134.952     358.675     88.5462     29.7228     80.8368     196.191     90.4054     129.582     134.869     80.9945     547.151  0.00775605      202.74     113.709     143.956     301.446     222.138     289.252     252.249     17.8495
    68.5555     6.40596     84.6896 0.000209936     1.45776     94.9948     88.2353     83.7299     75.2279  0.00388999     18.9281       1e-06     88.0573     86.7852     106.838     76.9656     74.6851     8.40385     60.0403     0.63917
    37.1289 1.93874e-05     33.8804       1e-06  0.00071796     33.7563     40.6818     50.2066     22.4202       1e-06 0.000312683       1e-06     9.19541    0.972398     6.06691     5.62594     4.81369 2.93582e-05    0.450006   0.0621134
     18.684       1e-06     18.7856       1e-06       1e-06     2.17859     28.7307     16.2835    0.330741       1e-06       1e-06       1e-06   0.0135535       1e-06   0.0010594    0.729578   0.0214271       1e-06 0.000209276   0.0144428
    2.39866       1e-06    0.837843       1e-06       1e-06 7.07789e-05      2.7762   0.0811002       1e-06       1e-06       1e-06       1e-06       1e-06       1e-06       1e-06    0.011768       1e-06       1e-06       1e-06 0.000319406