    9.2135    138.971    392.636    140.739    92.0059    389.307    248.824    683.895    235.709    257.166    96.6142    232.239    105.522    540.651     183.61    982.305    1187.13     539.37    182.698    140.538
   1.31881    299.152    23.1399    10.7421    51.8001    40.5076    278.682    482.795    300.443    52.5612    23.0606    300.761    23.6802    130.554    20.4889    55.9921    51.5756    53.7619    140.256    44.7384
   5.24281    277.101    42.0479    45.3287    203.893    140.426    180.288    296.833     82.602    123.887    47.6314    142.509    140.167    174.189    40.6131    82.0249    188.285    106.849    94.5666    495.279
   1.13822    337.618    80.2078    62.5871    242.909    35.9206    175.584     170.51    110.852    89.5329    45.3462    66.6848    4.17025    80.0354    7.21096    52.7392     92.406    105.939    97.1811    222.781
    1.0092    13.4941    13.4121    9.84361    26.8792     37.646    188.971    131.134    32.3209    32.4432    14.9111    59.3503    102.272    27.0996    7.63737    41.2705    134.856    21.7288    18.9473    72.0779
  0.963238    140.499    11.7452    6.71604    32.5952    18.5089     117.56    78.5691    37.2929    20.9801    13.5603    74.8637     5.7087    52.0679    7.49095    15.6691     25.872    14.4117    47.5024    13.9917
  0.799309    77.1295    28.5894    8.85812    25.6599    30.5498    79.1943    159.244    34.1546    22.7322    10.4631    47.7669    31.8569    28.5713    6.52996    11.6976    40.1045    23.8214    51.1191     61.307
  0.498726    48.9964    15.7278    10.5904    33.4884    10.1157    70.1187    26.1192    26.3356     23.769    13.3018    38.3797    3.50312    36.0686    2.67043    19.8116    32.8889    16.6555    32.7618    25.1296
   0.25141    12.7291     21.647    8.31924    47.5978    13.3117    65.9647    50.7477    44.4824    28.4737    28.5646    87.0242    0.63707    36.5669    2.55795    10.8529    12.8404    32.0153    37.7566    40.2385
  0.208356     54.289    5.99645    10.2215    21.4276    4.05915     56.134    23.7477    10.5695    13.0649    5.86048    29.6956    5.30319    8.05478    1.96215    13.1981    16.6591    6.73281    43.3082    21.3491
  0.107779    7.42121    3.34564    2.72132    13.8883    3.77341    134.218    74.7932    6.45782       6.64    2.14031    15.2067    21.4305    4.93844    1.37774    8.69551    43.5307    2.52882     17.853    15.5069
 0.0740992    12.4157    4.27316    2.92396     18.229    3.04335    103.767    19.2682    6.65209    8.16448    4.41095     24.977    1.31851    4.73679   0.595372    10.9202    8.98715    2.08789    13.8777    16.9248
 0.0295534    42.6685   0.555561   0.931281    6.31603    0.66774    55.8283    16.3833    3.65258    2.70536    1.08417    26.2343    1.99702    5.52356    0.39483    4.15968    5.76945   0.508271    75.0423    3.16627
  0.143208    5.10749    11.3123    5.35012    13.6683     6.6442    33.4406    19.2381    16.2712    8.83551    14.8508    40.9294   0.249645    14.3908    1.19644    4.44382    4.62147    13.8504    12.6615    14.5693
  0.109164    6.92531    5.64742    2.79322    10.9553     2.4655    53.1812    7.11701    9.39478    5.38272    4.82204     29.168   0.423827    5.83735   0.604636    13.8326    8.08905    4.22485     10.829    6.07026
 0.0155024    1.57483     1.5735     1.6408    15.7032    1.06148    60.8258    10.4632    2.16084     9.7926    1.47666     9.9776    2.35251    1.15131   0.278999    13.0348    20.0519   0.881374    3.52033    7.92493
 0.0237293     1.4057   0.629649    1.22738    13.1284    0.60813    48.8685    4.82956    1.57427    8.71326    1.88996    22.5441    2.32131    1.66893   0.320457    5.16366    9.14643   0.560344    3.45125     8.9678
0.00581873    2.76046    0.14633   0.172998    5.85671   0.167532    60.0044    4.53096   0.542077    1.58712   0.748228    5.58835    0.71851   0.553698  0.0812534    12.8816     2.5113    0.10968    11.2271    1.12126
 0.0360162    1.81219    1.41525   0.950521     4.2687   0.924622    28.8406    5.19667    3.42124    2.10181     1.7314    17.4615    1.36755    2.41684   0.289141    2.14369    2.20123    1.33435     6.8722    2.69717
 0.0100224   0.741958    1.03459   0.829033    8.77522   0.510745     34.078    2.13431     2.4019    2.95089    2.31506    11.6806  0.0804031    1.07948   0.137097    5.11061     1.3474   0.953944    4.35545    2.75432