    6.26653 3.27233e-05 5.35076e-05  7.7898e-05    0.116039    0.872606 2.15999e-05 3.98698e-05 2.18145e-05     3.52871 4.70304e-05     4.50705 1.77961e-05     4.52044     2.99295      5.9329     6.69812 1.83902e-05     1.96402     4.42632
  0.0234374 3.31989e-06   6.874e-05 2.05217e-05 0.000733154 0.000128579 4.29774e-06 5.19198e-09 2.71299e-07    0.058712 2.71071e-06 7.22412e-05 6.49393e-06     1.62221           0      1.2084    0.533432 5.30741e-06  0.00016038 4.48313e-09
1.10173e-05 9.81002e-11  0.00106131 3.46059e-06    0.647991    0.147253 0.000139088           0 3.31884e-13   0.0161409 4.39622e-08 3.54959e-09 8.10095e-05    0.740064           0    0.150125 0.000147894 9.78495e-07 0.000125428           0
8.27597e-05 5.37939e-06     1.73547  0.00179907     11.5339     7.99245     2.54681 1.14807e-13 2.05811e-05     3.32573 6.18334e-05 9.73209e-06     1.28026     4.01052           0     4.69733  0.00699583  0.00532004   0.0961249           0
    4.41562    0.938284     18.1399     6.57807     33.7354     32.1333     28.9896  0.00157994     12.1315     27.2009     8.46146     5.70295     29.2873     15.3459 2.01702e-09     22.0289     3.93433     19.9851     16.3104 0.000443132
    75.0869     97.6133      61.919     77.2937     51.8028     54.6338     65.3699     99.9978     87.8678     57.4976     84.2741     82.5794     69.2285     48.7836     93.8437     50.8863     63.1833     79.9817      75.883     90.9914
    9.50412     1.44836     16.1703     15.7521     1.28434  0.00136075     3.09226 0.000500463 0.000156852    0.294729     7.26411    0.450405    0.203685     14.6868 1.02606e-07      4.8512     19.6183   0.0278544  0.00832308     0.32999
 0.00382818 1.26251e-05     2.02686    0.374197 9.21642e-05 1.50737e-06  0.00117065 4.27561e-08 5.54514e-08 0.000178249 0.000123198  4.6387e-06 9.60781e-06     2.88823           0     0.12891     1.30594 4.89664e-06 3.86749e-06           0
1.38508e-05 3.66087e-08  0.00713484 1.92186e-05 0.000123956 8.65883e-05 5.18019e-06 1.43919e-12 3.94903e-09   0.0143065 1.14165e-06 1.00578e-08 9.65642e-06    0.532346           0    0.217478 0.000202696  2.3571e-07 3.74835e-05           0
  0.0112695 4.05208e-06 7.33534e-05 1.01523e-05   0.0122864   0.0529248 2.78005e-05 5.55614e-08 2.58103e-06    0.464411 3.61875e-06 0.000126244 2.28337e-05     1.83191           0      2.3704    0.228524 3.43319e-06    0.011866 5.40883e-07
    4.68818 3.00109e-05 7.45932e-05 4.21238e-05    0.866319     4.16603 6.61849e-05 3.91623e-05 6.50309e-05     7.59861 4.31611e-05     6.75998 7.01069e-05     5.03797     3.16339     7.52801     4.49073 5.00292e-05     5.72599     4.25179
1.08005e-05  2.8163e-06    0.110859 6.45982e-05   0.0100163 4.50663e-05 0.000131915  4.1701e-08 8.49211e-07 0.000122248 7.05219e-06 1.83889e-07 1.57125e-05     1.61342           0   0.0142804 0.000100425  1.5626e-06 9.20864e-07           0
9.99098e-05 5.40046e-06      1.1388   0.0111907     1.17374    0.340195    0.184061 9.92551e-08 2.14334e-06   0.0247283  8.0131e-05 9.09792e-07   0.0019931     2.65717           0    0.553174   0.0340314 2.68417e-05 0.000135927           0
  0.0336132 0.000121881     3.98337    0.703247     4.74998     2.83482     2.49718 2.18048e-07 5.70926e-05    0.679199   0.0581346 9.12147e-05    0.798207     5.25829           0     3.22849     1.16697  0.00692607   0.0178103 1.03114e-07
    2.08029    0.171044      9.1446     5.39259     9.55615     7.37881     8.30106 0.000114354    0.274971     4.61329     3.01057    0.149485     6.22677     9.15586           0     8.47789     6.72071     1.95102     1.50907 0.000144034
    17.6745     10.7779     19.0743     19.8007     18.2772     15.9882     19.7893     1.44301     13.7255     17.4064     20.3823      10.108     19.5966     16.9071  0.00011828     18.6565     19.8323     18.5257     13.6561     2.15001
     60.497     78.1582     32.8641     48.3538     32.7241     46.6848      38.518     97.0636     72.0522     54.6876       53.57       79.46     46.8367     30.0932     99.9998     39.7383     44.7582     59.1186       69.72     95.7211
    17.6663     10.7033     18.9469     19.6061     18.0268     16.1427     19.8051     1.49321     13.6597     17.3117     20.0343     10.1343     19.4959     16.9706 0.000106355     18.0227     19.4277     18.5051      13.522     2.12859
    2.01931    0.189275     9.27201     5.37042     9.51447     7.44203      8.2634 9.90946e-05    0.287052     4.58452     2.88107    0.148082     6.25413     9.10674 1.66108e-10     7.87577      6.7448     1.88583     1.55417 0.000160404
  0.0287746 0.000149498     4.13574    0.744542     4.73794     2.86588     2.47485 3.10012e-07 6.41595e-05     0.66974   0.0634448 0.000118923    0.787729     5.05489           0     2.97118     1.27129  0.00675539    0.020685 1.35378e-06
9.63695e-05  3.0412e-07     1.21841   0.0171396     1.21607    0.322551    0.166807 6.47173e-08 2.48773e-07   0.0226754 0.000103478 9.59678e-07  0.00193829     2.27208           0    0.452777   0.0437674  2.8584e-05 0.000120494 2.75226e-10
 2.7614e-06 2.00293e-07    0.110953 0.000122793   0.0136009 3.49068e-05 0.000142048 5.07867e-08 6.09303e-10 8.48939e-05 1.38136e-06 7.39396e-07 8.91299e-06    0.910663           0  0.00890904 0.000109682 8.83603e-07 9.36563e-07           0
1.23181e-06 3.83202e-06 0.000189901 9.50824e-06 1.62867e-05 6.38213e-06 9.37233e-06 5.00395e-07 3.44688e-07 3.93464e-06 5.72409e-07  2.3357e-07 1.97314e-06    0.095429           0 6.21386e-05 1.50531e-05 2.29236e-07 1.34642e-06 5.36276e-10
4.71568e-05 2.08018e-06    0.404328  0.00301997 7.96346e-05 9.74106e-06 0.000115857 1.01877e-07 4.10883e-07 0.000251207 1.43824e-05 1.51517e-06  9.6587e-06     1.35167           0   0.0208531   0.0346111 3.20605e-06 9.38742e-06           0
 0.00877269 0.000103359     2.91254    0.627955   0.0223932 3.42338e-05   0.0186941 6.29211e-07 1.36452e-06  0.00899421  0.00496502 4.36551e-05 0.000124448     4.26306           0    0.633953     1.70368 6.92318e-05 5.01588e-05 1.16138e-08
    1.87211    0.107614     8.92259     6.42048    0.641032   0.0004379      1.0316 5.54047e-05 8.60845e-05    0.168902     1.37155   0.0374268    0.026658     9.61466           0     3.48094     9.11087  0.00644588  0.00251264 0.000180437
    24.6952     11.5526     20.9882     26.5702     5.45967    0.345988     10.1695    0.675963     0.11794     4.46563     20.3318      6.0135     2.96637     19.3871 9.68041e-05     12.6889     31.7958     1.69844    0.864275     7.79682
    58.2764     80.3819     31.0984     47.7158      29.748     42.0443     37.9189     98.1094     68.7124     43.5554     56.0738     74.5215     46.3596     26.3466     99.9998     34.0875     42.5641     57.8004     66.1083     91.3547
    14.4727     7.93759     23.6324      17.245     31.5426     32.3306     33.3739     1.21453     30.2683     34.8312     20.7325     19.1916     36.6589     21.6948  0.00013898     28.7237     13.2662     36.4997     28.7802    0.848185
   0.673024   0.0200265     9.38724      1.4093     19.2197     17.2081     14.0203 8.89707e-05     0.90076     13.4716     1.48517    0.235873     12.4638     10.2273 3.81111e-09     14.0611     1.46492     3.98373     4.10266 0.000111319
 0.00172634 6.26422e-05      2.4997  0.00810758     10.4242     7.12629      3.3708 1.66825e-06  9.0643e-05     3.32931 0.000180385 0.000117876     1.51959     5.05876           0     5.57962    0.059687   0.0111236    0.138724 4.15282e-08
2.20083e-05 8.20817e-07    0.154393 5.36864e-05     2.90397    0.944057   0.0960828 1.42813e-08 7.54596e-07    0.168688 5.18527e-06 3.62345e-07   0.0048546      1.7926           0    0.723222 0.000129221 5.90828e-05  0.00331665           0
1.95893e-06 4.19697e-07  7.3752e-05 1.34947e-06   0.0384037 0.000121129 4.00166e-05 3.72328e-08 4.23649e-07 5.21728e-05 8.71816e-07 6.31504e-09 1.55907e-05     0.16814           0 0.000118243 3.58049e-06 2.02347e-06 1.05093e-05           0