    3.58059   0.0288288 3.26722e-05     6.68703 0.000127792     1.22371     6.38318    0.572684     2.82122 1.53368e-05  2.6884e-05     3.99198 3.44686e-05     5.46882 4.05845e-05 3.58508e-05     7.87981 1.76837e-05 3.10468e-05 4.04038e-05   0.0259666 3.17317e-05 2.84332e-05 1.19317e-05 1.32294e-05 1.03381e-05     6.14579     8.15246     2.74485 1.85672e-05 2.16696e-05     6.20434     6.46019    0.461879     5.07387 2.84858e-05  3.9942e-05 4.30206e-05     7.77938 8.01281e-05
  0.0187318 0.000259346  1.8266e-07  0.00270024 4.56556e-05 7.09137e-05     1.30203   0.0104271    0.205955 9.36195e-07           0   0.0201229 3.59155e-06     2.35348 4.77178e-06 5.26334e-05    0.176008 7.35436e-06 1.59537e-08 2.37696e-05 1.98516e-05 2.09246e-05 4.37067e-06 1.20891e-05 1.64609e-06 1.29957e-07 4.32024e-09     2.15189    0.170292 5.90918e-07 9.85378e-06    0.540351 3.96173e-05 0.000132786 3.39999e-05 1.45008e-06           0 7.95854e-06           0 1.28066e-05
  0.0202257 0.000218755           0 9.61852e-08 3.18218e-05 2.38952e-09    0.222792     1.26823    0.131314  2.6147e-09           0 1.47372e-05           0     1.04715 5.65411e-09   0.0124785 5.00451e-05 2.09011e-05           0    0.220369           0 5.18923e-05 3.76707e-07  0.00844334  1.5202e-07           0           0   0.0392676   0.0102238   8.732e-10 8.11558e-05 0.000109348 5.95525e-09    0.297132  0.00818415 0.000128898           0 2.77957e-06           0 3.40448e-08
    3.31707     2.73019 1.05794e-05  1.5524e-05  0.00316213  9.6634e-05     5.50314     13.2126     8.44379  1.8442e-05           0   0.0688045 5.47647e-07     5.01692 1.72856e-05      3.7419 6.37994e-05    0.183229 4.99107e-13     7.77501 2.72889e-10    0.854755  0.00994343     1.30887     1.91245 3.11362e-05           0    0.132717    0.107577 3.77132e-05   0.0512471    0.212441 7.03733e-06      11.687    0.312698     4.73647           0   0.0128447           0 7.89888e-06
    25.5105     38.9112     1.85822     5.05086      4.5588     18.0217     25.4946     32.3216     34.9111     13.3228  0.00012228     18.0317    0.127846     18.6395     4.53093     22.6166     1.64884     23.3977  0.00906938     31.3405 0.000213428     24.2263      22.397     22.6354     34.3545     24.3728   0.0010992     3.62974     5.05294     17.4846     1.66858     13.6286     0.40447     36.2209     2.09358     35.3338 1.12531e-08      15.796 5.24099e-09     1.25639
    57.6884     58.1363     98.1415     76.5793     67.1005     74.1263     45.4605     49.3457     46.5627      86.577     99.9997     68.3128     99.3427     44.0094      91.088     56.6944     67.5144     76.4186     99.9818     57.5233     90.3885     68.1953     76.7922     75.0255     63.6863     75.6269     87.4646      56.345     62.0183      82.514     98.2735     64.1323      86.027      48.948     79.3027     59.7718     99.9999     78.5596     83.9983     77.8782
  0.0904375 0.000335253 0.000157227      5.4311      25.194  0.00383894     3.20029    0.778216    0.240269    0.100076 8.54229e-05     0.57844    0.529381     11.5909     4.38094     15.5676     18.5655 0.000247993  0.00900303     3.14032     9.57548      6.6774    0.800714     1.02153    0.046675 0.000206892  0.00310581     19.6023     22.4815 0.000148532  0.00653326      7.5313     0.42997     0.00292 0.000176048    0.157696 6.98293e-08     5.62923 2.41487e-07     20.5995
0.000122618 2.79196e-07 1.72835e-07 4.85232e-05     3.13869 1.64154e-06    0.107497 0.000162969 0.000154524 6.14811e-06           0 9.02965e-05 8.94394e-06     2.24097  8.2425e-05     1.36352    0.460708 1.78676e-06 2.02011e-07 0.000196038 5.11237e-05   0.0460052 1.16383e-05 1.70866e-05 7.46707e-06 2.51086e-12           0     2.13436       4.834 2.17639e-08  1.0739e-08   0.0226727  2.8695e-06  1.5574e-06 5.57276e-06 8.76846e-06           0  0.00221428           0    0.265777
  0.0103301 8.13532e-05           0 5.92377e-08  0.00447017 3.64254e-08    0.390776  0.00217273    0.158754 6.99873e-08           0 5.59445e-05 2.88264e-10    0.771951 1.12926e-06  0.00324383  2.3631e-05 7.59355e-06 2.26727e-09 3.40607e-05           0 2.10492e-05 9.08629e-07 5.05249e-05 9.00542e-08           0           0   0.0370779    0.151242 1.49232e-08 9.49632e-06 0.000195561 6.09079e-11 8.88014e-05 0.000104999 1.15287e-06           0 1.61519e-06           0 3.38328e-07
   0.288174  0.00560657 2.17822e-06  0.00171066 3.09702e-05      0.0013     3.15756   0.0559666     1.40402 1.60851e-06           0    0.157201 4.19829e-06     2.62907 3.29679e-06  9.5793e-05   0.0241429 2.17194e-05 3.89973e-07 4.81987e-05 9.98615e-07 2.80821e-05 2.66749e-06  6.9044e-05 7.01263e-06 8.09465e-07 6.87803e-07     1.50768     0.15338 2.97632e-06 3.51786e-06    0.763722 8.47159e-05    0.057479   0.0276359 2.09672e-05           0 8.11641e-06           0 1.07137e-05
     9.4754    0.186947  3.8237e-05     6.24727 8.65472e-05     6.62293     8.77761     2.43224     5.12067 3.94936e-05 1.89306e-05     8.83876 2.93546e-05     6.23186 2.91983e-05 7.41122e-05     3.73036 8.66916e-05 4.46596e-05 0.000136358  0.00980969 6.16534e-05 5.71797e-05 5.68359e-05 4.74188e-05 7.32841e-05     6.38544      6.2675     2.27569 6.65837e-05 3.56079e-05     6.96401     6.67824     2.32443      13.181 7.59265e-05 3.97551e-05 4.25345e-05     8.22236 3.73792e-05
0.000127568 1.27712e-05 1.78692e-06 2.95235e-06  0.00441874 1.74636e-08   0.0310117   0.0566713 0.000196126 4.21725e-07           0 2.54798e-06 2.12932e-06     2.62395 8.01482e-06    0.242867  1.8888e-05 2.61513e-06 9.82324e-07  0.00615582           0 0.000138061 3.98472e-06 7.73184e-05 1.45292e-06 4.06311e-09           0 0.000124999    0.265922 7.71782e-07           0  0.00417555 1.24841e-07 6.96637e-05 6.21996e-06 6.81198e-05           0 4.70126e-05           0 2.70014e-07
  0.0287146  0.00285431 4.17211e-06  3.2589e-05    0.378569 2.38352e-06    0.942811     1.63866    0.262566 7.17152e-07           0 0.000148843 5.46408e-06     3.48011 4.60352e-05     1.81355 0.000953602 0.000123321 1.83123e-06    0.828942 1.85349e-08    0.164381 0.000128415   0.0188168 0.000243695 7.01902e-07           0   0.0347343     1.45511 2.04554e-06  9.2589e-05    0.149502 2.07785e-07    0.620262  0.00588785    0.256627           0   0.0124944           0 0.000110597
   0.572539    0.469933 1.39429e-05  0.00491282     2.60955 0.000148794      4.1899     5.09988     3.13688 0.000224454 2.34471e-08   0.0605689 7.12727e-05     5.99159  0.00939034     4.92346    0.229609   0.0636047 6.33771e-07     3.77672 0.000135472     2.11394    0.120189    0.485396     1.14943 0.000124115 1.22119e-09     1.50421     4.17959 8.76749e-05   0.0130597     1.65684 3.21463e-05     4.38629   0.0781955     3.76625           0    0.808505           0    0.266697
    3.85879     4.95643  0.00658919     1.12451     7.74576    0.744545     9.39008     9.17775     8.90384     0.94759  4.0364e-05     2.72315   0.0538597      9.4768     1.33253     9.80649     4.32605     2.68027 0.000195717     8.78361    0.617905     7.98673     3.89877     3.71295     8.32692     1.72972 8.41704e-05     6.89343     8.59613    0.120283    0.155486     7.33415   0.0158342     9.70094    0.295761     10.6622           0      5.7915           0     5.24748
    15.9082     20.4253     7.00806     16.4595     19.2038     16.1897     18.5893     17.2954     18.6368     18.6767    0.373665      17.682     7.12434     16.0801     17.7274     18.5068       18.96     18.7551     3.53973     18.9845     13.9639     20.3857     20.3981     17.0137     20.9269      25.572     1.07958     18.6754     18.3706     12.7045     3.69651     20.5478     5.70443     17.4259     2.47082     19.4888 0.000123805     20.6396 0.000156088     20.2709
     59.336     47.8365     86.0397     64.8082     38.3235     66.1515     35.7574     33.7925     38.6294     60.8814     99.2316     59.1565     85.8395     25.9549      61.864     29.2634     53.2088     57.3039     92.8568     35.8783     71.1044     38.8326     51.3966     57.6073     39.2445      45.322     97.8037     46.1761     35.8586     74.5355     92.2459     42.3266     88.6084     35.5654     94.1709     31.5104     99.9997     45.9795     99.9997     48.9707
    15.8193     20.5051     6.93951      16.526     19.7022     16.1763     18.0755     16.9328     18.3868     18.5926    0.394632     17.5893     6.93445     16.4563     17.7725     18.3594     18.7327     18.5325     3.60306     18.4917     13.7128     20.3373     20.1503     16.8587     20.8455     25.6076     1.11656     18.1592     18.0551     12.5105     3.71189     19.6532     5.65486     17.6295     2.59093     19.8749  0.00011461     20.4331 0.000140322     19.7337
    3.86832     5.23729  0.00614658     1.07262     8.36394    0.737491     8.55958     9.20168     8.74453    0.901275 3.12016e-05     2.72309   0.0476577     9.59147     1.28269     9.96942     4.30414     2.60124 0.000189755     8.63885    0.600775     7.89344     3.89847      3.7763     8.37093     1.76843 7.09477e-05     6.90013     8.06385    0.127921    0.163892     6.71742   0.0163878      9.7221    0.303436     10.5857 2.64515e-10     5.52936           0     5.21292
   0.580491    0.564351 1.34374e-05  0.00420648     3.14182 0.000194714     3.70079     5.10165     3.06093 0.000219939 4.54214e-07    0.065018 8.28262e-05      5.8474   0.0113667     4.99239    0.237489   0.0631621 9.33227e-08     3.76953 0.000101973     2.12942    0.137314    0.509295     1.13522 0.000100559 1.80754e-06     1.61593     3.86289 0.000103289   0.0130599     1.48653 4.37027e-05     4.35539   0.0782622     3.63104           0    0.789107           0    0.297245
  0.0274415  0.00226363 4.17533e-08 3.53707e-05    0.515979 1.34784e-06    0.742626     1.65687    0.237988 4.54541e-07           0 0.000169151  3.5764e-07     3.01486 5.47191e-05     1.87632 0.000216677 0.000115681 1.77031e-07    0.835202  3.1527e-07    0.156279  0.00016157   0.0174177  0.00031164 2.45357e-07 4.55985e-10   0.0406779     1.18518  2.4482e-07 7.06955e-05     0.12201 1.22216e-08    0.594096  0.00577403    0.223983           0   0.0166539           0 0.000164221
7.79178e-05 5.68496e-06 9.64882e-10 2.50855e-06   0.0103855 7.42094e-08   0.0210631     0.04609 0.000134143 5.33331e-08           0 9.08491e-07 2.55178e-08     1.48252 1.71194e-06    0.245849 6.84314e-07  3.8323e-07 1.23151e-07  0.00652027           0 0.000126307 2.53423e-06  6.9573e-05 9.62034e-08           0           0 7.58161e-05    0.107013 1.55469e-09 7.64719e-08  0.00164631 3.97801e-11 5.37046e-05 2.08792e-06 6.05221e-05           0 0.000108489           0 7.04819e-07
1.98806e-06 2.93916e-06 1.71058e-06 3.46473e-07 0.000136195 2.22416e-08 9.05167e-05 5.76162e-05 6.64948e-06 1.84352e-08 5.84291e-07  3.2634e-06 5.34332e-06    0.150386 2.92158e-07 0.000194891 2.53229e-06 8.07646e-07 8.22936e-07 2.11124e-05           0 2.95596e-05 1.96729e-06 1.20811e-05 8.30047e-07           0           0 1.95659e-05   0.0307388 1.05849e-08 5.82381e-09 1.12889e-05 1.78727e-07 6.22431e-07 5.97825e-06 8.36111e-07           0 2.15022e-06           0 2.50367e-08
0.000192485 7.57786e-06 7.33904e-07 2.09276e-06    0.429507 6.13022e-07   0.0455634  0.00137127  0.00222185 1.98432e-06           0 4.80517e-05  2.4905e-06     1.47468 1.52898e-05    0.211862 0.000176465 5.04559e-06 8.77691e-07  7.2987e-05 1.10203e-08  0.00433452 7.85097e-06 2.83107e-05 6.03012e-06 4.63486e-08           0   0.0842822     1.86797   6.264e-07 5.40568e-06 0.000301401 1.89575e-06 1.85273e-06 2.30868e-05 1.09636e-06           0 0.000107561           0  6.7374e-05
 0.00416812 4.68745e-05 1.05788e-06 0.000165898     4.11736 8.62966e-06    0.752844   0.0250562   0.0374425 9.67945e-05  2.8875e-09  0.00239421 0.000105551     3.94815  0.00232509     2.75092    0.448818 1.62954e-05 2.98593e-06   0.0458883 0.000119809    0.236457 0.000203142 0.000237253 0.000120082  2.6424e-06 6.75212e-09     3.28266      5.2669 6.68934e-07 2.11365e-05    0.119401 3.95171e-05 2.99435e-05 3.22512e-05 0.000172773           0   0.0212993           0    0.417802
  0.0508657 0.000676945 5.39498e-05    0.741697     12.5227  0.00125745     3.14178    0.477622    0.423504   0.0174716 1.94993e-05    0.200578   0.0392199     8.76639    0.613512     9.30987     6.54499 0.000113751 0.000167209     1.60039     1.11708     2.98753    0.110727    0.191784  0.00944977 0.000155213 9.14189e-05     11.4774     11.7762 8.97824e-05 0.000177125     3.23313    0.016023 0.000697591 0.000103111   0.0388183           0     1.50765           0     7.21116
    2.76332    0.211598    0.207826     18.7359     29.6515    0.575812     10.4429     4.75946     3.42229     3.32767    0.108554     5.47815     10.3201     16.9841     17.6718     19.4273     34.6048    0.285047     2.66072      9.5935     30.9579     15.1661     7.11969     7.93728     1.23656   0.0868495     1.14615     29.1833     27.0413   0.0713068     2.03123     19.8641     7.85549    0.375461    0.325097     2.50244 8.80347e-05     16.7052 0.000142437     34.2563
     48.553     36.8008     84.7652     62.3476     38.7208     58.1019     28.9059     28.8846     30.4791     61.8071     99.5975     53.7537     85.8199     22.1068     64.3746     25.4103     49.6621     54.7764     94.5969     31.7932     67.5575     36.9101     48.2837     49.6602     42.5431     54.4243     97.8199     39.9796     36.8001     57.9195     90.7515     42.9853     85.4747     32.7352     92.4251     38.4373     99.9997     46.4182     99.9997     50.6376
    32.5627     43.4769     15.0034     17.7472     13.4989     39.3567     31.8978     31.1489      35.542     33.3868    0.293931     34.6473     3.81779     24.3537     16.9313     24.3992     8.45431     37.6306     2.74206     30.0651    0.367301     32.1527     38.7848     30.1378     38.3403     42.3833     1.03364     12.4052     14.5058     40.5289     6.54735      27.059     6.63419     34.7733     5.71303     35.4844 0.000167015     30.7636 0.000160646     7.35603
    12.5487     16.3208   0.0234076    0.427298     1.04284     1.96367     16.9324     18.9618     20.7695     1.46083 1.34009e-05     5.79162   0.0028674     13.0413    0.406183     12.9613    0.283274     7.01954 0.000168649     17.1858 5.78761e-05     11.1058       5.682     10.1878     15.7576     3.10537 0.000178849       2.856     2.33863     1.47893    0.584118     6.29661    0.019412     20.5387     1.12941     17.8256           0       4.553 9.26489e-09    0.120981
    3.33758     3.12595 0.000104486   0.0001202   0.0160944 0.000702398     6.95736     11.3328      8.4639 6.87575e-05 8.22124e-07    0.125995 2.40938e-05     6.58528 0.000147155     4.97667  0.00158445    0.286937 2.04244e-06     8.13986 1.51663e-06     1.42778   0.0187684     1.80091      2.1127  7.1732e-05 5.56088e-08    0.715409    0.332009 9.76435e-05   0.0837357    0.441492 0.000127653     9.86639    0.356476     5.55995           0   0.0308936           0 6.34326e-05
   0.179373   0.0631266 6.19408e-07 2.40345e-06 0.000117306 4.70457e-06    0.923345      4.2827    0.859913 2.39256e-06           0  0.00019353 4.64885e-07     2.33025 4.99707e-06     0.55156 3.35328e-05  0.00125453 2.90538e-07     1.56859 7.82795e-08  0.00918157 8.14015e-05   0.0838211  0.00017726 3.37529e-08           0   0.0159884   0.0339691 1.75201e-06  0.00186866 0.000691704 2.92991e-07     1.71013   0.0506316    0.151334           0  8.4808e-05           0 1.20114e-06
9.41193e-05  6.3612e-05 1.13062e-06 1.01584e-06 8.29709e-06 1.27636e-09  0.00015115    0.125584  6.5742e-05 2.12785e-07           0 4.89503e-06 1.88563e-07    0.258999 1.39338e-06 0.000776645 2.28624e-06  3.2086e-06 6.06278e-07   0.0076454           0 1.44032e-05 7.18302e-06 8.52388e-05 5.14678e-10           0           0 2.34508e-05  0.00635184 1.01773e-08 2.67553e-06 1.20864e-05  1.2597e-08  9.3021e-05 7.36267e-05 1.16102e-05           0 1.45056e-06           0 8.40214e-10