    10.999    24.6777    42.0147    37.0589    71.1377   -1.88962     58.031    11.9156    45.4856    39.4092    80.1855    45.5915    80.0924    -1.6669    98.4604    138.497    18.5053    28.7394    128.958    12.5235    85.0773    29.3452      149.6    87.1697    15.2586    22.6775    23.4607    27.3754    114.497    18.4632    7.15394    60.9973    21.7393    83.7158    25.3003    154.616    30.4174    109.982    85.0252     135.26
   42.3599    17.3421    58.3321    56.5122    53.9542     31.075    27.9698    57.2602    37.7211   -21.3746    47.1675   -4.64978    11.5445    42.8164    44.0661    34.9417    52.9383    50.0633    25.2635    38.9464    36.9986    55.5926    37.3911    26.9639    23.9022    19.6231   -17.2987    26.4602    29.5633    44.3593    2.01704   -40.7666    48.8734    27.6845     32.904      37.69    20.5069    36.1627    7.89019    37.0302
  -35.5301    -3.9387    30.2627    30.2615    37.7551   -8.26924    40.8567    7.73498    44.9524    34.7388     33.759    14.3556    12.6035   -2.03231    32.4765  -0.235234   -38.7501    21.3402   -24.6404    5.54703    7.99038    29.4204    5.31846   -7.30531   -4.01984    29.2401    22.9369     12.818    24.9765    13.1718    7.53079    19.6896    20.8753    8.17975    9.49431    2.19646    15.8164    39.2132    41.0276     12.245
   56.3324    7.84466    49.5634    33.8839    33.9746    15.7761    32.4948    56.5215    23.3255     30.021    23.5305    28.6793    34.2327    33.1982    35.0706    25.8644     82.449    19.4933    22.7149     19.366    21.0741     22.633    25.5391    15.4646    7.33729     22.549    18.3303    14.8265    27.9243    24.2295    7.08436    65.6185    30.7214     25.387    11.0357     25.171     26.898    10.9515    33.6334    25.2788
  -25.7589    4.25034    2.88365   -6.47404    1.12118   -21.7745    -11.867   -10.5757   -10.0607   -14.5643   -9.47929  -0.955287    5.16454    -22.708   -5.08881   -13.8203   -16.7074    -15.075    7.48992   -15.6058   -19.0993   -10.5636   -21.3099     1.5345   -12.8598   -17.4676    -10.457    5.31165   -18.0649   -18.9305   -5.17095   -19.8752   -12.9698    14.4698   -12.0118   -22.5099   -2.22539   -15.1033   -19.1213   -19.5828
  -17.7075   -11.8953   -2.17196    3.36043   -3.67656   -18.5617   -8.54738    5.25324    -3.5197    7.99295   -2.81089   0.802357   -12.6281   -4.96909   -8.72074    1.03481    1.83142   -1.23404    4.02027   -9.52413   -5.57739    5.25673    1.11404   -3.51863   -16.4927   0.679918    14.2163   -5.46214    -8.8143   -7.01489  -0.200923   -7.63916  -0.559938   -8.13016   -8.34562    2.51152   -7.14894   -5.09803    -19.994   -1.36065
  -1.77637   0.689499   0.812112   -12.8678   -2.84876    -3.8531   -7.74944   -15.3936   -10.8099   -7.97611   -7.19619   -11.8848   -20.6425   -14.1964    4.01946   -8.33727   -7.43423   -13.4373   -20.4361   -5.58169   -4.26958   -15.4446   -6.08894   -9.00238    1.38936   -6.24217    2.89601   -12.9881   -9.73149   -10.5991     1.9989   -11.2446   -11.7215   -12.6684   -2.82192   -6.18979   -7.08113   -14.6175   -17.3853   -7.02781
   19.5939    3.94068    10.5382    11.6564    19.0954    18.2109    6.48876     5.7472    3.86483    16.4437    13.1498     10.731    9.65224    11.4247    9.42998    6.82667  -0.796738    11.9854    9.81604    12.4422    8.09377    8.52634      6.346    6.05776    10.1272    2.78009    12.3629    3.02774    7.68594    11.0387   0.899563    9.98242    7.50854    10.3005    4.04978    5.81245    4.85003     17.639     6.4047    8.02202
   1.62256  -0.677328   0.144045   0.554978     1.5566    1.93212    0.96274   0.308758    1.15789     1.2813   0.977312    1.17755   0.715531    1.02882   0.642457   0.806606   -1.45089    1.53316    1.48203    1.20588   0.219629    1.20096   0.672695    1.06351   0.142097   0.415311   0.580903   0.754371   0.889355    1.49937    -0.6755    1.97747   0.829822   0.842248   0.388289   0.523718   0.364013   0.986537 -0.0907107   0.748799
  -8.33987   0.151416   -7.71386    -3.8168   -4.75141   -10.9953   -4.23644    1.51276   -10.6832   -10.2762   -5.36936   -2.29854   -4.55187   -3.31368   -8.03132   -8.02977   -2.39754    -11.439   -11.4299   -7.19737   -6.41202   -9.28086   -6.94923   -7.44271   -6.41099   -8.05515  -0.419419   -9.86396   -3.91829   -11.4153    2.28882   -17.0656   -7.27052   -12.0614   -8.53917   -7.37725   -3.12768   -1.41657   -2.64372   -5.77853
  -6.75883    -14.392   -2.80678    -6.9747   -5.40659   -5.68858   -9.36088   -8.94374   -4.92835   -9.64414   -7.63469  -0.129749    3.73625   -9.77062    -5.9435   -6.29494   -9.17712    -5.7287   -2.92877   -5.10552   -5.11617   -5.38221   -7.00596   -11.3177   -2.06374   -6.63378   -4.63843   -13.9161   -7.98166   -5.64557   -1.30669   -9.73216   -6.56819    -13.194   -5.01235   -6.81675   -10.4355   -10.5059   -8.31372   -7.53316
   12.8232   -3.64729   0.756108  -0.212148   0.764029     5.5877    6.48921  -0.815916    2.23521    2.87113    3.73826    9.99075    5.72271    6.08201    7.02832    3.76873    6.07209    5.34565    2.74851   0.715432    1.19061   0.784283    3.75002    1.20062    -6.9955    6.34844    3.98506    6.15772    3.87976    7.59309    3.00234   -5.77792    3.35378    3.84453  -0.763722    3.52683    7.25092    3.11333    1.36428    3.86455
  -1.93073    4.12204    1.83658    3.49268    2.41396    2.55316    4.15339    3.57779    1.93652    4.71027    3.21239    6.61301    2.90343    2.33872    2.78426    2.55826   0.564171   0.445116    1.62222    3.50109    4.19607    2.18668    2.71825    2.99142    8.96908    3.65508   -7.25038    2.43309     1.7738  -0.173772    0.59672    1.92199    2.10269   -1.05135    4.13743    2.75262    5.53678    3.22406   -1.03261    2.72279
  0.995107   0.501801   0.237831   0.648398    1.10368   0.509206   0.520533   0.459065   0.101768   0.826097   0.773278  0.0311892   0.563216   0.868865   0.575582   0.527304 -0.0287592   0.801792   0.432474    0.17315   0.234807   0.645901   0.577181   0.738413  -0.812615   0.359218   0.860034   0.759301   0.716037   0.629294   0.949498    0.59281   0.690224    0.35593   0.610828    0.45093    0.59472   0.521844    0.74656   0.589072
   3.13077    8.22631    3.69359    5.49018  0.0887023    6.50915    5.79065    2.98801    6.67629    5.13572    3.37484    6.95266    4.01547    3.01704    4.55594     5.6144    5.02584    5.52484    4.78527    6.98582    4.05391    7.39976    5.63078    4.54926     5.2738    1.84434    6.36201    4.44848    4.38622    4.23286   0.464756    2.73334    5.25103    3.26778  0.0168484    5.97331    5.06978    1.47221    4.07948    4.71624
  0.529959   -5.49212   -1.72655   0.898031   -2.09441    1.82166    2.60456     3.8489  -0.433435   0.477955 -0.0699052   -0.13016   -1.17343   -2.72753  -0.225842    0.30903      3.957    0.19782   0.991821    1.21886    1.14604  -0.533504   0.233627   -1.86037    6.67288    1.01192    1.89792  -0.559196   0.971839   0.160144    1.00463   -2.69232  -0.248397    4.28237 -0.0030477   0.143406 -0.0760496   0.827892   0.861238   0.392727
   -4.2311   -3.89092   -7.35393   -5.88589   -6.48759   -7.65791   -5.69093   -5.05553   -6.11114   -5.55292   -5.44415   -4.49722   -6.31035   -9.44089   -5.45728   -6.41089  -0.211835   -3.47242   -8.71346   -5.27873     -6.295   -5.62957   -5.70482   -5.61552   -6.07781   -8.16355   -6.09018   -4.65088    -5.9238   -4.33074   -5.53591   -4.47919   -6.41827   -9.33732    -3.5907     -5.766   -8.46934   -4.49137   -6.42015   -5.68026
   0.59096     2.5368  -0.306207   0.215112  -0.125244    2.31914    1.21458    1.11877  0.0813016   0.784092   0.488877  -0.491218    2.21699  0.0564531   0.703585   0.570468    1.69236   0.908079   0.954556 -0.0552485  -0.954271 -0.0130576   0.397514    1.86639   -5.64406   0.915359    1.43522   0.123029   0.452974    1.10311   0.133248  -0.880161   0.210249   -0.28997     1.6175   0.341662    1.75018   0.703463  -0.254545   0.489525
  0.162954    1.85756  -0.510462  -0.155086    0.14138   -1.37282   0.823666   0.567644  0.0235086  -0.386826   0.922047  -0.647741    2.22963   0.463574    1.30658   0.282252   0.467466    1.14548   0.892439   0.944207   0.466193   0.124525  0.0353542   0.469701    1.97139   0.720047  -0.229165   0.489994  -0.105398    1.05685  -0.344807    2.17262   0.551524   -0.58128  -0.179366  -0.103054   0.737155   0.634897  -0.726428   0.199917
  -2.92425   -3.96284   -3.60905   -3.88239   -3.68271   -5.62656   -3.63867   -4.98909   -3.54602   -3.86284   -3.34713   -3.41721   -3.39697   -2.68736   -3.02549   -3.37114   -3.32314   -2.56852   -3.28065   -3.47603   -3.41951   -3.06816   -3.44774   -3.96393   -2.25677   -3.84563    -4.4872   -3.61747   -3.68462   -2.85176  -0.704903   -2.00301   -3.10563   -3.65374   -4.00167   -3.41138   -2.12932   -3.42453   -3.82627    -3.5195