5.22895e-05      1.8629 5.62093e-05 7.65771e-05     7.04734 8.07327e-05 2.16434e-05     5.36896 2.39923e-05     5.91812     6.34401     5.90748 9.50848e-05 8.55917e-05     3.27051 5.64449e-05   0.0010676 6.15714e-05 2.26488e-05      4.8964     2.92431 4.70189e-05   0.0574681  3.8165e-05 5.11557e-05 9.49259e-05     2.89084    0.644249 4.60501e-05 4.35764e-05     6.99463     6.75803     6.28756  0.00316228     8.40558 3.29571e-05     7.75706     2.23698    0.358267     3.62352
4.96032e-05    0.250538 2.67247e-05  5.4331e-08    0.223547 2.63299e-05 2.04791e-05     2.82802 6.28232e-06  1.5337e-05 3.58726e-05     2.00258  1.9949e-05 5.98977e-05 0.000202069 1.79198e-05  0.00269973 9.59057e-10 7.43164e-06    0.219748  0.00422822 1.08322e-05  0.00180312 2.19016e-05  0.00102819 0.000100238    0.398509 0.000253906 6.76409e-06   2.478e-05 6.30718e-05    0.492861     1.87941  0.00452395     1.37825 3.41247e-05 1.28376e-07   0.0643184   0.0445394    0.136087
 0.00187235     4.51132 2.81524e-06 1.05217e-07 2.50159e-06  8.6862e-06 0.000107854     2.44851 3.21943e-06 1.75102e-10           0    0.326235           0 9.44763e-06     3.52358 2.57902e-06    0.220806           0 0.000102087   0.0450605 1.99537e-06  1.5864e-06    0.246302    0.101109     1.79935 0.000259617  0.00635338 4.07354e-05 4.06781e-06 2.71028e-06    0.127706 2.55078e-05     0.16789    0.243637 0.000634403   0.0129371           0 0.000125474     1.45455     1.00008
    2.70027     15.5102   0.0233332 2.03874e-06 0.000102137 1.79747e-05     2.38363     6.14038     0.47302 5.05217e-07 3.25091e-06    0.126039 1.12031e-09 0.000120425     11.5008  0.00020562     1.78665           0     2.75415    0.120244 0.000252688 0.000116366     6.62663     7.04115     13.2044    0.531597     2.18541      1.1211 0.000122819    0.213859    0.448134 0.000199903      2.4471     7.11426   0.0177062    0.175003           0    0.822766     14.5166     4.16711
    29.2569     30.5186     14.5366   0.0564826     6.88541    0.612049      35.908     16.9102     31.5173     1.15385    0.062207     2.04045 0.000270488     7.61359     21.4862    0.631507     20.0259 0.000162096     29.9508     5.58601     17.5818     17.7249     38.4965     30.9496     33.7778     14.4848     30.3176     31.3698     9.45794      30.303     1.72894    0.980139       18.81     27.7489     3.71903      1.8514 0.000177161     29.0751     44.8243      18.746
    62.3807     36.3711     80.7313     99.9338     72.2253     84.6202      61.608     37.7798     68.0092      83.417     86.8227       44.16     92.8545     70.1483     50.1137     99.1772     77.4742     99.9996     64.8071     77.4567     71.5766     82.2704     54.0773      61.872     49.3765     57.9944     54.6859     61.0265     89.0302     69.2984     80.9343     64.6845     49.8723     51.3409     55.8132     97.7608     83.7099     60.9332     34.3842      54.734
    5.60367    0.848564     4.70721  0.00953467      7.0735     14.7544   0.0999968     10.8842 0.000372439     4.10732   0.0272457     31.3482     7.14502     21.2039   0.0226347    0.190939    0.433356  0.00013073     2.48758     5.49915    0.148509  0.00433515   0.0223771   0.0357621      1.8404     21.7438     2.12893  0.00854944     1.51152    0.184517 0.000526676      23.562     9.02132     12.0342     24.3743    0.199615 0.000184131    0.893717   0.0806986    0.515753
  0.0562192   0.0763363  0.00133417 3.75647e-07 0.000164522   0.0131077 8.72083e-06     3.38748 1.11128e-07 4.76732e-06   7.592e-09      10.078 3.77489e-07     1.03357 0.000146525 2.68294e-05  0.00615144           0 0.000142752    0.134414 1.22033e-05 1.77576e-06 8.18692e-05 8.74143e-06 0.000221909     5.10271   0.0198778 3.31455e-06 6.90478e-05  1.7301e-05  0.00106893     1.01533    0.418509     1.46953     1.86898 4.27989e-05           0 0.000210056  0.00588192    0.124567
8.80996e-05     1.01186  9.7376e-07 2.08366e-08 4.91779e-06 3.72058e-06 8.59927e-06     2.42983 2.96628e-07 2.19004e-09 1.28876e-08     1.12098           0 0.000192926    0.167766 9.09957e-07    0.025834           0 3.19416e-06   0.0620349 8.34866e-06 3.11816e-06  0.00560605 8.33785e-05 3.92188e-05    0.142083  0.00525046 3.87018e-05 5.37128e-06 7.45244e-06   0.0347336 2.99156e-05    0.203594   0.0323731  0.00180985 3.57146e-05           0 0.000113168    0.323192     1.16078
6.21492e-05      2.5745  1.9194e-05  4.3572e-07    0.159436 2.43403e-05 6.54941e-05     4.28885  5.1665e-05  0.00010327 0.000102291    0.658679 5.80429e-06  0.00011067    0.860247 1.37418e-05   0.0167041           0 2.30023e-05    0.299075    0.025623 1.74651e-05   0.0510998 6.59211e-05 6.57139e-05 5.28244e-05     1.19261    0.263419 7.05277e-06 4.13182e-05    0.233343   0.0635237     3.07697  0.00450276    0.480213 2.75771e-05 2.65501e-06    0.337226     1.46749     3.12834
9.13977e-05     6.46419 7.81735e-05 5.30217e-05      6.3852 7.44384e-05 0.000116653     7.53384 0.000105401     5.40353     6.74369     2.23128  5.0797e-05 6.91748e-05     9.05428 5.95496e-05  0.00664103 3.86698e-05 7.98281e-05     5.68119     7.73862 0.000108288     0.41483 0.000125884 9.36758e-05 8.93789e-05     6.16873     5.56608 4.56535e-05 9.35204e-05      9.4966     2.44333     7.81536  0.00392988     3.94033 3.00467e-05     8.53266     5.63627     2.54028     12.6637
  0.0211364    0.558122 5.33941e-05 2.73929e-08 8.96896e-06 1.43339e-05 8.27307e-05      2.9415 1.53615e-05 7.90872e-10           0    0.313176           0  0.00013975    0.315693 1.06285e-05   0.0090781           0  0.00024534  0.00128376 1.27007e-05 2.05033e-05  0.00162681  0.00187517    0.242453    0.353269   0.0216932 8.45146e-07 3.09785e-06 4.05303e-06  0.00517803 8.80684e-05    0.993735    0.540892    0.009164 0.000106556           0 8.17605e-05     0.02315   0.0656577
   0.683713     3.54363  0.00607844 3.18226e-06 0.000139216 0.000197777   0.0197801     4.36823 0.000144977 3.83569e-07  5.1781e-07     1.89499 6.24252e-08   0.0809932     2.91496 3.91741e-05    0.135327 8.82856e-08    0.254815   0.0275806 6.96127e-05 2.83308e-05    0.306804    0.794009     2.68936      2.0798    0.305071 0.000132593 8.80967e-05 0.000206473   0.0720552  0.00608451     2.00323     2.33798    0.332318   0.0108354           0   0.0106599    0.983265    0.662551
    3.19158     6.61677    0.420611 2.24498e-05   0.0532746    0.164184     1.41221     6.33346    0.160979 0.000218722 1.81152e-05     4.98209 0.000117847     1.80312      4.8669 0.000928168    0.601383 3.79562e-07     3.04865    0.192403   0.0051001 0.000238873     2.34862     3.84106      6.1126     5.21101     2.16061    0.450503    0.017055    0.146152    0.160959    0.557333     4.63876     5.22132     2.98287   0.0604507           0    0.607261     4.04527     1.92946
    8.69916     10.0668     4.70051  0.00340509     2.34592      3.6891     7.74637     9.34885     5.10712    0.129908  0.00267349     9.41753    0.177492     8.09982     7.18219    0.148538     3.31958 3.34488e-05     9.32489     1.95623     1.22123      1.1136      8.1637     7.85186     9.98241      9.7576     7.89401     6.45344     1.55581     5.46716    0.371461     5.62507     9.67711     9.79134     9.59113    0.258167 7.11644e-06     5.71368      9.5845     5.07842
     19.629     16.1769     19.9926     3.98664     16.0552     18.4134     20.3356     15.0936     20.7772      9.6318     3.17801     17.1119     8.79083     20.4434      12.538     8.21225     14.9793    0.459352     20.1472     14.9348     12.9111     17.8849      19.885     16.2607     16.6528     18.1808     20.1984     21.2485     17.6351     22.7553     2.35114     17.8241     18.4526     17.8162     20.1651     5.03218    0.055829     19.6343     19.1114     15.8069
    35.3071     26.8902     49.3298     91.9318     63.2477     56.0107     41.0406     24.4557     47.6796     80.8834     93.6615     31.4829     82.0373     41.3785     44.3845     83.6132      61.861     99.0208     34.8468     66.0173      72.011     62.1568     37.9157     42.3133      28.753     29.8481     39.5836     43.9534     61.3573     43.8009     93.9743     52.5914     31.8763     27.7494     35.2296     89.6028     99.8927      48.259      32.791     53.4126
    19.8416     16.1085      20.198     4.07429     15.7934     18.0103     20.1272     15.1696     20.8144     9.20856     3.15536      17.065     8.78499     19.4452     12.4089     7.91487     15.1702    0.519738     19.8052       14.77     12.6795     17.7164     20.1047     16.3881     16.3588     17.8111     19.9416     21.1332     17.7864      22.434     2.43595     17.7465     17.4956     17.6986     19.2477     4.71586   0.0514163     19.5543     19.0846     15.7513
    8.76769     9.88265     4.88985  0.00379567     2.44989     3.53476      7.8756     9.37334     5.28479    0.145852  0.00240189     9.72701    0.209172     7.06876     7.18789    0.109088     3.28902 5.10552e-05      9.2279     1.88173     1.16609     1.12776     8.32253     7.92805     9.97037     9.37664     7.66856     6.30046     1.62664     5.27822    0.389578     5.16094     8.81466     10.0204     9.10171    0.249983 1.92241e-05     5.56108     9.50449     4.83138
    3.14396     6.30284    0.450192 1.72441e-05   0.0543224    0.177079     1.42135     6.34134    0.175591 0.000211052 2.11862e-05     5.42532 0.000105325     1.59888     5.00904  0.00102128    0.513461           0     3.06007    0.185935  0.00571499 0.000238746     2.56549     3.85281     6.18834     5.02779     1.97361    0.460159   0.0214909    0.117897    0.164405    0.483299     4.31867     5.50103     2.94076   0.0583655 9.82475e-13    0.644587     3.92594     1.77321
   0.688636     3.31673    0.012139 1.22289e-06 0.000138776 0.000302153   0.0210981     4.16599 0.000123492  3.3163e-07 7.68374e-09     2.06061 4.51219e-08   0.0794741     2.88231 2.58612e-05    0.114995           0     0.28408   0.0313973 7.24016e-05 1.74773e-06    0.384984    0.767668     2.75994      2.0617    0.242181 0.000145504 0.000129121 0.000203387   0.0694692   0.0050832     1.48276     2.61666    0.388456   0.0111272           0   0.0149199    0.928806    0.628165
  0.0263618    0.536786   0.0001527 2.48676e-07 5.08481e-06 4.32408e-06 8.01841e-05     2.40835 1.35887e-06 1.29395e-09           0    0.519406           0  0.00172718    0.309615 5.09043e-06  0.00667855           0 0.000151824  0.00132069 4.70556e-06 1.54065e-06  0.00084094 0.000633191    0.289863    0.292242   0.0106459 9.21495e-07 5.04041e-06 2.07894e-06  0.00552414 5.23448e-05    0.246537    0.706166   0.0112152 0.000120531           0 9.68546e-05   0.0175436   0.0603986
0.000119232  0.00957004  5.4766e-06  9.2713e-10  3.7074e-06 2.62232e-07 9.19327e-06    0.588963 2.86394e-08 5.74171e-08 1.14457e-10    0.811059           0 3.71408e-05 8.83493e-06 1.37037e-05    0.005144           0 1.88007e-05  0.00266001 1.11891e-05 1.23794e-05 2.85953e-05 1.58942e-05  9.5601e-06   0.0503974 9.39828e-05 5.33055e-07 2.11782e-06 4.54116e-07 1.83994e-05 1.31403e-06  0.00322734   0.0143339 0.000103068 6.31145e-05           0 3.77433e-06 0.000573596   0.0631302
  0.0203161   0.0909718  0.00027116 8.67322e-07 4.47783e-05 9.30385e-05  2.8664e-05     2.77349 2.19804e-06 2.33598e-07  4.3587e-08     4.67414           0   0.0669887 9.01401e-05 2.10028e-05   0.0178073           0 0.000102182   0.0648463  1.4491e-05 1.25145e-05 0.000247819 5.36967e-05 0.000121134     2.22342  0.00836949 7.48476e-06 3.06345e-05 2.61129e-05 0.000109061  0.00145859    0.183622    0.737383     0.14695 8.50586e-05           0 0.000157045   0.0178353    0.249304
   0.380513    0.204959   0.0389214 2.71021e-05   0.0105727    0.137599 0.000201373     5.29904 8.68441e-06 0.000209187 4.26439e-05     10.2683 0.000111251     1.80947 0.000280538  0.00215567   0.0119696  1.4883e-07   0.0188424    0.374416 0.000198934 8.22614e-05 0.000684419 0.000153408   0.0283834     6.50743    0.186773 8.48615e-05  0.00261949   0.0010554 3.02972e-05     1.48579     1.74053     3.07914     3.04259 0.000136706 6.64985e-07   0.0130992   0.0298242    0.172587
    3.10933    0.824594     1.61155  0.00153761     2.62036     5.77053   0.0343918      8.7693 0.000302036    0.179421  0.00526652     17.6533    0.369128     10.2344   0.0139841   0.0481768    0.126055  2.3822e-05    0.961851     2.13937   0.0538851  0.00293386    0.013128   0.0112796    0.846748     11.8752     1.51407   0.0055809    0.308073   0.0951118 0.000179294     10.7924     6.58737     7.04597     13.6498   0.0469613 8.58073e-05    0.463437     0.10451    0.408862
    12.4447     4.26486     16.2796     1.85883     22.6436     28.8514     2.06632     14.5523    0.344211     19.5034     2.53292     32.4962     28.3258     26.5855     1.24563     4.40008     5.07543    0.223311     10.1374     15.2961     3.42187    0.749936     1.02237     1.52604     6.48815     21.7921     8.18231    0.601238     11.6058     3.52007    0.476338     34.2755     17.4725     15.1523     33.4909     3.54685   0.0344948     6.32942    0.999367     4.39347
    31.5638     22.0993     48.1375      93.066      54.209     57.8046     39.6397     19.1995     47.8278     71.4844     93.4661     24.9503     70.8174      40.711     45.7214     85.3361     56.6003     99.5137     36.4972     61.3032     59.7496     57.5736     35.1194     43.7463     27.5372     28.2877     34.1031     45.9102     60.2855     43.9905     92.2738      46.556     29.2689     21.7121     34.9969      88.547     99.9363     41.3097     18.7901     45.1107
    33.1145      27.409     28.4239     5.06623      18.415     7.30504     38.0761      20.493     38.7105     8.76292     3.98757     6.61903     0.48742     18.7653     23.0135     10.1214     26.3954    0.262967     33.1245     18.0551       33.26     38.7534     35.8139     29.9536     28.4452     20.5553     35.7935     38.0106     26.0388     40.3106     4.81482     6.45454     26.0532     24.9118     12.4726      6.6094   0.0288566     36.4326     33.6579     27.3493
    15.2066     20.3138      5.4263  0.00718825     2.09883    0.130454     17.3417     13.3747     12.7396   0.0695914  0.00782114     1.74585 0.000143511     1.82556     13.2818   0.0899582     8.60541 4.04367e-05     15.3598      2.2205     3.50375     2.91983     19.3898     15.7584     19.1377      7.4084      16.626     14.3773     1.75704     11.8773     1.34968    0.420406     12.9271     15.8199     2.05945    0.890317 0.000209034     14.3216     26.7911     12.4296
    3.90957     14.4625   0.0818325 0.000133094  0.00255121 0.000274663     2.82958     8.75431    0.377433 0.000103494 0.000265382    0.604997 6.57975e-07  0.00158136     9.36308  0.00199667     2.27132 2.04697e-07      3.8198    0.381584   0.0104065 0.000166158       7.083     7.76481     11.7888     1.22259     3.45436     1.09229  0.00207231    0.205234    0.663898    0.013788     5.02605     8.87125    0.138268    0.282552 7.71919e-06      1.1201     14.4001     6.11586
   0.250473     9.01229  0.00018236 1.16276e-06  4.1115e-05 1.71901e-05   0.0120262     5.09727 0.000187647 2.67091e-07 9.74125e-06    0.166365 8.89811e-09  6.9808e-05     6.59916 7.17184e-05    0.828734           0    0.080433    0.145395 0.000182591 2.60958e-06     1.52665     1.23821     5.35506    0.077292    0.131294  0.00263305 2.61457e-05    0.000133    0.375175 8.20942e-05    0.724861      2.5985  0.00233237   0.0732463 1.02844e-07  0.00986119     5.00185     3.30299
9.23264e-05     1.30809 2.63669e-06 6.85137e-07 6.88514e-06 2.58515e-05 4.75324e-05     1.09812 2.11421e-07 1.10949e-07  1.7049e-08   0.0104404           0 7.74578e-06    0.761078 1.87306e-05   0.0623859           0 4.18928e-05   0.0168995 8.72072e-06 3.75511e-06   0.0307497  0.00110953    0.372568 0.000130259 0.000172925 5.10176e-05 1.50024e-05    7.38e-06    0.046007 1.72546e-06   0.0125821   0.0572826 5.12141e-05  0.00340305           0 5.31532e-05    0.206824    0.404155