    4.87316     6.16541 0.000159951   0.0478227 3.64244e-05     8.28068 6.36718e-05     7.27892 0.000116301     5.83119     1.41896     4.59447     7.10351     4.85978    0.330413    0.995016 9.91524e-05     0.71155 0.000279067   0.0421097 9.49785e-05     5.27619   0.0234275    0.431994     5.27244 8.57666e-05     3.73627 2.86426e-05     6.19403 8.79682e-05    0.258329  0.00293112     6.71063   0.0418205 0.000139185 3.67824e-05     6.44655     7.88876     7.16749 5.34962e-05
    2.57851   0.0138155 0.000308925   0.0711008 0.000351344     2.19736 2.11251e-05  0.00479412 3.06937e-05 3.90884e-06     0.31117 0.000211378      1.2396  0.00294849  0.00620851   0.0401892    0.011136    0.502992  0.00132184 7.57625e-05 3.30677e-05    0.154258   0.0200403     0.28294 5.40255e-05 0.000254645     1.20057 3.70114e-05     4.68379 6.95022e-06    0.185181  0.00913335 0.000121954     0.22495 7.76893e-05 1.54574e-08     2.25903     1.42131    0.207608 1.88998e-05
    1.26897    0.112139   0.0228064     1.29111   0.0486194    0.215942 0.000390671 5.76163e-08 3.60444e-05           0     7.01257  0.00153581 0.000184513 2.02622e-05  0.00302216     0.40256     2.60661 6.98729e-05   0.0244115    0.450332    0.133923     4.36718    0.241275    0.202769 1.60935e-07    0.146475     5.46843    0.019972     2.98327  9.1778e-07     3.12059    0.526889 6.91387e-08    0.505436 0.000262335           0     0.10267 5.98501e-06    0.234315 2.65424e-05
   0.157496    0.249967     3.89132     9.69084    0.437472     2.46609     3.41876 1.35087e-05   0.0481382 1.69788e-08     16.6528   0.0243213    0.678744  0.00154439     5.85106     11.4836     16.4298     1.26428       5.048     4.11221     11.1522     5.65678      10.448     7.16988 2.85803e-06     8.34506     10.6558     5.53897     4.24477 6.02534e-05     20.6581     1.74661 9.23395e-05     33.9147    0.272027 5.87044e-06   0.0246769 0.000136771    0.426329   0.0207598
    2.15819     1.00322     20.5405     30.1354     4.11187     17.2269      33.297     1.29621     22.8301 0.000810338     26.4065    0.255549     14.2085     8.02087     34.6755     31.5793     32.5894     47.4271     38.5608     12.1252     37.7936     8.78822      40.017     39.0213      2.9532     32.8522     18.7179     31.0589     11.5531     2.81497     39.7118     8.34337   0.0977367     50.4491     17.2695    0.142767     1.15009     2.88701     5.25461     12.6034
    39.5638     85.7933     52.8948     50.5733     94.9383      46.346     63.1702     72.5058     77.0981     87.8485     31.7629     90.3106     58.8241     77.8282     56.7441     47.4642     46.9465     46.4954     55.7396     83.2039     50.8575     56.7427      48.812     49.2601       86.15     52.0748     34.9691     60.8828     32.6755     88.8755     29.5275      88.326     85.5211      12.885     66.8387     99.7818     47.4422     55.6277     74.2308     82.7327
    32.5405    0.010229     18.6109     6.81908     0.46294     8.95576    0.113344      11.501   0.0232654  0.00097312    0.275169  0.00848094     6.74505     1.80838    0.288635    0.971801     1.41599    0.169691    0.585204   0.0360141   0.0622997   0.0737683   0.0784103    0.518178    0.487984     6.48413     2.42296     2.49903      16.567     8.30929    0.121373    0.902573    0.057416   0.0871662     14.8056   0.0753734     34.3637     26.3512     1.36889     4.62969
    12.4273   0.0153163     3.92946     1.02406 0.000104891    0.735951 5.38825e-05 0.000112969 1.82184e-05           0    0.368236 0.000260592    0.106681 0.000370294  7.3505e-05 0.000359953 0.000233584  0.00291488    0.018084 1.12863e-05 2.96043e-05    0.268445   0.0159955   0.0724203 9.70344e-06   0.0963304     1.50143 0.000160016     7.67592 5.09117e-05    0.135675   0.0191724 5.49468e-06   0.0010094    0.811461 2.02504e-06     5.41726    0.434589    0.161689    0.013275
    2.12129    0.264944    0.108433    0.174801 0.000161716    0.302133 5.82978e-05  1.7673e-06 1.14182e-05 4.20017e-06     3.40364   0.0141097 0.000293648 7.22048e-05  0.00344478    0.243529 6.53892e-05 2.54026e-05   0.0177956 6.38605e-05 0.000116343     3.65873   0.0919515    0.171372 1.18867e-06 0.000304379     5.57243   1.524e-05     3.74461 1.51801e-06     1.89601    0.084249 2.85261e-06    0.218835  0.00196304 1.11268e-08   0.0912041 7.38133e-06     0.62616 2.41004e-05
   0.949138    0.388367   0.0011949    0.087875 5.39374e-05     3.52167  5.8747e-05   0.0146366 2.86419e-05 6.20527e-05     4.36675   0.0294977     1.87127   0.0154218    0.353632     1.69251 0.000101427     1.28822  0.00364245 0.000168326 7.41404e-05      3.1892    0.146392     1.12051 6.97399e-05 0.000136626     5.89238 4.25782e-05      3.9363 2.63852e-06     2.42359   0.0276623 0.000200021     1.22076 0.000130017 1.11685e-06    0.643676    0.818446     1.22146 1.88957e-05
    1.36173     5.98328 0.000193132   0.0845729 7.83001e-05     9.75143 7.97017e-05     7.39847 0.000174027     6.31844     8.02131     4.76092     9.22207     7.46239      1.7439     5.12699 9.00882e-05     2.13771 0.000883821   0.0298657 0.000122124     11.8245    0.105528     1.74848     5.13623 0.000250111     9.86267 4.21478e-05     5.74176 4.72224e-05     1.96176   0.0114128     7.61266    0.451291  0.00010946 4.47359e-05     2.05897     4.57076     9.10067 4.39137e-05
   0.523913   0.0533315    0.872702    0.935767   0.0106713    0.704625 0.000268537 7.18428e-06 7.34624e-05           0     2.49903 0.000731875  0.00177156  0.00186474 0.000537312    0.373309    0.829547 0.000419687  0.00762883    0.282314  0.00581759     1.66495   0.0290694   0.0863257 4.66846e-06    0.698923     3.00209    0.118186     5.36769 9.17409e-06    0.243257    0.086467 2.08694e-07 0.000804406   0.0270258           0   0.0209207 1.39549e-05    0.148325 0.000258986
    2.63559    0.112763     3.31256     2.67466   0.0612776     2.21593    0.117491 0.000195996  0.00348259 3.30239e-09      5.2906  0.00395328   0.0754655   0.0213586    0.393321     2.39638     3.64159 0.000579907    0.185255     1.34558     1.00442     2.87875    0.538026    0.341336 3.49512e-05     3.21772     4.52141     1.88608     5.98131 0.000232799     1.48783     0.29592 2.38138e-05  0.00994613    0.742111 2.93439e-06    0.389505 0.000250571    0.285473   0.0401109
    6.22662    0.156155     6.73422     5.28746    0.180213     5.29887     2.53156   0.0395056    0.206254 2.69927e-07      7.0866  0.00996149       1.103    0.329113      3.7926     6.37275     6.36161    0.021374     2.59257     2.17371     5.62682     3.16714     3.90539     3.32471  0.00157414     6.61611     5.94123     5.72574     7.42485   0.0851491     5.10744    0.686266  0.00025665   0.0990721     3.55858 0.000273088     3.62049    0.609527    0.543012     0.92694
    10.8073    0.303011     11.0091     9.42579    0.767424     10.2341     9.28326     1.12767     3.84868  0.00017224     9.48865   0.0388891     5.68439     3.00912     10.3718     10.8311     9.67671     0.62213     9.02932     3.59854     11.0229     3.93508     10.4105     10.2044    0.233231     10.7292     8.42518     10.7388     9.58212     1.88951     10.7401      1.9825   0.0137814     1.13465     9.75618   0.0554064     9.82635     4.53093     1.67785     5.90861
    17.2873     2.17594     17.2297     16.6444     10.1449     17.9277     21.1142     13.6636     20.3521    0.392475     14.0581     1.57132     17.7243     17.2231     19.9307     17.0494     15.5566     13.0675     20.6606     10.6985     18.4104     7.69558     19.6742     19.8469     11.4865     16.7797     14.7367     18.1662     13.2109     16.9078     18.7217     12.2031      1.2541     12.9438     20.3438     3.56967     19.3339     15.8965      11.578     20.3869
    28.6021     94.2328     23.5945      28.655     77.9747     28.3243     34.9014      70.918     52.6084     99.1987     23.8053     96.5149       50.21     59.7253      30.699     26.4292     28.1164     73.2871      35.276     64.3917     27.5787     61.5768     30.6283     33.2133     76.7312     24.9223     28.7712     27.0068     18.7027     61.1562      28.607     70.5277      97.359     71.6156     32.8171     92.7113     36.2014     57.8845     70.5017     43.6378
    16.0842     2.25707     16.4315     16.9076     9.81632     17.0709      20.605     13.1823     19.3793    0.408402     13.9533      1.7919     17.7858     16.6345     20.0651     16.8064      15.365     12.3634     20.5398     10.3613     18.1919     7.67893      19.542     19.8229     11.3119     16.8991     14.6617     17.9454     12.9389     17.6005     18.5031      11.292     1.35864     12.8009     19.5236     3.61089     18.4869     15.7817      12.401     21.0677
    9.59581    0.367109      10.319     9.87955    0.796083     9.65497     9.01741     1.03096     3.44555 0.000210023     9.35985   0.0494051     5.87283     2.69559      10.695     10.4022     9.62231    0.607291      9.0527     3.57584      11.228      3.9072     10.6956     9.69944    0.233628     10.7218     8.12852     10.7476     9.14884     2.23164     10.4381     1.80678   0.0139416     1.30716     8.90365   0.0523415       8.798     4.68468     1.87977     6.62673
    5.57164    0.179342     6.27951     5.64191    0.177127     5.38302     2.34594   0.0375652    0.153824 9.68166e-07     6.98925   0.0137197     1.41862     0.33974     3.67981      6.2144     6.40124   0.0286116      2.4817     2.13675     5.87093     3.09791     4.03316     3.10847  0.00189976     6.17908     5.43366     5.74055     7.07586    0.127543     4.76509    0.702752 0.000220698   0.0843488     3.36662 0.000156329     3.02621    0.611508     0.57231     1.28375
    2.28679    0.112683     3.36791     2.85905   0.0629741     2.43296   0.0831505 0.000246999  0.00227114 1.70283e-09     5.12158  0.00468566    0.119861    0.020112    0.371543      2.6551     3.60445  0.00149763    0.165734     1.23526     1.05659     2.78566    0.530955    0.302882 3.21742e-05     2.74444     3.96952     1.81882     5.72022   0.0013256     1.25272    0.322955 2.58005e-06  0.00375788    0.890413 5.83716e-07    0.286365 0.000312837    0.279936    0.117445
   0.378701   0.0497952    0.849249     1.08878  0.00826051    0.752742 0.000281902 6.77243e-06 2.97897e-05           0      2.3478 0.000559631  0.00399478 0.000189774 0.000563457    0.469717    0.824504 0.000178903    0.008708    0.200479  0.00343645     1.61201    0.012722      0.0493 4.40851e-07    0.491722      2.4088    0.105826     4.84662 4.56701e-05    0.133559   0.0934504 4.72557e-10 5.00028e-05   0.0709163 6.98836e-12  0.00994612 5.73966e-06    0.132672  0.00373049
    0.82175 0.000932978    0.391173    0.206505 0.000153465   0.0315321 3.62658e-05 4.69342e-07 5.27473e-05           0     0.11734 8.17521e-05 0.000112203 4.17748e-05 2.73643e-05 0.000161335 1.69236e-05 5.53953e-05  0.00896428 3.47272e-05 5.33545e-05    0.190836   0.0280494   0.0268144 2.02559e-06  0.00549039     1.00507 2.00389e-05       3.673  4.6193e-06    0.258691    0.038393 8.94646e-12  2.5291e-07   0.0062838           0  0.00220348  2.2977e-07    0.060139 9.48959e-05
    6.32195  0.00498039     3.64456      1.1653 0.000577148    0.586735   9.038e-05 5.75483e-05 2.30271e-05 3.38054e-09    0.311662 0.000125038   0.0327187  0.00111555 0.000208076  0.00718868 0.000112919  0.00272254   0.0265201 5.99067e-05 8.90571e-05    0.395767   0.0500665    0.134295 3.65986e-05    0.106874     1.92601 0.000115679     7.21755 9.18883e-05    0.568576   0.0479005 1.21878e-05   0.0366287    0.453394 3.84799e-06    0.927568 0.000376594     0.15262   0.0156376
    13.0571   0.0130231     7.66253     2.25124  0.00599825     3.09688  0.00301328   0.0142827 0.000200537 4.23094e-05    0.229032 0.000321909     1.05232    0.101643  0.00354688   0.0419754   0.0388929   0.0945714   0.0907759 0.000355176 0.000452589    0.190297   0.0324801    0.371014  0.00245571     1.17837      1.5657   0.0458783     10.4058   0.0500965    0.224282   0.0425458  0.00146132    0.263617     3.11702 0.000113458     7.95485     1.67689    0.336961    0.229203
    20.1251  0.00945169     10.6659     4.63416    0.244893     8.00541    0.104193     2.81725   0.0182933  0.00141418    0.367826  0.00579302     5.45058     1.17485    0.162208     0.66983    0.832799    0.685617    0.385962   0.0186542   0.0515762   0.0722763   0.0721728    0.625355     0.24457      4.9808     2.05979     1.46499     12.6425     1.62911     0.19029    0.379185   0.0494113    0.206771     9.66588   0.0299157     19.9563     12.5475     1.05418      2.3069
    27.9438     1.11474     16.3143     10.3427     6.84188     16.7883     1.95452      27.012     1.75104    0.230952     1.90497     1.06179     16.7212     10.9975     3.54007     5.42497     5.92375    0.952028      3.8879     2.08567     1.34301      1.4991     1.53251      2.8133     9.94236      11.614     6.61967     10.3024     14.9286     23.1173     1.08835     9.09282     1.29883    0.467449     18.8471     2.78483      35.892     39.1213     7.25169     17.0965
    21.4181     93.5503     19.4392     21.3978     77.8417     26.5907     39.7877     57.8013     51.3312     99.5638     20.9251     97.0945     39.1074      59.518     35.5497     28.5784     25.3337     31.3556     30.5068     66.9143     31.5442     61.1904     29.6729     29.1654     72.4876     20.2779     22.3632     31.4438     13.2702     58.7793     16.3175     67.9696     96.8732     4.37579     29.9939     94.2087     27.4453     33.9581     64.8847     46.0695
    6.53934     3.08336     20.6145     25.1202     12.1803     24.0159     37.8088     11.5949     38.8869    0.202692     23.9191     1.52124     24.6553     24.8731     35.5763     29.8163     26.6416     40.2405     38.9979     18.0899     34.1161     11.8961     34.6606     35.3111     17.1178     28.7522     20.3276      31.704     12.6415     15.6272       25.53     14.6172     1.73442     24.1579     27.2909     2.89351     6.03059     9.41949     20.2511      28.249
    1.88003    0.939509     12.0862     17.4734     1.76155     13.7047     16.1156    0.739565     7.83779  0.00101419     18.2665    0.192174     10.9711     3.22496     18.6242     19.4652     18.3483      25.754     19.6089     6.36043     20.4839     7.09166     21.3673     21.9942    0.204996     19.7065     14.1958     17.5494     9.33028    0.793102     23.7438      3.6969   0.0399951     33.6553     9.58913   0.0828067     1.36245      3.1248     2.78134     5.82001
   0.968201    0.577174     6.68082     11.1954    0.756539     6.03327      4.1123   0.0206077    0.167731 8.95138e-05     15.6012   0.0699919     1.98686    0.105456     6.28545     12.1469     13.2274    0.914463     6.08898     3.96995     11.0556     6.67416     10.4939     8.50356 0.000179866     10.8155     13.0318     6.90125     7.37664  0.00376416     19.6635      2.2155  0.00247324     32.1946      1.0029 0.000136915    0.361264    0.151374     1.36128    0.208693
   0.705184    0.466483     2.27613     5.02269     0.31796     1.06703    0.113584 5.88889e-05  0.00664966  2.4381e-05     13.0658   0.0372132   0.0224082  0.00318156     0.25808     3.68702     7.89571 0.000429346    0.372782     2.28198     1.38949     7.41998     1.90105    0.925522 9.77396e-06     2.50461     11.3363     0.58803     5.29063 3.97219e-05     10.0651     1.35794 0.000161847     4.64195   0.0320123 1.40587e-05   0.0526577 9.36833e-05     1.07944  0.00433546
   0.219456    0.240051    0.224612     1.19071   0.0483745   0.0794547 0.000132906 1.52021e-05 0.000125316 6.53929e-06     5.29145   0.0168002  6.8546e-05 9.34484e-05 0.000219302    0.162023     1.75773  1.8016e-05   0.0245752    0.278745   0.0155964     3.37943    0.188869    0.129445 4.23241e-06   0.0576652     5.56901 0.000165113     3.22323 1.01051e-05     2.34995    0.541998 1.35146e-05 5.36328e-07  0.00152709 3.05996e-07   0.0148022 1.74658e-05    0.786598 7.49567e-05