7.40946e-05     5.12279     4.38825     4.08451     1.77692    0.173476     4.09714 7.95514e-05 0.000129664     6.29809
3.97441e-05      1.3437 6.74228e-05   0.0235831    0.255365   0.0478153      2.3369 0.000303159 3.22287e-05     0.54503
  0.0396683   0.0572402 1.33858e-07    0.186841     4.19587    0.110999     2.77606    0.446685 5.17376e-05 3.69554e-06
    6.80092     1.25139 3.24493e-05    0.538516     14.1559     7.99099     5.70229     8.07258   0.0300564 0.000196119
    32.3496     15.7175     1.40209     4.12543     27.1535     39.2443     14.5635     29.0119     12.2025      4.8496
    60.4529      52.301     89.3614     84.7548     40.4051     50.6451     38.5968     57.8643     83.0761     67.1325
   0.356502     16.0968    0.311271    0.622026    0.513368    0.266722     14.5872     4.55602     4.69083     14.8974
8.62649e-05     2.28679 5.60229e-06     0.02179    0.234673   0.0112733     5.61141   0.0476823 0.000130842    0.214125
8.08759e-05   0.0726896 3.91053e-06    0.189257     2.17616   0.0549201     3.31402  0.00022293 1.65593e-05 2.20789e-05
8.09331e-05     1.31613 0.000125983    0.323116      2.9627    0.451014     3.28216 0.000111319 2.93821e-05    0.305189
0.000108039     4.43391     4.53677     5.13016     6.17038     1.00335     5.13255 0.000127466 0.000122866     5.75782
 0.00922836    0.106951 2.46113e-06   0.0587869     1.29984   0.0179537     2.95363    0.391376 6.01143e-05 5.60381e-05
   0.630237    0.843466 3.30148e-05    0.152791     3.19223    0.441408     4.47385     2.32333  0.00413081  0.00284851
    3.86647     3.66107  0.00161112    0.318401      5.3969     3.53004     6.53688     5.10858    0.229589    0.379053
      9.283     9.14629    0.163481     1.09026     8.66885     9.53334     9.52721      9.4202     3.24319     3.23233
    18.5343     18.3615     6.90521     8.64851     14.7769     19.2719     14.9679     17.4012     18.2955     15.9666
    35.6229     36.9096     85.9705     79.6128      34.076     34.6656     24.6824     31.0307     55.9877     61.2252
     18.193     17.7932     6.80156     8.51205     14.6568     19.1539     14.5966     17.2787     18.5943     15.6035
    9.31004     8.57159    0.155839     1.08169      8.4818     9.55455     9.11409     9.41155      3.3793     3.19668
    3.90974     3.57494  0.00172115    0.323275     5.19924     3.40225     6.25122     5.05912    0.258978    0.388824
   0.631694    0.922238 3.36853e-05    0.148887      3.0454    0.417275     4.26454     2.22338  0.00716136  0.00487811
 0.00941438     0.10913 3.20955e-07   0.0525144     1.20599   0.0117775     2.63167    0.351879 0.000195079 9.89648e-05
5.70404e-05   0.0194939 9.05758e-07   0.0151641    0.136405   0.0103971     1.66107  0.00177491  4.3333e-05 1.45153e-05
0.000138152    0.709886 1.74385e-05   0.0243693    0.372572   0.0272893      4.6459   0.0510108 0.000266398  0.00312573
 0.00641123     4.32471  0.00213983   0.0472997    0.302812    0.051128     7.21433    0.566007   0.0298568    0.783817
   0.215211     10.6009    0.157054    0.341538    0.489125    0.219577     9.93529     3.11262    0.991692     6.40008
    3.50924     20.4788     5.81086     5.64211     2.76759     2.79034     14.8559     10.5609     14.4621     26.9798
     38.239     29.1263     84.5957     78.1453     28.8181     30.3723     18.6156     28.5772     53.9996     47.8757
    32.8656     21.1585     9.29652     11.9105     23.3705     35.5595     15.7288     29.2579     25.9443      15.121
     17.093     10.7366     0.13665     1.96882     17.3498     21.3472     10.6252     16.3786     4.46035     2.71886
     7.3775     2.59603 0.000960685    0.958197     13.8368     8.45912     8.29889     8.38293    0.105368    0.117279
   0.690303    0.223117 6.89094e-05    0.632774      9.3037     1.09282     5.68335     2.86527  0.00620593 0.000292988
 0.00352975   0.0255048 1.03821e-05     0.31393     3.25263   0.0703909     2.73569    0.245767 0.000153402 2.36203e-05