    1.76383 4.19204e-05     2.05351     4.86042     4.27365 3.85205e-05     3.18309 6.16892e-05     4.02171  6.4195e-05
 0.00391276 1.86985e-05   0.0757641    0.349448     1.44121 1.17531e-05 5.76932e-07 9.84871e-06 6.74675e-05 9.94075e-05
  0.0127875 5.01526e-06     1.74186 5.14516e-05     1.38068 0.000140653           0 2.25196e-06 1.23529e-06    0.159967
   0.933618    0.216451     9.20823  0.00443535     4.44916     1.79143 2.28619e-07 1.59059e-05 5.73526e-05      5.5599
    24.6372      25.574     29.1081      6.4552     15.5578     24.3916  0.00226276     3.33285     1.26061     29.0055
    67.1804      74.008     49.6643      67.704     46.7813     71.1663     93.3662     96.4431     86.2267     60.3017
   0.104507    0.201326    0.636654     16.5925     14.3597     2.65018 0.000768168    0.223863     4.27622      4.8546
6.14181e-05 8.90525e-06   0.0166982     0.55466     3.32998 0.000172466           0 4.73353e-06 4.58619e-05    0.117783
   0.001726 4.98601e-06    0.255887  9.5986e-05     1.06507 5.25895e-06 1.31625e-08 1.72977e-06 3.03594e-07 0.000197144
   0.138403 4.53936e-05     1.20106    0.132133     2.27622 3.08746e-05 2.71161e-05  7.3976e-06 0.000169689 0.000108962
    5.22361 0.000116555       6.038     3.34706     5.08524 9.68129e-05     3.44761 6.89692e-05     4.21445 0.000134303
 0.00013642 9.11414e-06    0.116361 0.000113305      1.1707 0.000159415           0 1.17038e-05 3.24682e-06   0.0636473
  0.0113151 0.000185835     1.38325   0.0182564     2.71241    0.100385 1.14752e-07 1.40072e-05 4.01538e-05      1.2225
   0.348599     0.10414     3.55977    0.743622     5.12969     1.61683 4.48995e-07 0.000214502  0.00307664     4.16581
    4.05874     4.00751     7.51286     5.49376     9.14515     6.80453 8.52005e-05     0.15358    0.385866     8.83308
    16.0084     20.2457     16.4293     18.6805     16.9072     18.9718    0.354683     9.86612     9.82307     17.7894
    59.3145     51.2552     42.2987     50.6519     30.7808     45.1271     99.2638     80.0461     79.8344     36.0005
    15.9445     20.2243     16.3084       18.44     16.5656     18.7728    0.381326     9.79463     9.54575     17.7876
    3.95419     4.05656     7.42808     5.24291     8.91465     6.85038  9.7579e-05     0.13908    0.404028     8.75692
   0.348269    0.106255     3.52886     0.71208     5.09562     1.64092 4.28831e-07    0.000199   0.0036979     4.08481
  0.0112085 0.000188014     1.32917   0.0167016     2.62488    0.114964           0 4.17287e-06 4.39786e-05     1.22033
9.00671e-05 3.15306e-06    0.105261 0.000126622    0.953375 0.000156854           0 3.60302e-06 1.23557e-06   0.0754565
 3.8951e-05 1.86281e-07  0.00218065 1.78665e-05    0.263795 1.38964e-05           0 9.79192e-06 6.30441e-06 0.000164718
0.000138507 6.66615e-06   0.0226252  0.00674002     1.79815 0.000121242 1.59408e-12 7.39585e-06 2.05011e-05   0.0381205
0.000673912 0.000219823   0.0613191    0.898732     4.52551    0.021223  8.4223e-07 0.000158596   0.0035836    0.513737
   0.049516    0.058427    0.395797     7.90259     8.93551    0.972923 0.000158869   0.0242657    0.477472     2.67364
    1.98197      3.5225     3.74908     27.0491     18.3265     9.23269    0.243772     4.46734     17.4225     9.97066
    54.2006     50.0615      36.196     45.6965     26.4532     45.6926     99.5281      80.145     73.1509     34.0254
    32.4695     37.1041     28.8256     16.1745     19.8486      30.066    0.226974     15.1734     8.78222     29.7286
    10.1047     9.06168     17.1112     2.23666     10.6465     11.6325 0.000929601    0.189623    0.161985     15.3842
    1.10815    0.191359     8.95972   0.0349482     5.76595     2.33516 6.31462e-05 0.000166878   0.0012953     6.35033
  0.0814545 0.000201548     4.30694 0.000183319     2.90292   0.0467124  4.2524e-06 1.99022e-06 3.21327e-05     1.29968
  0.0032352 7.06755e-06    0.369595 6.30674e-06    0.533347 4.28532e-05 1.55076e-08 1.14557e-05 9.77676e-06   0.0154698