   0.286281   0.0766171 8.45406e-05  0.00240225      6.0989     4.34396     5.57374    0.262848     4.71253 6.31761e-05     4.35093     1.87875 8.58582e-05   0.0236673     6.83684     6.69264       6.111     5.37539 7.13033e-05 0.000108532
  0.0200225   0.0161951 2.25192e-05  0.00406802     1.31057  0.00609604     3.24135    0.143466    0.624131 0.000252391 3.23711e-05    0.488147  9.9583e-06   0.0382931    0.816916 0.000751649     2.60962    0.114596 5.73555e-05 0.000209253
  0.0420819   0.0995675  0.00242569    0.222842 0.000113373    0.032964     3.09166     2.09541    0.200369    0.937351 4.08777e-08     6.68479 1.47343e-06     1.02508 4.40342e-06 3.16006e-07    0.635431     2.75162 0.000199943     0.02834
    8.73196     8.66276      3.1387      1.0759    0.786799    0.144086     5.28298     18.1238      4.0836      12.708 1.10482e-05     15.1438 0.000194588     9.66041  0.00010896 3.38782e-05    0.108435     4.23889    0.760626       4.393
    40.4244     38.3346     31.1173     10.4871     17.7201    0.863531     13.3209     39.5742     22.5832     33.8844    0.809634     24.6486     5.30821     30.4049       3.321      2.7661     2.12827      7.5647     20.2167     24.8309
    48.6251     51.7471      65.652     87.4485      56.374      90.031     35.7569      34.177     54.7173     51.3305     90.0184     33.4843     90.7315     51.8005     62.6141     77.4473     42.1445      65.024     74.3803     56.0525
  0.0886637    0.269163   0.0891013    0.705747     8.30771   0.0113082     12.5532    0.111288     2.52724     1.13908   0.0693666     0.68731     3.95986     6.14062      19.866     6.63754     33.0105   0.0905621      4.6265     13.2006
0.000110528  0.00965018 4.09874e-05   0.0118729    0.448909  0.00539166      5.5166   0.0846182    0.110505 0.000162238 2.31669e-06    0.561166 4.93306e-05    0.712202    0.304524 4.43482e-05     9.29794    0.149591   0.0153774     1.48001
 0.00701746    0.046315 5.84582e-05   0.0301659 0.000218408    0.104251     4.06521     1.25544    0.283973 7.50209e-05  1.8456e-06     3.86538 6.15156e-06   0.0981871  1.4725e-05  7.4835e-06     1.02137     2.25441 3.79234e-05   0.0135732
   0.360594    0.189387 5.83715e-05  0.00811964     1.69752    0.158411     4.54803      2.1333     2.22503 8.31617e-05 5.67604e-05     4.35933 6.99566e-06   0.0498723    0.439121   0.0018858    0.972102     2.27697 5.94537e-05  0.00054356
    1.41376    0.548615 0.000115861  0.00328981      7.2552     4.29895     7.04944     2.03871     7.93212 7.55735e-05     4.75153     8.19844  7.5339e-05   0.0462897     5.80133     6.45366     1.96089     10.1593 0.000105952 0.000191629
0.000178199   0.0197026 0.000272375   0.0427181  0.00184919   0.0184182      4.0107    0.166258    0.263442    0.317203 1.47718e-07     2.47632 1.66315e-05    0.822683 4.71334e-05 3.63603e-06    0.305254     1.07833   0.0081034    0.551643
  0.0272244    0.611645    0.121852    0.168514   0.0642104    0.047272     5.06417     1.25821     1.02898     2.57749 7.18539e-06     4.89345 0.000293748     2.79094  0.00129487 0.000163997     1.84319     1.96839    0.360336     2.56294
    1.73191     4.38903     2.25468    0.463616      1.0585   0.0762985     6.67568     4.97793      3.3909     6.17306  0.00015798     6.57291   0.0751732     5.59769    0.478651   0.0177681     5.50406     2.28707     2.30796     5.86717
     6.8646     10.8369     8.24196     1.87705      5.0337       0.179     9.17356     10.7158     8.03943     10.1955   0.0219689      9.0758     1.68829     9.76939     3.91925    0.710326     10.7188     3.07149     7.65362      10.577
    18.8824     19.4476     20.4631      13.586     16.4529     2.18349     14.0721     18.7875     17.9226      16.602     4.16369     14.2908     16.1658     16.6829     15.6107     12.6878     18.0631     7.08645     20.0195     17.9248
    44.4811     29.7393     38.6642     68.8511     54.4733     94.7126     23.5301     29.2498     39.4987     28.3085      91.752     26.2209     63.6363     27.4002     60.4781     73.3119     30.6377     69.3044     39.0446      26.923
    18.9264       19.41      20.051       12.63     16.3122     2.39574     13.8744     18.5223     17.8796     16.5092     4.04258     14.2121     16.3753     16.7668     15.2063     12.5694     16.8039     7.03013     19.8815      17.451
    7.29342     10.7673     7.95688     1.71381      5.2124    0.226297     8.80126     10.4468     7.58971     10.2434   0.0194227      8.9369     1.95138     10.0646     3.82618    0.684541     9.47801      3.0282     7.83097     10.0146
    1.75478     4.20735      2.1443     0.44785     1.29453    0.094177       6.432     4.69359     3.19484     6.23743 0.000130903     6.37421    0.105817     5.96383    0.477013   0.0180066     4.84015     2.23014     2.46866     5.37663
  0.0377019    0.558934    0.101437    0.177651   0.0940189   0.0496584     4.85386     1.08761     1.00882     2.51519  1.0939e-06     4.65731  0.00150747     3.13047  0.00236753 0.000162585     1.58096     1.89894    0.410765     2.33677
0.000267885   0.0122461 0.000271438   0.0416251  0.00243362   0.0170002     3.51223   0.0941278    0.182992    0.320987 3.70996e-08     2.28928 5.95517e-05     1.01044   4.781e-05 4.81339e-06    0.224946     1.01645   0.0139654     0.41428
2.15069e-05   0.0123686 3.76033e-05   0.0172498 0.000118389 0.000213142     2.52735    0.175755   0.0169146 3.99883e-05           0    0.218818 1.83887e-05     0.20224 5.74174e-07 9.56044e-07    0.363512   0.0595884 0.000160103   0.0213862
0.000199585    0.025692  7.7218e-05   0.0236305   0.0462679  0.00145787     5.30888     0.36822    0.136804 0.000108185 3.94311e-06    0.641949 0.000116016    0.955062 0.000495667  5.8919e-05     3.99109    0.167257   0.0168494    0.995656
 0.00656576   0.0345632   0.0019063   0.0314558     1.68787  0.00590306     7.38497    0.177649    0.670586   0.0276722 0.000366442    0.504432   0.0320849     1.91069     1.08817  0.00917163     10.9089     0.12629    0.269396     3.96412
  0.0854045    0.217171   0.0742763    0.335909     5.82421  0.00902348     9.44624    0.168782     2.28213    0.616923   0.0341615    0.708392    0.824911     4.13742     9.17928     1.50403     20.4509   0.0770715     2.77921      8.4548
    1.74824     2.80034     2.09296      7.9331     16.7996     1.35704     13.3532     1.10665     9.95566     5.63503     3.32533     3.05263     14.3795     9.92953     31.6975     19.7259     30.6302     1.62986     14.0226     15.2477
    29.7929      30.859     42.4199     65.7183     37.8405     94.4646     17.8817     19.7694     35.5652     28.7131     90.7982     22.1543      63.606     22.6233      43.132     64.0598     23.0272     68.3244     40.3314     22.7375
    37.1211     35.0931     36.8667     19.2871     23.3922     2.84841     15.4539     28.0061     28.8584     29.7761     5.81117     22.7819     19.8319     26.4309     11.9981     14.1056     7.30684     11.2055     30.5951     26.1666
    21.4945     20.8856     14.6812     4.08719     12.8546    0.668907     10.6514     23.3748     14.7237     19.0558    0.030363     17.1119      1.3147     17.3308     2.78882    0.588921     2.04439      5.8104     10.3059     14.5592
    8.83262     9.03592     3.72647     1.55637     1.53969    0.333745     8.50174      17.614     6.39819     11.5681  0.00031949     14.8505   0.0107323     10.8313    0.115448  0.00641937    0.804174     5.07677     1.61743     6.53222
   0.918308    0.968235    0.136184     0.78469   0.0148209     0.21717     6.18702     7.67479     1.17384     4.02307 3.46546e-05     12.5798 0.000105829     4.77113 0.000119657 0.000135569    0.371017      5.1809    0.061778     1.29474
0.000162037   0.0679994 0.000211937    0.224965 7.06011e-05   0.0935155      3.3035     1.56389    0.218515    0.583972 6.66631e-06     5.39538 1.34781e-05    0.877575 2.22086e-05 1.60519e-05    0.101781     2.34199  0.00011069   0.0260446