0.000139524   0.0304481     2.09627     5.02179     5.74887     4.97091 0.000116735    0.328273    0.210744     5.92918     4.74379    0.278041 9.45207e-05  0.00011559      7.8386     5.05751     5.62146     7.42404  0.00715027 8.57129e-05
 0.00025282   0.0484818    0.698297     1.07689     1.05647    0.186578 1.34594e-05    0.220423   0.0363689      2.9846 0.000150039    0.802911 4.13544e-05   0.0201978  0.00609094    0.010175      3.5128     1.53027  0.00581868 9.99694e-05
  0.0480883    0.961763     6.95016 0.000133596    0.172548     3.10026 2.07146e-06     4.02239    0.404343     1.09298 3.27832e-07      1.0079   0.0012524     2.91674  2.3407e-06   0.0530302     3.68273 8.61533e-05   0.0474062    0.142883
     4.7349     10.0123     13.7893     0.10067     2.86742     4.33632 0.000173024     20.6814     11.8327    0.209716 2.84469e-05     21.1154     1.12913     16.4318 5.43535e-05    0.216387     5.08958 0.000195352     3.58761     8.10263
    26.0219     31.8766     22.3853     10.4091     19.5407     7.68361     5.45849     36.3889     37.2095     2.11393      1.1231     56.8755     25.8982        29.3     4.50815     1.11536     12.3602     2.24068     31.9007     31.5838
    56.9874     50.0593     33.0128       67.17     56.0988     64.4217     88.0218     30.7583     48.1344     40.3439     88.9121     15.1928     72.8539     49.8166     77.8138     87.8121     33.5609     50.1586     63.8451     59.2365
    11.5165     5.96647     1.11601     10.5862     3.38477    0.188041     6.51901    0.148473    0.190424     32.3883    0.182051     0.14096    0.117067      1.5138     2.06189    0.091379     13.8515     32.2068    0.551565    0.933584
   0.685147    0.779328      1.0849    0.599787    0.152216      0.2513 0.000356592    0.184023    0.016187     10.2075 3.23193e-06   0.0157406 0.000107557 0.000425012 8.94887e-05   0.0127082     6.96385    0.577394    0.022353 0.000125138
 0.00522108    0.155737     5.27663 0.000117843     0.19681     2.99401 5.91316e-06     2.25426    0.136111     1.80454   5.443e-06    0.220879 4.05785e-05  7.8729e-05 7.13627e-06    0.178286     4.76459 1.15801e-05   0.0159702  6.4655e-05
0.000277964   0.0590791     4.97325    0.349518     2.62331     2.49466 1.36751e-05     2.66434    0.552924     1.15483  7.3819e-05     2.83895 5.36603e-05 9.56589e-05  0.00442625    0.255486     4.42234     1.15349  0.00763349 6.27018e-05
0.000179091   0.0504114     8.61716     4.68579     8.15809     9.37258 5.54869e-05     2.34918     1.27633     1.77056     5.03866     1.51087 0.000108081 0.000119917     7.76689     5.19762     6.17009     4.70842  0.00874333 9.74276e-05
   0.641205    0.834397     3.28742   0.0018333    0.334603     1.60865 3.03607e-05    0.513409   0.0520349    0.508153 9.19575e-07  0.00108746  0.00154028     1.01729 2.78821e-05   0.0425191      4.8332 2.49867e-05   0.0153023     0.11998
    2.72982     2.90396     4.97771   0.0822633     1.27553     2.15901  0.00113676      2.3578     1.68938     2.35965 1.52752e-05  0.00294024    0.143307     3.73501 0.000664922   0.0776775      5.6727 0.000733649    0.237961      1.9489
    6.09261      5.9578     6.49474     1.40573     3.61306     2.37682    0.149012     6.24555     6.22144     5.78942 0.000462039   0.0420557     1.63964     6.07446   0.0605525    0.119078     7.16831    0.568987     2.23578     5.78271
    10.7083     10.1711     8.75092     6.60846     7.81323     3.14548     2.56477     10.8909      11.353     10.6788   0.0684563    0.735222     6.94588     8.92857     1.31168    0.282541     9.34464     3.80505     7.29159     10.0808
     17.753     16.8744      13.884     18.9738     17.6357     7.58261     17.7302     17.4955     18.0811     17.6466     5.31072     12.5091     19.5899     14.9155     14.3104     2.67928     13.6089     14.9048     19.9151     17.1367
    25.6327     25.6276     26.1169     45.9712     39.2993     66.5329     58.4711     26.0931     26.0738     30.1864     89.4218     74.4662     44.1008       30.74     68.8211     93.1967     21.2092     60.9543     41.1776     29.8978
    17.4181     16.7716     13.8729     18.5278     17.6403     7.46929     18.0154     17.2625     17.9623     16.3197       5.127     11.3843     19.2441     14.6293     14.1977     2.97797       13.24     15.1828     19.5243     17.0112
    10.3755     10.4094     8.64598     6.66531     7.40791     3.12937     2.83811     10.7412     11.1893     9.26799   0.0710285    0.798217     6.66396     8.82537      1.2355    0.353093     8.81104     3.98145     7.20206     10.2395
    5.66506     6.27801     6.26196     1.63324     3.41906     2.34191    0.224074     5.94444     5.88986     5.04365 0.000527162   0.0572507     1.55955     6.26144    0.061317    0.148223     6.71647    0.600598     2.15536     5.86559
    2.51673     3.15569     4.71638    0.126137     1.27502     2.09896  0.00591262     2.10956     1.44516     1.89361 1.00734e-05  0.00312878    0.110322     3.84196  0.00110174   0.0838887     5.27354  0.00129496    0.231318     1.82103
   0.467011     1.01606     2.99102  0.00429819    0.286267     1.55496 0.000211328    0.345954    0.042572    0.305991 1.51972e-07 0.000401684  0.00105025      1.0311 3.02508e-05   0.0389889     4.12199 2.83497e-05   0.0136386   0.0958373
   0.030267    0.273782      0.5867 0.000269287   0.0203361    0.102654 1.67956e-05    0.395052   0.0290958    0.827915 1.37132e-08 1.60996e-05 4.01443e-05 1.26847e-05 1.00406e-05  0.00135683     3.31134 5.01829e-06   0.0168069  5.0547e-05
   0.725791      1.0379     1.31669    0.119734     0.16987     0.30508 0.000598684     0.71083   0.0455493      5.4163 1.10969e-05   0.0374263 0.000140067 0.000152419 0.000202464   0.0048032     6.72346  0.00156847   0.0364909 0.000149593
    3.10397     2.03727    0.900507     2.27671     1.01695    0.187408   0.0568157    0.262793    0.044249      12.154 0.000919227    0.407441  0.00317351   0.0627079   0.0324494   0.0107427      8.5979     1.80633   0.0977965   0.0107935
    8.06031     4.13407     1.06458     6.70342     3.39064    0.170764      1.6738    0.219585    0.195896     20.7216   0.0958434    0.637478   0.0843337    0.936397    0.913008   0.0679905     10.2235     15.6848    0.381533    0.493502
    15.0562     9.42501     3.41558     20.4395     11.9815     2.57168     17.6287     1.14459     2.42588     27.7223     5.27494    0.576141     2.69971     6.43599     14.0488     2.13004     13.2722     40.6506     4.52123     6.02445
    21.2341     20.4084      21.544     41.5912      35.413     65.8049     58.0048     17.6553     29.3509     21.7164     87.3653     5.52246     48.7377     28.2882     64.3066     92.4381     15.0743     29.5705      38.411     34.4868
    26.9773     27.0142     21.6406     21.5823     27.9431     10.7259     20.9061     24.8553     32.7966     6.88779       7.157     30.6932      35.212     24.6379     19.3248     3.40011     13.3221     8.74197     36.1229     31.5838
    15.8252     18.3898     15.9235     6.49662     13.3699     5.97033     1.71041     21.7166     21.0818       2.115     0.10534      39.502     11.4966      16.835     1.34162     0.91677     9.95622     3.13627     15.3552     17.5896
    7.26949     11.5469     14.2096     0.77018     5.50777     5.45503   0.0185788     18.6865     11.3879     1.09147 0.000601296     18.5249     1.63781     12.5877   0.0323659    0.505088     8.29762    0.407782     4.50744     8.39971
    1.64467      4.6846     12.8354   0.0199779    0.939967     5.62095 0.000141617     11.2735      2.4571    0.836704 6.30779e-05     4.09847    0.125988     8.09153 0.000153802    0.340814     6.98595 0.000176369     0.50536     1.37696
  0.0727632     1.04808     6.56292 9.61254e-05    0.246978     3.08525 6.54667e-06     3.07994    0.185005    0.510504 1.77546e-05 0.000446956  0.00256815     2.12447 1.80847e-05    0.184194     4.23544  1.8519e-05   0.0442074   0.0342023