    45.055    24.4583    89.4113     133.38    139.878    23.0643    48.3994    92.1099    86.0396    95.4509    25.7242    48.4596    136.806     130.42    150.409    51.2915    29.2151    68.0206    10.3862    70.7529    153.929    28.2934    16.2517     102.65    45.6644   -2.26181    29.3403    5.84915    22.2444     45.984    35.6514    22.2465     100.94    29.7925     4.0547    18.0131    89.5564    83.7887    9.66544    32.0958
   58.4765    51.9626    47.6376    33.4797    36.3361    45.0135    54.4676    11.5705    38.5026    19.6481    23.7979   -5.87587    41.2795    30.1759    39.1813    25.2449    13.6831    39.4987    55.3644   -34.1674    39.9094    54.1763    59.1427    34.7056    47.5768    45.1086    29.4666    36.7123    30.7121   -21.5999   -20.2664    42.3969    42.5598     49.203    26.6351   -18.8823    29.9064    30.1276    3.02023    21.4391
   31.2857    24.9608     40.298    17.8552   0.332074     18.854    39.5794    38.5602    12.8798    7.21371    9.26973    15.1814    14.1004   -23.1144    9.46645    49.2678    31.6043    40.8108    10.2573    15.8639    7.24537    33.0755   -35.1973    40.6787    43.3194   -2.34882     8.4662    3.81303    30.9443    34.3603    28.9904    21.1277    30.2179    27.1982   -2.81286    18.6546   -4.92642    8.26189    7.13771   0.644787
   53.3274    35.6233    32.8782    27.8551    25.3036    24.6263    33.2303    35.7881    22.5079    30.3914    23.5633    32.3787    28.0211    20.5904    26.5103    30.9801    24.1084    38.1345    52.1182    67.4035    26.3613    25.2453    74.9159    20.3463    19.6629    33.4452    10.2079    19.2101    29.9593    34.8603    26.3883    16.1767    32.8636    21.2705    10.4097     20.168    16.1162    23.4948    10.5587    11.0511
   3.18657    -11.371   -2.94953   -19.8807   -11.1377   -18.0531   -4.03647   -18.6236   -18.7761    3.18134    9.38814    3.15116   -17.6148    8.42013   -20.6993   -10.2198   -15.1781   -2.76123   -13.3362   -20.1708   -21.4135    -10.962   -19.4197    -13.117   -9.72075   -24.2484   -10.9444   -19.0914   -17.3966   -14.2697   -11.0884   -12.7714   -9.37696   -14.5967   -18.8425   -9.03732    2.31743    12.1318   0.436551    4.91544
  0.635109   -1.51177    4.34363    2.15421   -2.23386    5.51313   -2.11369    15.4482    4.38861    6.65663    8.08071    4.24677   -1.06359   -4.20985    -2.3154    5.83223   -1.20588    8.09108   -5.21574    11.1038   -3.33367   -5.71686    0.11086    4.27825   -2.43272     6.1868    9.76586    12.2024    1.13034   -6.65519   -13.6468    2.55723    3.88838    0.13078    20.0528   -19.1966    3.49231    6.31606    2.13579    11.3709
   4.60241    16.7051    5.89494     12.008    13.3224    13.0905    15.1243    18.6962    7.06563    22.2233     14.222    20.6486    8.18016    23.7715    9.62632    13.7951    6.80458     4.1253    19.9342    16.5016     9.3422    19.9714    10.2887    16.0694    14.5938    16.1461    4.25718    7.76751     13.562    13.8371     6.4915    12.1353    5.39251    16.9698   0.574668   -3.02911    12.3193    16.6193    4.49632    4.72592
   12.2722    9.75031    16.5067    8.01693    7.24239    11.5301    14.3279    7.35836    8.21943     9.5582    4.39799    9.22489    7.79094    8.87575    6.83537    5.43976    4.71023     9.8504    8.12982    6.47084    6.35166    8.49334    6.76487    14.8569    4.48377    14.8611    5.54302    13.6565    3.47236    16.4679    13.8704    3.00185    10.1367    11.3293    15.5562    13.1428    6.71182    9.76972    1.41477    5.48361
 -0.168116  -0.888174   -1.09812  -0.469131  -0.492585  -0.874131  -0.715248  -0.184208  -0.204031  -0.515963  -0.815921  -0.563744  -0.435125  -0.843205   -0.45391  -0.769463  -0.605323   -1.03275  -0.591818  -0.972965   -0.32918   -0.86153   0.479618  -0.891066  -0.285223  -0.851081  -0.214362  -0.763687   0.311245   -0.78609  -0.507487  -0.104424  -0.501475  -0.953531  -0.917465  -0.887373  -0.702141  -0.242227   0.696074   0.404994
   1.04949   -3.91192   -2.76346   -4.70409   -2.30624   -1.20544   -2.50342   -5.91619    -1.6886    5.60067   -14.9796    4.73763   -3.83978    2.41363   -3.87466   -2.79564    -4.9334   -4.30597   -8.22916   -1.66874   -3.66501    -1.6819    -6.2134   -6.01912  0.0667743   -6.15009  -0.324816   -1.24236   -4.03675   -4.64567   -3.15738   -2.04466   -3.55894   -1.31252    2.33879   -4.82864   -7.64019   -8.34004   -2.83035   -11.7702
    -11.16   -10.4295   -10.1066   -10.1348   -12.2432   -14.3841   -10.1281   -7.59097   -10.8752   -6.22646   -13.2666   -4.68015   -11.1513    -14.471   -11.4051    -12.567   -9.07444   -9.79873    -5.5214   -21.0223   -11.7353   -13.2585   -8.28328   -8.69468   -14.5745   -9.28927    -10.884   -13.1881   -11.4166   -17.5395   -11.5119   -14.8332   -10.7371   -14.8416   -12.5101   -3.03037   -13.4629   -17.6433    0.16276   -8.75727
   3.61292    6.00566    6.35307    6.96777    7.84195     11.493    2.99517    5.84953     4.5847    9.84566    11.3799    11.6696    7.95121    8.00777    7.48948    7.51901    9.40358    9.96144    3.72759   0.932575    7.53104    5.25635    9.74664    5.62553    6.60049    10.2305  0.0614264    7.34557    9.41475    6.15793    7.01023    7.11196    8.89939    9.62696   0.116104    6.53313    4.98666    7.67693    7.05801  -0.316606
  -2.88992   -4.41127   -3.82983   -4.10311   -4.35731   -2.30476   -4.42307   -1.96812   -5.52648   -4.58996   -5.08709   -6.78253   -4.76201   -3.40058   -4.59603   -4.40305   -5.30914   -5.07945   -5.02746   -1.51576   -4.66854   -4.39523   -3.20766   -4.13651   -3.71632   -3.02144   -6.23078   -4.80327   -4.69648   -8.97966   -1.13143   -3.45017   -4.62551    -2.9006   -8.27371    6.43185   -4.63683   -1.55592    -4.3785   -5.91077
  0.640244   0.940899   0.563966   0.945289    1.06472   0.477688    0.83007   0.204956    1.65151    1.38276    0.87904    2.25683    1.22068   0.805934    1.06734    1.52248    1.90039   0.803862    1.37807 -0.0558663    1.16372   0.813844    1.03852   0.917754   0.946518   0.420686     1.9393    1.33728   0.958751    2.76926  -0.708945   0.957219    1.08672   0.499806     3.2596   -2.47717   0.924441   0.310867   0.313723    1.19579
  0.802249    3.79919  -0.248004    2.80133    3.27975    2.95148    2.12384    2.54849    2.41268    2.22483    3.24463    3.22096     3.1929    2.30826    3.49424    5.19677   0.268576    2.73144    0.53801    2.08653    3.74701    5.60221    2.30842   0.673702    3.29825    1.14032  -0.496649    4.13197    2.03465    1.22842    4.60006   0.263471    2.43036    4.39586    5.56525    5.63925    3.13909    1.31231    1.17058    6.21635
   1.33687   -1.17676   0.564671   -1.02989  -0.840065   -0.85863  -0.135725   -1.79162   -1.68731 -0.0428507  0.0661729  -0.412885  -0.668015   -1.49633  -0.695736  -0.902886    -1.2541   -1.34517   -3.25782    1.69358  -0.624404  -0.465371   -3.78221   -1.03768  0.0361093    2.36824   -2.53837   -2.01022   -1.16087  -0.103657   -1.89617    1.05544  -0.520545   -1.12859   -6.79374   -3.07734    1.52473   -3.96096    1.40329    5.26563
   8.07842    6.29874    6.06609    6.62534    6.95996    4.96598     6.7582    7.27036    7.05404    6.36344    5.68007     5.9295    6.13641    8.75372    6.31721    6.98653    9.07217    6.00478    5.77094    4.70807    6.34045    6.27914    3.34506    5.63326    6.20749    8.91209    5.11165    6.43849    7.65011    6.10477    6.17891    5.61564    5.92547    4.33374     8.6151    6.85746    6.35038    9.34235    4.63997    4.55971
  -1.83767   -3.39567   -3.67755   -2.75679   -3.58854   -3.56281    -2.8087   -2.02476   -3.11469   -6.10644   -3.21198   -3.15011   -3.47686   -4.61987   -2.93759   -2.87478   -4.30113   -4.78273   -4.61166   -4.18863   -2.87803   -2.79363   -2.86513   -3.62547   -3.49299   -3.31984   -2.58931    -3.7917   -4.32021   -3.53106   -2.37427   -3.56899   -4.08437   -3.36268    -2.9975   -4.97557   -4.08584   -2.20317  -0.428694    -5.6023
   4.09983     2.4342    3.27599    3.50526    2.92517    2.64903    3.23641    4.17517    2.58723    2.71531    3.14168    3.50271    2.88867    2.55344    3.13387    2.71635     2.6877    2.42876    3.79564    1.10179    3.06969    2.41584     4.3585    3.36952    3.44629    2.12506    1.19754    4.13704    3.19421    2.80973    5.00185    4.64765    2.65975    2.34944    3.59858    3.57161    3.96751    3.30313    1.45422    4.67693
  -1.85657   -1.65743   -2.22402   -1.71893   -1.62106   -1.56859   -1.92103   -1.73553   -2.54759   -1.55803   -2.57851   -1.96675   -1.83504   -1.35386   -1.75745   -1.44427  -0.964055   -2.01864   -2.16512   -2.98467   -1.71899   -1.68274   -1.50259   -1.98948   -2.28576   -1.45854   -2.72216   -1.88682   -1.99149   -1.18088   -1.89473   -2.46048   -1.95596   -1.61615   -3.17642   -1.66191   -1.19493   -1.59531  -0.992546 -0.0126417