    151.745     61.4202     59.8883     30.1407     1.76097     95.9457     14.9911     64.3524     41.0906     17.0003     23.7345     22.6113     130.972     88.8655     134.129     36.9281     66.4399     90.1311     32.0059     15.7453
    37.4565    -34.7182      55.511      55.537     37.3404     43.1166     12.7273     14.9245     35.5538      45.386     47.6031     17.9472     28.1444      17.542     36.2899     33.4679     28.4614     43.0507    -20.2176     58.3639
    3.99838     25.0039     35.6555     28.7779    -9.37801     31.4604     3.56834     21.0703     42.5643     15.0812     17.7377     29.5049     -16.412     38.2664     10.0925     6.10762     3.54712     35.1508     28.0906     2.26418
    25.3689     58.2929     38.2231     26.9388      27.335     33.5832     13.1006     33.1792     26.0584     31.6628     21.7717     22.4912     23.4055     31.1751     25.7858     14.9508      18.709     19.5079     25.0471     62.2176
   -21.8274    -19.3145     1.14448      -9.579    -22.8858    -6.38781    -3.18559     1.73611    -10.1365    -16.0839    -16.4582    -16.8368     0.61616    -17.9092    -18.9125    -13.8182     9.41114     -11.574    -11.7503     -8.5364
    1.67155    -7.96918     -2.8035     4.17431    -14.3435    -8.17957     -7.4732    -9.43436    -3.52137    -1.73256    -3.87002       1.005     2.86985    -16.3574    -1.32003    -8.88585    -5.94669    -3.39207     11.3493     4.21035
   -6.17135    -13.0231    -2.51958    -14.3914     -6.6761     1.82874    -1.58863    -13.1137     -9.8106    -12.5464    -11.8362    -6.16828    -16.6793    -13.7532    -7.06404    -3.21199    -11.6562    -10.1153    -3.27483    -11.1424
    6.11703     11.6369      16.224     9.22753     16.5675     9.61607     5.28245     8.72122     4.03803     7.80035     11.3103     2.45784     8.92646     6.31347     7.48258     7.70528     7.18772     14.3142     14.7731     5.37968
   0.623424     1.86511    0.890824    0.935681     1.54544    0.647421   -0.217699    0.888735    0.753708    0.941077     1.45064    0.500917     1.25867    0.361208     0.68895    0.530495     1.04113     1.12371     1.13454   -0.107559
   -7.11332    -14.7753    -5.54953    -7.52085    -8.92284    -7.52315    -1.05115    -4.75288    -10.3221    -5.26322    -11.4551    -7.11132    -10.0762    -2.59596    -6.27314    -7.01901    -10.8606    -3.90758    -5.65693   -0.573657
   -6.92497    -10.0404    -4.88462    -5.98608    -6.81039    -6.17771    -7.10749    -1.98662    -5.35487    -8.01492    -5.54127    -7.27811     -3.9517    -8.38177    -7.24161    -4.95076    -14.0896    -8.65672    -6.86343    -7.54016
    3.64695    -4.97111    0.823184    0.745659     7.72465      6.6519     1.85557     7.01737     2.85105     4.22821     6.13526     7.14929     3.10153     3.32997     3.79769   -0.988116     3.63582     3.41494     4.28634   -0.139266
    2.72253     1.93207      2.3762     2.56801      1.0875     2.77424     4.09381     4.04077     2.30938     2.51743    0.229094     3.85881     2.05508    0.449019     2.64622     4.72657    0.675179     3.26456    0.100691     2.66925
   0.535765    0.629382    0.745241    0.612321    0.808456    0.524252    0.540672    0.501818    0.283529    0.631043    0.671829    0.115202    0.463764    0.601937    0.578587    0.190574    0.597394    0.844304    0.856146    0.423828
    5.77022     2.56954     1.75421     6.81145     4.73799     4.42088     5.17584     4.94419     6.44181     4.51522     4.99394     1.87549     5.06466     4.69625     4.98942     3.57578      3.8079     2.88525     6.05779     3.34953
   0.197258    -2.18226     -1.7483 0.000172371   -0.289538   -0.101816   0.0544995   0.0790065  -0.0611237   -0.614065    0.262713      1.2723    0.645603     1.46092    0.416555     1.07124     1.83526    0.391453     1.04311      2.8534
   -5.73543     -4.5321    -6.69622    -5.68834    -6.91429    -5.49834    -6.07463    -5.81961    -6.19449    -7.23866    -3.82911    -8.24077    -7.83695    -6.36019    -5.89345    -5.01625    -7.20073    -5.12548     -5.5738    -4.87441
   0.372703   -0.687376   -0.155429   0.0943514     1.12501    0.708323     0.33628     1.52096    0.250903    0.222255    0.928001    0.953301    0.938467     0.22275    0.462591   -0.204084    0.264676    0.571148    0.780533    0.867168
 -0.0274081     1.89932  -0.0744193   0.0426219   -0.331078     1.19217    0.480717     1.20491    0.149468    0.722483     1.13727    0.833675    0.785762   -0.730915    0.137071    0.609561   -0.137428    0.840698   -0.657031     0.16036
   -3.43761    -2.24968    -3.59815    -3.27233     -4.1309    -3.08049    -2.06965    -3.35673    -3.59743    -2.99748    -2.73323     -3.7092    -3.29331    -3.83728    -3.49958    -3.68243     -3.8018     -3.4468    -4.28456    -4.67789