   92.0426    141.164    117.427    53.4583     65.942    113.915    63.8352    41.5611     146.33    92.6981    141.029    146.291    49.5224    130.836    141.308    123.531    133.191      36.75    146.014    131.544    38.3294    25.4441    120.399    41.1268    143.037     144.98     115.49    68.4964    49.4254    54.8365     65.229    77.4451    85.4299    35.7789      90.95     23.213    17.3862    2.42489    13.0318    101.989
   50.7843    38.7456    39.1989    69.5292     40.737     12.235    41.2449     39.001     38.038    31.9725    34.1804    38.0278     43.248    26.9819    35.5357    35.9871    38.5088    19.8951    37.9901    39.1448   -19.6479    84.8326    31.1923    19.4388    38.1767    37.7297    39.6827    19.7601    43.4987   -15.9901   -21.3631    41.5565    28.5729    37.7302   0.947043     33.551    9.79154    47.5968    60.3676    12.9087
    42.478     35.482    45.0008    31.4741    48.3071    24.8068    60.1157    41.1023    34.2281    59.3583    34.4594    34.2428    55.8561    36.4258    37.9622    30.7832    10.5914    47.2044    34.3081    38.3942    22.6191    12.5927     46.519    25.9932    29.2908    34.5966    13.3382    51.1598    60.5121    41.2898    22.6297    53.8247    22.7344    52.7756    38.4243    35.5042    21.9975    18.6607    24.5606    49.1897
   53.7334    29.7125    35.9122    62.3578    31.9817    55.0133    33.9564    19.2288    27.7085    34.1187    30.4472    27.7165    33.1908    33.9003    26.9239    27.4554    13.6246    29.6095    27.7946    31.8529    38.5764     59.489    28.8385    25.0661     24.872     27.933    14.7078    39.7526    31.9897    37.1779    51.1093    37.2165    26.7107    22.2675    41.2598    10.8371    22.2743    17.6869    34.5591    35.5958
   5.82676    13.2199    8.79728    3.15681     8.7039    19.5425   0.499957    15.6708    13.9896    4.43323    14.2827    13.9812    2.67929    14.2524    12.9733    5.21162   -8.85328    13.4924    13.9258    11.8212    9.03777    7.11653    10.1447   -2.88835    8.89888    13.7313   -13.3132    7.63847  -0.473885    8.42801    8.88813    3.33987   -12.3651     10.734      11.19    18.3524    9.17255     21.904    15.7146    11.1466
   16.5078    22.2453    21.2041    18.4731    26.0114    34.0204    26.3995    23.0633    22.7243    23.7449    24.3402    22.7272    27.0131    27.1345    23.5649    24.8932    27.2058    21.9106    22.7375    22.0256    10.6237    25.9199    25.2016    25.4156    23.5715    22.8402    25.9316    25.8323    28.3418    23.5753    33.9954    24.4333    29.2935    25.5682    32.2567    18.7051    14.0636    29.3184    32.0989    31.5875
      5.92    12.6409    10.7054    10.5169    13.3766    1.42852    16.6093    9.31852     13.338    11.2418    12.0153    13.3329    16.5123    10.3364    13.4141    11.3555    12.9493    7.63584    13.2955    12.0071    22.3747    18.5335     12.766    5.43464    13.0338    13.2093    10.0869    9.03542    19.1339    16.2858    18.0521    13.8003    8.07307    13.3513    12.5929    3.70155    6.38599    9.42213    16.6226    9.15483
 0.0859096   0.101108   0.005538  0.0865583   0.226862   0.461169    0.23497   0.167444   0.106501   0.110975   0.154488   0.107045   0.263445   0.264256   0.104447   0.178927 -0.0782879   0.108606   0.108457    0.18649   0.537234   0.207814 0.00764375  -0.266034  0.0775837   0.117312  0.0833323   0.150554   0.344514  -0.101192  -0.272452   0.125497   0.217982   0.236241   0.362608 -0.0519346  0.0575026   0.139707   0.279013   0.187291
  -5.81105   -8.24748   -6.20187   -9.99364   -7.91619   -9.80891   -6.12003   -8.50452   -8.66321   -4.36186   -8.58319    -8.6598   -8.53593   -8.22358   -8.06094   -8.19259   -12.9449   -13.2741   -8.63962   -7.58253   -6.26361   -14.4647   -6.73401   -7.63402   -9.04645   -8.56627   -5.21853   -7.17329   -7.44125   -10.1836   -6.81159   -6.16636   -8.76891   -13.0741   -6.87251   -5.55229    -6.8178  -0.359105   -7.76314   -6.45846
   11.2729    13.3506    12.1526    12.1524    13.3737    14.9486    11.3713    13.3001    13.6051    11.3239    13.6925    13.6033    12.7238    13.7382    13.3828    13.3641     8.9469    15.5828    13.5931    12.9738    13.0311     14.541      12.78    12.4477    13.6901    13.5637    23.3341    13.0281    11.7821    15.8463     15.192    11.6706    11.7926    15.6542    14.3499    10.8948    10.2836    10.2222    14.5836    13.2459
   3.10065    1.67419    2.48865  -0.935618    3.15634    1.41708  -0.255244   0.867809    1.42227    2.68948     1.4828    1.42384   0.145071      1.556    1.55961    1.69715    1.35565    1.88545    1.43458    1.98626    3.38547   -2.78311    1.93163    3.94058     1.3057     1.4631  -0.226401    2.43654   -1.42567   -1.11597   -3.05485   0.912655    2.00711    3.03867  -0.162375   -4.21682    3.80362  -0.141908    5.26085    1.89127
  0.235371   0.223467   0.211766    0.17102   0.150597  0.0786712   0.263282   0.202685   0.223546   0.204391   0.206091   0.223662   0.275384   0.191156   0.222418   0.212861    0.17848   0.179726   0.223831   0.251007  0.0755151   0.134873   0.179773   0.158217   0.208547   0.225273   0.113409   0.351356   0.271997   0.204857   0.458324    0.24438   0.208438   0.144467   0.216562   0.143074   0.461126   0.216021   0.130627   0.060122
  -25.2727    -23.297   -23.8905   -23.0871   -23.3165   -20.1231    -21.553   -24.4062   -23.0661   -23.4434    -22.643    -23.066   -21.8917    -22.001   -22.9145   -23.1241   -24.0364   -23.4284   -23.0685   -23.4922   -21.8414   -20.1324   -22.7174   -23.7743    -23.113   -23.0599   -21.9625    -23.208   -20.6889    -27.081   -25.7917   -22.4838   -23.4406   -24.2726   -22.9826   -22.4764   -18.2006   -25.2445   -22.8321   -21.2666
   1.80685    2.62461    2.02105    3.15076    2.35891    4.61917    2.32237    2.95013    2.75783    1.71224    2.95532     2.7572    3.09255     3.1481    2.64025    2.57116    2.03694    2.52219    2.75248    2.41749     4.0586    3.76603    2.39186    3.05317    2.72046    2.73926       3.55    3.05614    2.81035    2.48776   -1.02952     2.2185    2.22547    4.04719    1.59786    1.37771    1.36777    3.98455    1.47123    3.06833
  -8.37582   -8.90554   -8.72253     -8.973   -8.73054      -9.24   -9.30908   -8.68096   -8.96932   -8.78922   -9.03665   -8.96922   -9.16916    -9.1237   -8.99294   -8.95166   -8.80352   -9.06391   -8.96784   -8.84316   -9.01115   -9.60108   -8.99005   -9.08294   -8.98153   -8.96771   -9.43575   -9.10146   -9.52157   -8.63699   -7.22244   -9.06543     -8.888   -8.42265   -8.39681   -9.40986   -9.61548   -8.69388   -8.71927   -9.23757
  -13.9478   -13.4716   -13.7203    -13.373   -13.7649   -14.0694   -13.4322    -13.996   -13.4043   -13.8632   -13.5062   -13.4051   -13.3893   -13.6558   -13.4614   -13.8532     -14.43   -13.9317   -13.4098   -13.5652   -15.1113   -12.9492   -13.6295    -12.564    -13.617   -13.4252   -14.4046   -13.9625   -13.2313   -12.8725   -12.5274   -13.5924   -14.7078   -13.5804   -13.3052   -14.3687   -11.6549   -14.1021   -14.0579   -13.9039
  -6.17273   -6.16603   -6.21383   -6.22926   -6.09712   -6.20549   -6.42066   -6.30467   -6.16331   -6.28759   -6.17822   -6.16346   -6.20216   -6.21266   -6.19242   -6.19231   -6.13217   -6.42263   -6.16414   -6.18748   -6.40416    -6.3485   -6.23783   -6.49887   -6.15743   -6.16737   -6.14523   -6.18772    -6.4168   -5.73829   -6.34123   -6.34023   -6.20767   -5.72236   -6.25701   -6.78361   -5.64964   -5.73796   -6.17155   -6.25053
  -11.4327   -11.3529   -11.4258   -11.5718   -11.2988   -11.4546    -11.672   -11.6739   -11.3432   -11.5175   -11.3663   -11.3433   -11.3981   -11.4103   -11.3718   -11.4375   -11.5025   -11.7177   -11.3443   -11.3722   -11.7107   -11.5718   -11.4378   -11.6723   -11.3707   -11.3482   -11.4175   -11.3225   -11.6721    -11.028   -11.4619   -11.5725   -11.5473   -10.8645   -11.4822    -11.655   -11.0003   -11.2337    -11.208    -11.514
  0.891728    0.73219   0.752806    1.04089   0.692806   0.554524    0.80317   0.740168   0.719059   0.721304   0.691132   0.719041   0.820498   0.643212   0.699424   0.836411    1.18061    1.04649   0.719192   0.738324   0.680832    0.77563   0.669553   0.602547   0.792984   0.719365    0.85097   0.798109   0.825264     1.0206   0.789647   0.786285     1.0225   0.759552   0.648187 -0.0603282    1.34983    1.08339   0.358693    0.56736
  -8.83321   -8.86255   -8.86547   -8.98665   -8.69279   -9.12534   -9.06123   -9.45054   -8.86768   -8.91634   -8.90599   -8.86776   -8.90191   -8.96207   -8.88278   -8.86497    -8.7365   -8.79135   -8.86795   -8.86104   -9.32745   -8.90783   -8.91095    -8.9358   -8.84825   -8.86949   -8.84489    -8.8991   -9.08891   -8.58968    -8.5421   -8.97772   -8.82849   -8.53437   -8.83598   -8.80485   -8.04936   -9.46662   -8.63248   -9.03184