    4.38689   0.0338551     7.31596      5.0472    0.819544    0.517342     8.41994 9.42608e-05 0.000147063    0.103024     9.68275    0.389819     5.46178 4.26656e-06 4.86204e-05     9.25888   0.0298107     6.53458 6.05438e-05    0.199893     1.21788  0.00313984     3.00476     7.99977     0.47319 0.000157931     5.83701     8.08752 0.000120119 0.000110597    0.275117      1.6558      8.2841 0.000115991 0.000304666    0.178144     5.07051     4.81162      2.9827     4.21901
 0.00897672    0.102649     1.92552 0.000754759    0.618119    0.453361     2.28421   0.0109604 0.000346774    0.117617     6.72344    0.306396     0.37393  0.00433139 6.82069e-05    0.511523   0.0580381  0.00633739 1.31163e-05    0.177799    0.384689  0.00666002     0.10492     2.25407    0.099574  0.00012011 7.82388e-05     2.97122 6.10416e-05 4.10417e-06    0.827661    0.104714   0.0441028 4.03921e-05  0.00216805    0.013118     3.26196 4.42789e-05     1.50354  0.00361037
  0.0318201     2.97627  0.00651239 1.98184e-07     2.45494     1.08162    0.521103     2.82647   0.0644321     4.42856     5.13363     3.78458     5.59687    0.424546   0.0466163 4.82807e-05     1.07519 2.42813e-06  6.1052e-05    0.499673     7.31438    0.429526    0.127988 9.87421e-05 0.000275581  0.00235268 0.000434611    0.140975    0.304271 6.01767e-07      1.1242     1.11191    0.438069 0.000196629   0.0738919    0.150972     1.92119 1.53571e-07     9.02259 0.000223733
   0.132769     5.35943     2.05279 5.35764e-06     11.1317     3.11547     3.05713     17.8535     5.84258     19.3182      4.5546     29.0893     5.55248     2.42077     6.20337 1.38575e-05      10.435 5.35842e-05   0.0447295     10.4677     16.6006      11.822    0.268426  0.00192286    0.639131     1.55733   0.0115117   0.0442398      10.075 8.26175e-05     23.4716     12.8232     1.53122    0.732909     5.19896     10.7567     0.28709 2.72206e-05     13.7635    0.277944
    0.62304     11.7785     19.8692     2.41681     32.3618     11.8708     15.7247     33.3714     24.9517     35.2368     9.59271     41.5999     8.29525     8.19518     31.5495    0.438574     31.9775     5.94871     11.3249     38.8267     25.2563     35.9955     13.3798      4.1825     26.0586     23.9462    0.841871     1.31912      36.395     4.61832     55.9903     30.1166     3.73213     28.2679     34.7175     38.3495     1.82596   0.0468046     18.0166     14.6957
    90.0294     78.3957     53.0738     87.2226     45.2527     41.4079      44.258     44.3835     52.1201     36.4966     26.5563     14.3547     51.1579     88.7493     59.9289     48.6364     47.7003     77.9536     82.6487     47.1761     30.4032     50.4641     76.8168      56.515     70.8266     63.2931     86.7362     45.4156     53.1527     88.5919     13.3228     44.6548     71.4853     70.9505     59.6468     48.1026     36.9981     89.7677     25.4544     67.4589
  0.0316921    0.771376     7.41564    0.526369     2.00872     24.3261      7.0843     1.55342     15.0345   0.0823123      12.156    0.269388    0.247098    0.205703     2.27117     36.9888     7.48998     1.07947     5.96473    0.187765    0.265454     1.19831     1.23585     21.8992     1.05936      10.907     0.11992     33.0958   0.0724272      6.7894    0.146448     1.07838   0.0113028   0.0481429    0.309929     0.16817     31.8612   0.0256781     2.45924    0.279587
  0.0129203    0.033361    0.216641 8.54995e-06     1.51746     12.7855    0.836647 0.000441136     1.95197    0.318196     6.32752    0.105753    0.635589 1.17003e-05 0.000182723  0.00665168    0.965967     9.9e-05   0.0167341   0.0705909      0.4128   0.0389975   0.0661334     1.14595  0.00169778    0.291922 8.01143e-05     5.54322 7.39022e-05 0.000119457   0.0166911  0.00540954   0.0994895 7.41602e-05    0.022909 0.000189686     12.6597 3.08365e-06     2.04602 7.26314e-05
   0.170725    0.315401  0.00435017 2.59909e-07     1.45175     3.52871    0.898792 8.15432e-05   0.0330641     2.22966     5.30659     2.10777      5.9453 2.29617e-05 9.07898e-06  3.0742e-12    0.163481 2.70662e-06 8.56684e-06    0.263401     4.52457   0.0230105    0.206871 4.46788e-05 0.000245605  0.00155211   0.0032471    0.160212 0.000117578 6.13651e-06    0.187785    0.428033     1.67704 8.12218e-06   0.0226834   0.0701059     3.11167 5.80971e-06     8.39236 9.77261e-05
   0.205594    0.145733     2.26493 9.82067e-05    0.943608    0.452189     5.16919 7.93333e-05 0.000871207     1.00348     5.65016     4.39748     4.08707 4.04437e-05 2.36831e-05    0.412135   0.0597559  0.00782304  1.5079e-06     1.03702      5.3882   0.0106353    0.304432      1.2503   0.0635729 0.000144531   0.0139879    0.868341 0.000115203 4.72317e-06     3.12791     2.22576     2.05931 3.74696e-05  0.00421206    0.662655     1.45438  8.5626e-05     6.84431    0.175362
    4.36622   0.0876934     5.85465     4.78613     1.43965    0.461032      11.746 9.40898e-05 0.000260986    0.665569     8.31622     3.59492     12.6468 4.16665e-05 5.59073e-05     3.74695     0.04491     8.46935 5.27378e-05      1.0933     8.23195  0.00812347     4.48403     4.75116    0.777734 0.000146999     6.43566     2.35382 0.000143006 4.97767e-05      1.5095      5.7954     10.6379 9.65217e-05 0.000675335     1.54782     1.54827     5.34806     9.51472     12.8895
  0.0351239    0.831389   0.0449158 2.41591e-06    0.988502      3.2023     2.35863    0.956796     1.20818    0.320447     6.45464    0.334267     2.89628    0.191003    0.279959 6.17452e-06    0.850584 4.20235e-05 0.000576883   0.0903527     3.29065    0.248255    0.118338 0.000176318  0.00388207      0.1217 0.000178777    0.039475   0.0153215   3.126e-05 0.000461701     1.15604    0.550765 0.000540693  0.00988332   0.0136595    0.677648 2.08184e-07     4.43502   0.0401827
  0.0607973     1.57979    0.424171 4.23664e-05     1.85131     5.18603     3.62884     3.91921      3.8333     2.18811     6.56405     1.71596     3.51046    0.662383     2.69783 0.000166334     2.90683  0.00108015   0.0803084     1.08221     5.72201     2.48565    0.154502   0.0124279   0.0338828     1.29197  0.00131358    0.598101     1.49262 0.000511566  0.00183628     4.02516    0.809747   0.0715342    0.203172     1.60599     2.95744 1.23001e-05     5.78485    0.578341
  0.0826189     2.19087     2.47692  0.00211124     4.53411     7.86947     6.03461     6.53593     7.16207     6.90673     7.28585     4.88813     3.52014     1.06514     6.43803   0.0514751     5.91699    0.102931     1.27765     5.60684     7.44217     6.40812    0.357153     1.15361    0.426377     4.35594   0.0162206     3.68456     6.15005    0.118625   0.0313669     7.30209       1.005     1.24537     2.59047     6.20581     6.43547 0.000144994      7.0934     2.37627
   0.159526      3.3861     7.64881    0.243987     9.01878     10.5781     9.79556     9.79876     11.1728     11.7587     8.85632     9.93393     4.16252     2.06963     11.0399     1.28785     10.2445     1.80544      6.8866     11.7192     9.49767     10.6277     2.11261     5.70693     4.01909     10.0538    0.229385      9.7573     11.0017     2.42088    0.602148     10.5832     1.54504     7.09286     8.13481     11.3442     10.5945   0.0112582     9.14163     7.41852
    2.13226     10.6429     18.0586     10.0039     17.9391     14.4063     16.3993     15.7195     16.7734     17.7079     12.4847     18.5842     8.49263     11.1344     17.5037     14.1699       16.91     16.0319     20.4432     18.6093     13.5874     17.1868     16.8354     16.4553     19.4381     19.1986     2.95392     19.0593     18.1515     18.8012     11.2648     15.7202     4.62882     21.2846     20.0277     17.7986     16.6715     1.57523     13.5518     17.5662
    94.7878     64.5755     42.0669     79.6837     30.9834     19.3095     28.3696     26.2804     22.1084     24.8674     18.8686     29.7716     54.6437      70.595     24.4954     68.9415       25.02     64.6191     40.2659     26.6847     21.9082     26.1068     60.6702      52.713     52.2907     29.4201     93.4901     36.6827     26.2892     56.7973     77.0037     23.8544     82.7151     42.2656     39.3182     25.7417     29.1559     96.7461     22.2348     41.9759
    2.38475     9.82534     18.1103     9.82683     18.2477     13.8606     15.1139     15.5014     16.1281     17.0436     12.2874     18.3649      8.6801     10.5489     17.0886     14.3349      16.797      15.584      21.109     18.6412      13.438     17.1697     17.3387     16.7073     19.2665     19.2784     3.10885     18.0029     18.1381     18.9898     10.3412      15.188     4.68599     20.6049      19.384     18.1344     15.6362     1.65477     13.3769     17.3086
    0.17177     3.05108     7.94081    0.236551     9.15303      9.6716     8.56829     9.70948      10.543     11.0906     8.65787     9.95511     4.24199     1.98762     10.9584     1.18823     10.7439     1.73596     7.75412     11.3876     9.37602     10.7316     1.89967     6.00323     4.15347     10.2163     0.18503     8.42829     11.1601     2.68346    0.707573     10.0581     1.70725     6.39452     7.81059     11.8216     9.46672   0.0123514     8.78527     7.90002
  0.0898425     1.93364     2.76598  0.00280979      4.4818     7.26945     5.36464     6.66853     6.52694     6.18545     6.91558     4.73422     3.52196     1.00967     6.56839   0.0257528     6.45217    0.117291     1.92466     5.20023     7.24302     6.26437     0.29699     1.23092    0.357992     4.48472   0.0128453     3.21609     6.20587    0.184982     0.04376     6.89909     1.08489     1.00215     2.31422     5.97485     5.67982 0.000103921     6.68128     3.51182
  0.0622449     1.35706    0.427131 5.45428e-05     1.86726     5.34093     2.98601     3.92067     3.61766     1.76914      5.9246     1.50034     3.45978     0.58884     2.66603 0.000196802     3.07263  0.00214557    0.249902    0.929163     5.45562     2.46812    0.130284    0.016876  0.00968486     1.41173  0.00193879    0.502128      1.3808  0.00308523  0.00298754     3.98924    0.809486   0.0376797    0.196246     1.34258     2.34864 4.55942e-07     5.25248     1.16996
  0.0333068    0.626299   0.0354175 4.97552e-07    0.934998     3.30568     1.38054    0.989283    0.926193    0.161909     5.70037     0.21729     2.87044    0.147398    0.263691  1.1832e-05     1.08536 5.18665e-05  0.00801918   0.0492659      3.0392    0.302842   0.0861853 0.000109655 0.000314417    0.166794 0.000231818    0.029088   0.0147189 0.000122934 0.000174008     1.22439    0.457932 0.000181193   0.0107787    0.016589    0.376119 1.62163e-09      3.6626    0.154163
   0.001346    0.199879  0.00103043 9.68307e-10    0.964117     3.96899   0.0773289 1.56407e-05    0.290065    0.626229     4.15944    0.150477    0.354185 9.12423e-05  8.7496e-06 2.25262e-06    0.224302 6.38132e-06 0.000106224   0.0649937    0.211741    0.020184   0.0789028 7.92682e-05 0.000813107  0.00619241 4.42566e-05   0.0180438 7.02281e-05 1.32235e-05  1.5384e-07 0.000359291 0.000929908 1.10315e-05   0.0190406 4.38398e-05     1.32057 1.38696e-08     1.51295 3.94928e-05
 0.00348986    0.281704    0.131895 4.35969e-05     1.50855     8.65507    0.806596 0.000130946     2.21134    0.974282     8.14112      0.5148     0.91242 0.000231903   0.0001286  9.1657e-05     1.30667 0.000284464   0.0323335    0.151121    0.503694   0.0779067   0.0897228   0.0503993  0.00601736    0.293595 7.60228e-05     1.61708 7.68204e-05 0.000204407   0.0290972   0.0178397   0.0161363 5.85322e-05   0.0325043  0.00090402     7.42053 1.02654e-05     2.93505 0.000103716
 0.00918839    0.106334     1.87518   0.0039279     1.30147     11.3496     3.18203   0.0564582     5.73366    0.199722     10.3503    0.391804    0.452933  0.00208576   0.0405526   0.0563127     2.57029   0.0552612    0.428791    0.214827    0.308997    0.319053    0.194483     3.64426   0.0981386     2.11753 0.000174062      9.7073  0.00103021   0.0569552     0.41446   0.0923255   0.0310714  0.00179271   0.0533576   0.0115861     13.3947 0.000370902     1.96527  0.00415098
  0.0253697    0.242472     7.27427    0.304598     1.46537     13.6954     6.96706    0.951358     9.64972    0.108792      11.606    0.392827     0.29646    0.140653     1.40786     14.3016     5.30302    0.927552     3.42123     0.26507    0.382116     1.03139    0.804619     12.6723    0.855333     7.71387   0.0941098      20.429    0.072141     1.69463    0.645633    0.826568   0.0197042    0.043299    0.243776     0.14875     20.4547   0.0218597     2.11279    0.178527
    1.84856     7.58334     16.7376     10.2684     4.56714     15.7909     15.5412     6.29672     14.4053     1.18124     13.7656    0.989478     2.18368     5.13944     9.70481     52.2853     9.83431     11.1754      18.334     1.67571     1.59269     5.44922     8.90025     30.9935     6.54967     16.9972      1.5859     32.8741     1.40452     18.7615    0.502425       5.804     1.32329     2.13836     3.29007     2.19185     25.9669     1.17907     4.91886     5.78458
     94.447     61.5833      29.208     74.9841     23.0142     14.3685     25.7464     22.1034     17.1366     21.6967     12.3073     5.22964      54.039     70.7713     30.0048        27.9     17.8426      61.662     44.3002      29.137     19.9547     24.9181     54.3504     35.4915     45.3754     24.7667     93.6482     26.8137     33.2598     57.6953     4.90216     26.3916     81.5281     44.9043     35.9779     29.7441      20.112     97.4443     15.1188     55.2952
    2.39682     11.7327     25.4923     14.2043     29.1836     10.9725     22.5191     26.5892     22.9835     26.8097     11.5426     18.7769     13.2235     15.3762     32.8326     4.47257     25.2654     24.1202     27.6359     33.4749     22.9523     31.9525     30.1745     11.8825     34.1081     30.0001     3.81379     6.06586     34.4259     20.7073     28.5086     28.4933     6.76434      39.584     35.6052     33.5297     5.82523     1.32602     16.6927     29.8851
    0.53273     6.24169     14.5138     0.23441     18.0748     6.68996      14.559     19.2591     14.9228     20.4971     9.23324     25.8701     7.56185     4.02975     18.1401    0.970147     18.8949     2.01864     5.56551     21.7939     17.6446     20.4094     3.96954     4.61433     11.7929     14.5256    0.724164     1.74435     19.4289     1.07933     39.8655     19.2125     3.40676      12.191      17.764     22.0706     1.99419   0.0274887     14.4449     7.77647
   0.322496     5.24123     4.59022 0.000222469     11.4546     4.88422        7.84      14.076     9.26818     16.0752     7.97283     26.9953     7.53136     2.47831     7.08782   0.0139538     12.4778   0.0405292    0.275759     10.6702      15.545     12.1465    0.562127    0.649555     1.15344     3.27894    0.112077    0.564111     9.81128  0.00463146     20.5537     12.9985     2.72028     1.08366     6.16986     10.8273     1.37855 0.000772155     15.6612      1.0012
   0.249837     4.48191    0.175383 1.25185e-05     5.69154     4.75881     2.41264     8.53461     2.99033     8.94985      7.0596     17.4274     8.61184     1.64603    0.780974  6.4447e-05      5.1263 0.000143663  0.00615464     2.26209     13.9083     3.42392    0.416818  0.00143272    0.060012    0.290532   0.0160533      0.1159     1.58912 5.70271e-05     4.57784     5.52477     2.49458   0.0529796    0.770006     1.47275      1.3798 6.25733e-05     16.1344   0.0745878
   0.163122      2.3055 0.000246128 5.36195e-06     2.77467     4.86606    0.348602     2.13308     0.40849     2.88109     3.86198     3.26131     4.83285    0.415879 0.000350437 8.29703e-06     1.15436 1.38281e-05 9.09251e-05    0.290157     6.99587    0.251831    0.458709 4.29967e-05 0.000212928  0.00974379  0.00544826   0.0504886  0.00709452 8.27855e-06 0.000575992    0.638195     1.69481 0.000490332   0.0742992   0.0024144    0.752792 1.60301e-05     8.50307 0.000111114