    9.67137     39.9649     43.3927     149.562     55.5557     129.951     23.3607     2.37616     25.0145     35.4455     150.234     77.4957     54.8441     90.1644     101.099     114.069     52.7256     125.655     145.097     41.2524
    67.3787     47.6809     73.1771     42.3779    -19.3961     40.4814     4.98834     47.1115     34.8374     49.5069     42.4982     26.6819     50.1799     41.5255    -2.06814     23.0654     21.7708     42.5091     40.8595     40.3483
    7.22054     39.7839      16.392     22.7797     30.3256     6.04354      20.954     13.0779     21.9062      47.305     22.6136     15.2532     48.3936     46.1042     13.9691      38.447     45.3007     32.3597     24.4067     40.3791
    49.0366     32.8201      71.931      27.145     41.6935     20.1887     24.4795     24.4046     12.7778     26.6224     26.9821     28.1727       37.72     37.6863     65.2567     32.6688      37.327     31.8832     28.0381     22.6179
    18.3358     10.8576   -0.979044     17.5069     11.2584   0.0187664     6.88694     22.3187     13.3566     8.19645     17.6882    -8.87691     2.08707     5.46086     22.6762     14.8714      10.149     12.6671     16.7874     14.4657
    31.8799     26.5995     9.89475      19.552     25.5336     25.0785     14.5996     23.5791     13.0228     28.9119     19.5422      27.408     24.1763     18.0755     25.7774     25.6875     21.3425     18.1649     19.9607     20.8312
    7.94984     5.16592     5.11864      6.0445     10.0379     4.38056      4.9705    -1.88558    -5.41117     8.44234     6.16847    -2.21735     5.54926     1.20068    -11.3821    -1.09483   -0.440753      3.6291     5.09806     2.51626
  -0.325504   -0.672715    -3.15055    -1.09461     3.30797     -2.2447   -0.844423     5.08395     1.52217    -1.80165    -1.13516   -0.742394     4.42362     3.49258     -5.6657     1.34277     -1.6737     1.05625   -0.761915    -3.82462
 -0.0539511 -0.00504332   -0.910202   -0.354816   0.0513049   -0.532697   -0.350994     0.41715   -0.159141    -0.30227   -0.362994   -0.169399    0.308583    0.187414    -0.55548   0.0800004   -0.267814  -0.0199994   -0.271708   -0.663464
   -8.98497    -6.73724    -1.47579    -6.61575    -7.12874    -5.15196     -6.2351    -5.82173    -3.91385      -5.475    -6.62684    -6.00011    -3.29793    -5.72399    -7.52167    -6.64768    -6.78443    -6.49949    -6.60125    -5.51838
    8.44351     11.5232     16.9079     12.6121     17.5472     13.5138     7.89552     12.5204     15.5422     13.7724     12.6501     11.9692     13.7818     10.7979     14.9865     11.7579     11.4401     11.4169     12.4003     13.8428
     16.705     18.3387     16.6655     18.3025     19.6884     18.4055     16.8815     20.2802     16.6255     17.6626      18.294     18.6207     15.7808     18.7988     15.6408     16.6748     18.7037     18.8885     18.1993     18.8462
    2.28216      2.2227     2.17038     2.26902     2.30684     2.36651     2.04722     2.50027     2.14382     2.14119     2.26771     2.38485     2.00726     2.37389     2.05087     2.16381     2.40335     2.31881      2.2498     2.36904
  -0.418226     2.54712     3.32366     2.42719     1.01921     2.28541     2.21063     3.59829    0.252477     3.75023     2.43916     2.08656     1.30321     1.35728     3.72691     2.06947     2.57484     1.89839     2.36074     2.76971
   -9.65594    -9.54046    -10.1824    -9.79841    -9.76378    -10.8618    -10.0841     -12.296    -8.91956    -8.58677    -9.77938    -11.2823    -10.5849     -10.833    -10.0609    -10.4036    -10.3062    -10.2944    -9.90604    -11.2267
  -0.256467   0.0937754     2.93689    0.850298   -0.349034    0.744698     1.62932    0.894781  -0.0774221    0.734165    0.861744    0.568228     1.59936   -0.153792    0.448987     1.55554    0.777988    0.170685    0.882781    0.431927
   -5.33317    -4.86234    -3.21917    -4.13504    -3.52321     -4.7282    -3.58668    -3.59874    -5.04462     -4.6561    -4.12769    -4.99709     -3.3977    -4.08249    -4.12836     -4.4054    -4.78439    -4.15691    -4.18192     -4.0701
   -2.47065    -2.19175    -2.15948    -2.13484    -2.12302    -2.25599    -2.12209    -1.97994    -2.52229    -1.92509    -2.13152    -2.35696    -2.28993     -2.3045    -2.12585     -2.2171    -2.31732    -2.23778    -2.15846    -2.27278
   -6.77233    -6.57373    -6.49391    -6.39697    -6.59609    -7.13473    -6.65215    -6.48054    -6.74259    -6.18858    -6.38645    -7.23213    -6.65428    -6.95103    -6.29957    -6.40814    -6.92346    -6.72239    -6.43224    -6.68775
   -6.92612     -5.8119    -6.13563    -6.02735    -5.90189    -5.80682    -5.88325    -5.76027    -6.69143    -5.26612    -6.02534    -6.02195     -6.4248    -6.17168    -5.99665    -6.47752    -6.05363    -6.04103    -6.07491    -6.59435