    93.8882     95.5447     190.259     184.868     188.833     65.1039     165.989     108.563     190.053     149.599     169.737     130.859     125.235     187.184     172.004     188.409     181.746     151.251     94.2693      126.32
   -19.2114     18.0465     -3.2801    -4.75257    -3.47986    -7.85342    -7.76199    -18.1648    -3.32578    -14.0152    -8.46675    -15.2358    -16.6632    -3.74247     -6.5757    -3.63114    -5.04219     19.2195     52.1355     28.8673
   -8.39247    -7.89962    -7.23435      -7.897     -7.3948    -10.3086     8.43504     5.80884    -7.16174    -13.7175    -7.39042    -18.5129     1.09408    -7.74461    -10.7173    -5.96505    -3.03637    -7.76674    -8.54836    -7.95927
    1.63825     2.27247     2.35989     2.55841     2.37886     1.86289     2.26988      3.0354     2.36463     2.30845     2.52895     1.52529     3.04206     2.29349     1.90225      2.3542      2.3704     2.50832     2.72642     2.46726
   -29.3381    -32.7935    -34.5811    -35.3892    -34.7467    -20.9296    -34.8775    -37.1454    -34.5928    -39.8379    -37.1357    -30.1927    -38.6951    -33.4981    -30.5057    -34.6107    -34.9819    -36.5104    -39.3294    -37.2452
    30.2031     28.8341     29.8995     30.4301     30.0311     23.8132     35.9095     29.2538     29.9427     33.0437      32.132     35.4004     32.1702     30.4954       32.69     30.4184     31.8701     31.1979     33.0893     31.9796
    24.0334     16.9534     21.8472     21.7204     21.8347     14.6493     19.8518     23.6822     21.8346     21.4542     21.2619     23.6615     21.9796     22.2706     23.5582     21.6699     21.1889     22.9439     24.5508     22.7844
    -6.2755    -10.3826    -7.64248    -7.66899    -7.65562    -6.40227    -7.46759    -8.00724    -7.64251     -8.1391    -7.76585    -8.94799     -8.1553    -8.12062    -9.53292    -7.62298    -7.59069    -7.29967    -6.79642     -7.5343
   -5.43388    -6.29202    -5.13534    -5.31702     -5.1747    -4.30738    -4.55941    -4.60837    -5.13615    -6.00855     -5.3852    -6.09139    -3.95238     -5.1539    -5.39446    -5.10442    -5.05202    -4.96752    -4.72054    -5.09197
    9.54937     9.95567     9.61362     9.64175     9.61751     8.88443     9.31876     9.83699     9.61214     9.81917     9.68061     9.27704     9.95216     9.52749     9.24025     9.58654     9.53303     9.56702     9.49956     9.55947
   -7.09696    -7.96448    -7.15244    -7.14725    -7.14917    -5.96082    -7.04716     -7.4768    -7.15158    -7.16477    -7.14917    -6.93964    -7.55243    -7.12609    -6.99133    -7.13965    -7.11087     -7.0416    -6.87891    -7.09811
   -1.79064     -1.8518    -1.80477    -1.80287    -1.80452    -1.71247    -1.70884    -1.85083    -1.80406    -1.79942    -1.79835    -1.76739     -1.8945    -1.79194      -1.757    -1.79553    -1.77432    -1.79449    -1.77915    -1.75593
     3.7277     4.13283     3.79193     3.77056     3.78873     3.41196     3.61568      3.9356     3.79021     3.71573     3.75094     3.69906     4.02179     3.78812     3.77191     3.77361     3.72854     3.74358     3.67278     3.78689
   0.219973    0.307858    0.211512    0.213045    0.211829    0.276632    0.177586    0.220939    0.211329    0.229418    0.215348    0.139955    0.237574    0.216574     0.21363    0.208351    0.201444    0.170779    0.110516    0.303279
   -1.38121   -0.925127   -0.947283   -0.857059   -0.924942   -0.251814   -0.926482   -0.953493   -0.945452    -0.39396   -0.688169    -1.44277   -0.877533   -0.845548   -0.697768   -0.942161   -0.902335   -0.930494    -0.90689   -0.868739
    4.62043     4.76022     4.57278     4.50896     4.55919     4.07085     4.22804     4.59959     4.56919     4.37577     4.41344     4.68723     4.80808     4.50642      4.3589      4.5374     4.43823     4.53293     4.47522      4.5068
  0.0719888    0.251285    0.343683    0.257198    0.324254    0.422464    -0.70986    0.351801     0.33548   0.0740867   0.0498174   0.0930205     1.19491    0.343531    0.296346    0.237848   -0.037733    0.329174    0.309392    0.244203
   -7.49303    -7.68951    -7.35014    -7.33693    -7.34581    -6.80966    -7.41434    -7.42661    -7.35031    -7.24841    -7.31345    -7.44294     -7.3219    -7.31497    -7.24688    -7.35577    -7.36475    -7.29714    -7.21961    -7.31804
    13.9354      14.257     13.5569     13.5216     13.5471     13.1114      13.611     13.5438     13.5566     13.2863     13.4551     13.4394     13.4326      13.487     13.2817     13.5614     13.5609     13.4328     13.2512     13.4928
    1.36229     1.94669     1.51459     1.51905     1.51786     1.63268     1.49835     1.57141     1.51476     1.58991     1.53375     1.47247     1.55735     1.63709     1.95099      1.5128     1.51013     1.45804     1.37477     1.54128
   0.637858  -0.0124936    0.667054    0.674892    0.669839     1.04237    0.696441    0.629551    0.667415    0.721052    0.690882    0.654028    0.646108    0.688338    0.739332    0.670056    0.679187    0.787139     0.96314      0.6633
   0.445066    0.578959    0.425281    0.425495    0.424872    0.308883    0.440602    0.421281    0.425466    0.445608    0.423429    0.423697    0.380243    0.429993     0.43729    0.427159    0.430219    0.396062    0.353241     0.42529
   -10.7981    -10.6366    -10.7265    -10.7164    -10.7247    -10.6115    -10.7739     -10.785    -10.7267    -10.6618    -10.7042    -10.7045    -10.7052    -10.7326     -10.741    -10.7306    -10.7375    -10.7452    -10.7727    -10.7223
  -0.967734    -1.05818    -0.97478   -0.974617   -0.974918     -1.0312   -0.973752    -0.98623   -0.974821   -0.961267   -0.971271   -0.943673   -0.970968    -0.99308    -1.03892   -0.974709   -0.974251   -0.957779    -0.93294   -0.980013
    5.25271     5.16669     5.24092     5.23861      5.2408     5.19702     5.27211     5.29093     5.24114     5.20965     5.23302     5.21834     5.24499     5.26678     5.33027     5.24357     5.24879     5.26256     5.29417     5.24322
    2.14235      2.0597     2.13512     2.13383       2.135     2.17142     2.14612     2.15667     2.13518     2.12491     2.13251     2.12452     2.13372     2.14014     2.15112      2.1361     2.13805     2.14348     2.15577     2.11565
    6.20746     6.15139     6.20001      6.1933     6.19889     6.02945       6.219     6.27275     6.20003      6.1623     6.18464      6.2206     6.22831     6.21499      6.2561     6.20125     6.20236     6.20749     6.21851     6.20126
  0.0616841    0.107812    0.145426    0.147085    0.145527 -0.00878778    0.184165    0.243834    0.145672    0.145305    0.152445    0.166237    0.155917    0.132454    0.102427    0.149165    0.158636     0.14724    0.149867    0.151775
   -1.07988    -1.17475    -1.12942    -1.13063    -1.12957    -1.04678    -1.14544    -1.16742    -1.12954    -1.12989    -1.13217    -1.12018    -1.12827    -1.12558    -1.11418    -1.13104    -1.13502    -1.13147    -1.13455    -1.11439
   0.844485    0.817319    0.859988    0.861059    0.860204    0.883691    0.858008    0.862369    0.859988    0.867174    0.862967    0.839098    0.874203    0.859763    0.856217     0.85971     0.85939    0.859544    0.858814    0.873179
   -3.94713    -3.88725    -3.90078    -3.90064    -3.90073    -3.94477    -3.88994    -3.85689    -3.90073    -3.90247    -3.89886    -3.93208    -3.88234    -3.89947    -3.90061    -3.89989    -3.89756    -3.90324    -3.90688    -3.89586
    1.54085     1.45134     1.46034     1.45674     1.45951      1.4444     1.46188     1.44318     1.46032     1.43614     1.44919     1.48448     1.43081     1.46041     1.46277     1.46058     1.45984        1.46     1.45955      1.4544
   0.735581    0.826268    0.787959    0.783348    0.786932     0.70625    0.775903    0.787685    0.787765    0.772377    0.777406    0.826716    0.846707    0.789011    0.796585    0.785999    0.780382    0.784311    0.779003    0.786276
   0.960381     1.00473    0.991453     0.99402    0.992097      1.1058    0.982548    0.965503    0.991438      1.0122     0.99889    0.974951     1.00116    0.993971    0.998662    0.990593    0.989403    0.991261    0.990986    0.987588
   -1.06133    -1.07185    -1.08176    -1.08075    -1.08139    -1.16294    -1.07246    -1.07333    -1.08167     -1.0761     -1.0784    -1.07873    -1.08604    -1.07506    -1.05805    -1.08084    -1.07841    -1.08174    -1.08172    -1.07897
   0.320112    0.318764    0.324304    0.324602    0.324279    0.357692    0.321218    0.316228    0.324291    0.326014     0.32444    0.327715    0.328367    0.322858    0.319904    0.323974     0.32325    0.325124    0.326335    0.326618
   0.535107    0.513028    0.524874    0.523795     0.52455    0.606095    0.514579    0.507579    0.524789    0.518384    0.520628    0.509718    0.531766    0.523255    0.516667    0.523772    0.520779    0.525295     0.52594    0.520185
   -1.12447    -1.09849    -1.13492    -1.13364    -1.13463    -1.17348    -1.12251    -1.12509     -1.1348    -1.13252    -1.13196    -1.13825     -1.1576    -1.13231    -1.12645    -1.13349    -1.12993    -1.14065    -1.14911    -1.12879
   -3.63169    -3.59863    -3.61946    -3.62113    -3.61981    -3.63434    -3.61872    -3.61256    -3.61951    -3.62581    -3.62229    -3.61293    -3.60435     -3.6191    -3.61768    -3.61963    -3.62025    -3.62291    -3.62795    -3.61999
  0.0339067   0.0287338   0.0210905   0.0244866    0.021884    0.034495   0.0302041   0.0196363   0.0212386   0.0339893   0.0281477  0.00383036 -0.00761062   0.0255872   0.0346848   0.0223477    0.025877   0.0208696   0.0205066    0.023124