    5.24511 5.38545e-05     1.56641 8.08133e-05     4.92488 0.000143859     2.11472 3.34712e-05 2.93205e-05     4.77715     4.25687     3.98905 7.02872e-05 3.75122e-05     1.46113     2.71884     6.49801 6.35888e-05 3.51823e-05      3.5516
    2.30335 1.20246e-05   0.0046607 6.22677e-07    0.391883 0.000208388    0.253451 8.99606e-05 1.10786e-05 2.64834e-05   0.0339152 8.66766e-08 4.86281e-05 8.85398e-06    0.040811   0.0210779     1.19499 1.25084e-05 2.47929e-05 4.44688e-05
    1.42503 3.30274e-06     2.61931 7.44818e-07 2.30867e-05   0.0153664     2.62132    0.685461  0.00983457 1.42083e-09  2.3175e-06           0 0.000156177 3.10942e-06 0.000126282    0.180613   0.0211378 3.47646e-06 9.77219e-05   0.0178999
    4.09589 0.000174107     12.6707 2.88897e-06 0.000144013     3.03502     11.7787      9.0206     4.29698 6.68254e-07 0.000237303           0     1.37795    0.601559      1.2879       1.453    0.486025 9.14825e-05    0.238435     0.13577
    13.8727     10.3389     31.6105   0.0385883     1.54891     20.3465     30.7691     29.9262     31.8604    0.530274     13.9873  0.00017366     25.2019     32.8968     31.0078     20.0344     12.0977     6.50302     20.9514     1.13662
    43.1515     89.6338     45.7458     99.9389     65.8434     56.2804     40.7442     58.6623     63.5968      86.788     72.1138     91.6281     66.8057     66.4889     60.0629     67.7361     56.6253     88.1687     77.2952     91.2417
    15.3555    0.026996   0.0561438   0.0223603     24.4443     17.1282     1.24797     1.70475    0.235712     3.31759     2.10606 0.000180807     6.55345   0.0125168    0.483174    0.297866     15.2376     5.32783     1.51447 0.000393311
    4.44074 4.36605e-06 0.000346941 2.95965e-06    0.868403     3.13863   0.0849868 0.000230102  1.1445e-05 2.02626e-06 8.93253e-05           0   0.0604863 1.26421e-06 0.000128953   0.0122128     1.36124  0.00017068 0.000143033  9.7414e-05
    1.62124 3.32403e-06    0.130829 2.16393e-07 4.25423e-05   0.0551798    0.904539  7.9457e-05 5.16569e-05 2.56252e-09 5.30208e-06           0 0.000100569 2.75644e-06 9.85457e-05   0.0855613   0.0318421 3.33485e-06 9.51467e-06  0.00518199
    2.86361 1.10187e-05    0.728046 3.80942e-06   0.0775242 0.000132441     2.67087 9.70254e-05 6.33454e-05 8.37709e-05   0.0634508 2.64744e-06 5.50787e-05 5.09874e-05    0.325835    0.494377     1.16901 7.09087e-06 5.04911e-05   0.0421665
    5.62537 8.23484e-05     4.86722 5.49516e-05     1.90048 0.000146159     6.81015 0.000120478 0.000123224     4.58683     7.43827     4.38252 0.000110289  0.00014702     5.33004     6.96592     5.27717 5.75929e-05 8.84541e-05     3.86857
     2.0391 1.55683e-05    0.268671 7.09999e-07 7.74395e-05     0.30278    0.316542   0.0532253 0.000218163 5.37799e-09 1.15221e-05           0  0.00401185  9.9481e-06 5.36042e-05   0.0104486   0.0318863 7.86451e-06 5.37069e-05 0.000182465
    3.45561 2.53957e-05     2.32404 5.13285e-06    0.011277     1.91485     2.21602     1.55634    0.292307 6.51469e-07 0.000110325           0    0.288919 0.000167869  0.00768573    0.107122    0.464296 0.000147331  0.00814206   0.0110013
    5.66896 0.000659458     4.93865 2.84878e-05    0.829956     5.05317     4.93585     4.66843      2.9398 0.000123321    0.020769           0      2.3697    0.238901    0.662356    0.441954      2.7843   0.0545479    0.456246   0.0453631
     9.2326    0.455242     8.68639  0.00398785     6.32611     9.88787     8.99532     8.52168     8.47984   0.0609304     1.89488 8.52602e-06     8.09145     5.58773     6.17436     3.53389     8.29141     2.30181     4.72487     0.16118
    15.9943     14.1193     15.4368     3.30639     18.9984     18.4551     17.1255     16.0657      18.203     7.08265     15.2114   0.0780937     20.1981     21.3884     20.1591     15.6533     19.2337      17.506      19.514     2.08452
    27.8067     70.9986     36.3751     93.2769     48.5797     29.6343     33.6789      38.548     40.1692     85.9226      66.125     99.8419     38.1573     45.4818     46.2327      60.601     39.4406     60.3407     50.7925     95.4515
    15.9145     13.9739     15.5527     3.40847     18.6769     17.9527     16.9759     15.9184     18.0397     6.87006     14.8517   0.0799688     20.1912     21.3837     20.0919     15.5643     18.5648     17.4105     19.3575     2.01869
    9.20152    0.451382      8.7346  0.00421802     5.83348      9.5282     8.75807     8.48567      8.5662   0.0634844     1.87121 1.91584e-05     8.05114     5.68032     6.00285     3.56108     7.91592     2.32484     4.70978    0.170385
    5.76753 0.000792685     5.08411 2.13469e-05     0.73555     4.97216     4.67333     4.61003     3.00727 0.000135422   0.0247703 8.15177e-09     2.34497    0.238788      0.6593    0.422808     2.75186   0.0612278    0.426555    0.046764
    3.31211 1.46216e-05     2.33643 1.80653e-06   0.0084703     1.98775      2.0388     1.52037    0.302347 1.67609e-07 0.000102699           0     0.29709 0.000149605  0.00969585    0.096265    0.496541  0.00019211   0.0102508   0.0102859
    1.60708 4.69255e-06    0.262477   1.387e-06 6.17566e-05    0.311134    0.285753   0.0521149 0.000158959 1.82328e-09 5.76816e-06           0  0.00613305 1.13375e-06 5.84096e-05  0.00783265   0.0247158  4.6336e-06  0.00010265  0.00016748
   0.540886 1.15081e-05 3.23687e-05 2.18722e-08 3.99335e-06   0.0215678   0.0116489 1.96719e-05 1.52033e-05  5.4213e-08 8.10277e-06           0 9.58156e-05  2.8037e-08 2.55887e-06  0.00464889  0.00021433 4.11045e-06 7.12693e-06 3.67899e-05
    2.79975 9.26284e-06 0.000609955 2.14996e-06  0.00256749     1.35106    0.116561 0.000108036 4.79248e-05 1.97257e-07 2.90095e-05           0   0.0175053 3.96846e-06 9.48392e-05   0.0211106    0.224559 5.48072e-05 0.000124324 8.40139e-05
    5.78102 0.000127934  0.00276383  0.00010318      1.2792     4.70578    0.271013   0.0185682 0.000272039 0.000118878  0.00366469 3.71453e-07    0.333658 0.000110809  0.00756607   0.0265829       2.343   0.0300311  0.00908122 2.48115e-05
    10.4158  0.00720634   0.0354199  0.00489525     11.3386     9.43093     1.03232    0.726552   0.0615316   0.0980003    0.638373 6.85042e-05     3.29377  0.00871599    0.261816    0.162537     8.70723       1.612    0.445509 0.000142546
    19.2189     1.97621     1.43876     2.02197     34.6372     18.8912     5.05521     6.47296     3.20641     16.0013     10.9446   0.0373632     14.2104    0.757558      3.7349     3.28227     24.0291     17.9061     9.14495    0.627715
    23.0043     68.1274     34.2915      94.294     44.1697     26.4428     25.4741     37.1664      42.662     78.1712     56.5767     99.9216      35.153     45.7603     42.1273     56.1973     36.0756     60.5331      49.525     94.5187
    18.2741     28.5989     28.0877     3.67412     7.95418     23.1026     28.7715     27.2691     32.3806      5.7071     28.5332   0.0408348     32.7275     39.5184     37.2547     28.1327     19.9346     18.3666     31.7152     3.84401
    10.3143     1.28874     18.6765  0.00477087    0.610446     10.9672     19.9664     16.3947      16.152     0.02213     3.29717 0.000158003     12.0683      13.427     15.0886     9.30774      7.2742     1.55027     8.75099    0.695209
    6.06989  0.00126811     11.2285 9.93131e-05  0.00808665     4.38659     12.2244     8.88458     5.23878 0.000127624  0.00620273  6.8312e-06      2.1532    0.527825     1.51416     2.09629     1.34865  0.00177219    0.403559     0.22452
    3.01301 3.40638e-05     5.69963 1.12701e-06 7.33105e-05    0.697916     6.29194     2.96655     0.29821 1.45275e-06 7.16503e-05 1.76243e-07   0.0425495 0.000140809   0.0106983    0.708553   0.0627195 2.05299e-05  0.00551124    0.082978
   0.568083 1.43443e-05    0.538628 6.43666e-06 4.22174e-06  0.00228055    0.784997    0.100535 0.000197157 1.04439e-07 7.21155e-06           0 3.14027e-05 2.05802e-06 6.42776e-05   0.0602997 0.000180256 2.06977e-05 6.50592e-05  0.00653272