   0.247796 0.000103031 0.000104264     4.87828     7.08918     4.02174     6.21419      2.5168   0.0400801 0.000137294
    0.10387 0.000209899 3.88722e-05 0.000740243    0.975721   0.0153428     3.04429    0.504655   0.0643117 0.000271364
   0.301771    0.587928 0.000145352  5.9312e-07 6.72997e-05    0.106576     2.68003      5.3435     1.60513   0.0396219
     9.5331     10.6147    0.219932 3.41497e-05  0.00177448    0.426306     3.74284     14.1903     10.4458     4.49581
    38.5473     32.9013     14.9433     2.07003     5.41351     4.06206     10.0194      24.201     28.7278     27.2333
    49.0782      55.309     80.2911      87.648      62.483     85.1491     37.2116     36.4025     53.4628     58.7546
   0.240203    0.586371     4.54453    0.459394     17.1143    0.549363     17.9251    0.560463     4.77957     9.04171
  0.0216995 0.000144953 0.000702654 1.45619e-05    0.425237   0.0164499     6.80894    0.465943    0.520259    0.430358
   0.120183 7.35147e-05 1.05915e-05 6.15722e-06 3.20582e-05    0.185314     3.59794     3.68336    0.201797  0.00374634
   0.657065 8.03556e-05 2.86861e-05 0.000200997    0.585494    0.283612     3.34238     4.16799   0.0853816 0.000274856
    1.14881 0.000104118 9.63567e-05     4.94335     5.91168     5.18415     5.41328     7.96344   0.0671651 0.000169895
  0.0494741    0.236522 0.000277844 1.26864e-05 0.000168581   0.0650718     2.90311     2.06837    0.784959     0.49305
    1.14546     2.16098   0.0371037  9.4472e-05   0.0110278    0.136662     4.11002     3.64862     2.52895     2.13526
    4.63211     5.57402    0.714749  0.00522933    0.596425    0.285298     6.33118      5.6177     5.27537     5.25457
    9.62259     9.67842     4.96803    0.313855     3.86254    0.981237       9.662     8.36182     9.24241     10.2868
    18.2305     16.9312     19.3206     8.42435     16.3247      8.1913     15.3042     13.9369     16.4605     18.5208
    33.1288     30.9887     49.4896     82.5011      58.572     80.3041      25.966     33.4612     31.6955     28.2633
     18.012     16.6782     19.4941     8.41195     16.1417     8.51516     14.7269     13.8484     16.0666     18.0004
    9.68881     9.70966     5.11215    0.335089     3.85177     1.02195     8.93927      8.2509     9.14729      9.8756
    4.45733     5.66068    0.810561  0.00815537    0.624722    0.303689     5.86733     5.43623     5.34545     4.90014
    0.99539     2.13322   0.0518814 0.000119607   0.0148013    0.140219     3.74157       3.467     2.63144     1.93462
  0.0375764    0.248435 0.000924198 2.20956e-06 0.000153059   0.0552908      2.4484     1.90283    0.821613    0.335457
  0.0230763 4.19322e-05 3.24943e-05  2.9822e-06 7.66289e-05   0.0087225     2.03249    0.303777    0.244546   0.0164372
  0.0526733 0.000141116  0.00112041 5.60293e-05   0.0239201   0.0155436     5.27088    0.737151    0.715472    0.448784
   0.109695   0.0138684   0.0418314   0.0057617      1.4364    0.041787     8.48059    0.524978     1.30316     2.18503
   0.277419    0.368044     1.22674    0.300225      8.6982    0.358558     12.4969    0.670556     3.09849     6.24098
    2.62993     4.19338     13.3514     7.42044      26.899     5.34323     17.8498     2.59214     9.26205     13.6765
    29.4433     32.9045     50.2773     80.1398     43.4227     79.6289     18.9737     27.5283     26.6682     24.6321
    34.0092      31.187     28.1671     11.8897     15.5675     11.2521     12.8786     21.3909     25.2061     29.1115
    21.6674     18.1296     6.48738    0.242154     3.62942     1.69689     8.21105     16.5071     16.4207     15.9651
    9.72041     9.99644    0.419041  0.00169295    0.321149    0.846622     6.16102     13.8948     10.7337     6.47733
    1.92286     2.96364   0.0275838 7.79213e-05  0.00158527    0.522822     4.79873     11.0157     4.99563     1.20653
   0.144069    0.243453 0.000570152 1.73952e-05 5.15346e-05     0.28481     2.84627     4.83458     1.35203   0.0396462