    3.40316  2.2657e-05     3.08113 2.16305e-05     4.31513      4.3978     2.79831 4.03647e-05     1.56011 3.91441e-05
   0.468433 4.65994e-07     1.04948 7.25429e-06   0.0191506 4.59636e-07 0.000101935 3.27222e-06   0.0027271           0
  0.0140792 4.79941e-10    0.627411  0.00011174 9.70099e-06           0 1.36393e-06 7.37812e-09    0.130937           0
    2.04608  3.6797e-05     5.79136      1.0893 6.79431e-05 2.10081e-08   0.0114384 4.46939e-05     6.71518           0
    17.8663      13.253     19.8084     25.5476     3.29103   0.0115483     10.9204     7.61089      30.869 0.000166031
    60.0774     86.7463     50.3089      71.756     75.7876     91.0198     80.6669     89.3912     55.7855     99.9996
    10.7986 0.000274059     11.4694     1.60667     13.5697    0.173925    0.139447     2.99776     0.14158 0.000137273
   0.646953 9.94992e-08     2.19071 0.000160712   0.0637254 2.88382e-08 2.56404e-06 2.90053e-05 3.50507e-05 1.16678e-08
  0.0212976  5.5553e-09    0.384761 1.08062e-05 9.95474e-06 5.68864e-10 1.62026e-06 5.91482e-07 0.000248303           0
   0.718687 3.22493e-06     1.53205 2.36715e-05  0.00769292 4.52572e-06  0.00156377 2.04648e-06   0.0810457 2.11922e-09
     3.9391 6.59723e-05     3.75635  6.9894e-05     2.94589     4.39694     5.46186 4.08163e-05     4.71363 3.56085e-05
 0.00586841 1.36595e-06    0.879108 4.44184e-05 7.00974e-06 2.81789e-08 1.46347e-06 4.30871e-06  0.00015292           0
   0.255453  3.3149e-06     2.23336   0.0156042 0.000172764 6.40676e-08 1.96883e-05  2.8958e-05    0.337705           0
    2.17317 8.51658e-05     5.28405    0.942177      0.1341 1.92263e-07  0.00317035   0.0080486     2.58485 8.01715e-08
    7.52632    0.576337     9.38851       6.196     3.12397 0.000211154    0.722269     1.26352     6.97764 6.25773e-05
    19.3322     14.7757     17.2062     19.5457     17.8828     2.09251     12.4289     16.1332       16.77    0.865067
    42.0833     69.3354     30.6178     46.6851     57.8697     95.8466     73.6732     65.4429     46.6566     98.2472
    18.8981      14.718     17.2434     19.4792     17.7258     2.06043     12.4493     15.9505     16.8054    0.887586
    7.30918      0.5941     9.37915     6.18373       3.119  0.00020792    0.719441     1.19288     6.98842 5.62729e-05
    2.16087 9.02057e-05     5.20087    0.936561    0.144232  8.0836e-07  0.00364097  0.00876998     2.55811 2.91295e-07
   0.250986 3.00162e-07      2.0444   0.0158748 0.000200863 3.01863e-08 1.64737e-05 3.17413e-05    0.320919 3.41537e-08
 0.00449917 9.32164e-09    0.523215  5.7869e-05 1.36994e-06 1.55296e-08 1.12507e-06 8.44098e-07 0.000120913 2.83201e-08
4.77145e-05 1.28859e-06   0.0484557 4.49169e-06 7.23362e-07 3.76764e-07  1.5331e-06 7.33916e-07 3.45062e-06 3.43651e-07
  0.0235337 1.01518e-06    0.885311 4.34311e-05 0.000116583  6.7952e-08 3.84511e-06 3.46159e-06 3.04325e-05 3.86739e-08
    1.09473 2.33944e-06     3.18801   0.0042531    0.131641 1.17395e-06 4.92275e-05 0.000326651  0.00112945 2.46881e-07
    5.71282 0.000119205     7.33806    0.397092     4.13586 0.000570641   0.0139037    0.375051   0.0436494 2.24304e-05
    18.6116    0.420542     15.8009     6.78773     28.2491     5.01347     3.42753     12.8538     2.15734    0.380715
    37.0975     67.3254     27.6387     46.6931     55.4181     93.8206     69.4481     66.1803     41.5886     98.9117
    25.2559     30.8329     24.2102     34.1396     11.5458     1.16468     25.2694     19.4842     32.9674    0.707529
    9.46071     1.42057     12.5093     10.6003    0.518292 0.000645601     1.81945      1.1062     16.0953 1.52012e-05
    2.57902 0.000124776     6.35934     1.36937  0.00105844 4.27473e-06    0.021327 0.000147316     6.30563 1.07292e-06
   0.164103 9.60326e-07     1.92096  0.00850707 1.77502e-05 1.09786e-08 0.000149846 4.06219e-06      0.8408           0
4.89368e-05 5.54739e-07    0.100792 2.57784e-05 1.98489e-06 2.26186e-08 1.87082e-06 9.75103e-07 0.000147849           0