    99.8444      71.174      134.67     146.255     38.3381     27.5185     24.9663     127.297     142.544     50.6231     52.4681     105.549      146.33     49.9967     145.534     75.4411     73.5918     88.5415     8.70557     130.432
    38.2255    -14.5863     38.4602     38.0228      38.079     35.9312     8.23077     38.7963     37.2025     71.9105      43.224     10.0291      38.038      5.2941     37.9128     32.4624     41.2845     29.9458     58.9809     28.7336
    51.2524     32.3487     17.2599     34.2507     51.5429     35.6703     21.5138     40.2732     35.4469     27.1434     59.9362     39.0702     34.2281     43.0051     34.4198     51.3268     55.5521     22.4211     21.7846     39.3881
    38.7364     45.5877     17.8934     27.7288     23.6765      15.467      25.361     32.2371     28.3338      61.887     32.7466     43.5847     27.7085     38.1402     27.8923     33.6558     36.0207     24.5005     30.7939     30.9131
    6.04827     9.57647    -3.45065     13.9738     10.8029     17.0021     6.84576     11.0315     13.2528     4.49736  0.00313106     14.5538     13.9895     9.37171     13.8393     6.99221     2.68164     -12.068     17.7538     12.9164
      21.54     32.6494     25.7187     22.7283     25.6159     21.7797     17.1871     22.1377     22.9913     19.6111     27.6828     33.2921     22.7243     21.9498     22.7677     26.3161     25.0755     28.5477       32.31     26.2446
    10.0421      16.032     12.3691     13.3268     13.0908     6.26905     9.68193     11.9125     12.9734     11.3436     18.2711       6.143     13.3379     11.2372     13.2484     12.4828     14.5958     8.34954     15.6736     11.5744
  0.0800146  -0.0126218 -0.00188572    0.107406    0.223646   0.0048712   0.0132009     0.14941    0.121122    0.127265    0.327599    0.372455    0.106502    0.156856    0.110667    0.167542    0.159642    0.141572    0.260943    0.168325
   -5.22193    -6.90027    -10.2062    -8.65717    -12.1353    -6.56875    -6.49858    -7.26625    -8.36558    -10.4636    -7.23661    -7.72628     -8.6632    -9.68594    -8.60741    -7.21654    -6.18143    -8.04218    -6.39343    -7.77431
      11.56      15.059     13.3784     13.6019     15.2492     12.1567     11.0999     12.7908     13.4743     12.6455     11.7633     14.0202     13.6051     14.3878     13.5778     12.8646     11.6403       13.55     13.9932     13.4595
    2.71768    -1.75959      1.0592     1.42537     3.04951    -1.47767     3.46935     2.08445     1.54576   -0.612489    -0.99453     1.59989     1.42227     1.89888     1.44967      1.9448    0.659496     1.84339     4.69178     1.62987
   0.221498    0.313371    0.173235    0.223724    0.156896    0.179338    0.326825    0.242023    0.224747    0.176203    0.276508     0.10439    0.223547    0.135272     0.22403    0.227679    0.245784    0.185307     0.19288    0.189312
   -23.9396    -24.8883    -23.3002    -23.0664    -24.1055    -23.6804    -20.9127     -23.513    -23.0632    -22.8366    -21.0265    -20.7392    -23.0661    -24.2148    -23.0694    -22.8488    -22.2355    -23.2977    -23.3108    -22.2995
    1.80718    0.330039     2.57789     2.75666     3.65552     2.48287     2.63047     2.32796     2.69875      3.0684      2.7179     3.63633     2.75783     3.18924      2.7454     2.62227     2.24994      2.4254     1.87381     2.86387
   -8.68688    -7.81399    -8.98963    -8.96902     -8.4868    -9.03139    -8.84049    -8.82998    -8.96187    -9.00692    -9.43403    -9.23681    -8.96932    -9.41146    -8.96655    -8.92721    -9.12637    -8.96257    -8.68331    -9.07805
   -13.8393    -12.8401    -14.1454    -13.4057    -13.6548     -14.189    -12.6908    -13.5999    -13.4622    -13.3917    -13.2945    -13.9667    -13.4043     -13.885    -13.4169    -13.7077    -13.5539    -14.6102    -14.0647    -13.6157
   -6.24779    -6.21641    -6.14213    -6.16355    -5.83988    -6.48303    -6.21795    -6.19753    -6.17411    -6.24306    -6.39772    -6.25042    -6.16331    -6.14191    -6.16529    -6.18625    -6.35506    -6.19725    -6.08627    -6.21777
    -11.474    -11.4157    -11.4404    -11.3435    -11.0046    -11.7285    -11.5044    -11.3873    -11.3575    -11.5424    -11.6436    -11.4935    -11.3432    -11.3654     -11.346    -11.3848     -11.591    -11.5183    -11.2134    -11.4148
    0.76371    0.751087    0.981881    0.719067    0.744066     0.52736     1.02145     0.73845     0.71893     0.95621    0.820918    0.553112     0.71906    0.857523    0.719596    0.752818    0.784098     0.98038    0.504278    0.655868
   -8.88278    -8.65501    -8.79771     -8.8678    -8.60939    -9.19521    -8.75748    -8.86284    -8.87302    -8.92887    -9.06345    -9.07046    -8.86768    -8.84361    -8.86834     -8.8623    -8.99206    -8.82662    -8.85238     -8.9384