   97.5386    62.5077    124.745    36.3954    76.9217    34.7827    150.136    32.2724    33.7674    137.196    138.237    150.246    43.0173    104.945    101.644    44.4773    57.5408    44.6378    134.824    113.364    147.102     47.351    101.086    16.2559    50.0718    49.7138    110.897    28.6685   -2.22322     28.908    9.09535    9.83813    48.4689    75.5053    125.324    24.7314    149.421    13.0379    146.889    82.1818
   43.2165    48.7409    42.2324    50.2899   -14.9768    87.1118    42.4763    48.1959    43.6482    43.1295    35.1343    42.5006    13.0818    16.2369    25.0524    50.6304    33.7981    48.2002    40.5032    42.3353    41.5538    19.3817    31.1997    14.0044   -20.7941    41.3828    7.67094    32.4382    50.0464    -15.885    79.3078    35.2277    63.9065    36.9541    40.4663    37.5861    42.3642    61.7451    42.0636    43.5887
   47.0094    50.3865    35.3235     48.415    19.0529    -3.8084    22.6444    44.7812    36.1305    27.2821    27.8506    22.6105     18.563    40.6811    12.2501     49.081    54.6586    40.4415   -1.81376    28.3239    24.2283    43.5261    48.2042    19.8717    32.5924    29.6814    20.5252     19.927    9.30986    22.7539   -16.4527    14.4193    29.6924    17.3635    2.86859    36.8469    22.7746    18.4954    19.3583    45.3228
   35.5111    38.2871    33.6146    27.5287    57.7642    83.2315    27.0122     25.022    26.6725    30.3936    29.7024    26.9781    31.7587    35.7529    28.1479    32.9093    30.4624    34.0938    16.6121    29.2618    27.4352    36.4523     28.692    20.2444    38.7703    20.0152    57.7491    9.43514    25.1763     30.919    56.8559    16.0075    61.2233     21.932    18.9252    16.0251    27.1799     45.113    25.8862    44.8228
   5.09246   0.819442    11.1578    7.00816    16.1731   -2.28611    17.6613    10.7614    15.1526    14.9506    17.0473    17.6923   -4.33639    15.0055   -3.84944     3.8022    6.71507    10.1723    -3.8687    12.8682    17.1995    12.0615    9.43081    7.89185    10.2673    15.6882    22.5099    9.97236    24.0193    10.0399    26.7811    17.8482   0.832381   -12.7386   -5.30259    18.0584    17.4507    14.4903    14.3052    4.00922
   18.2968    22.9052    16.9843    29.4777     29.835    8.44115    19.5417    28.2352    23.0461    18.1838    21.9131    19.5426    25.0074    27.1927    30.0573      27.53    21.8329    26.9326    27.9593    20.3106    19.8219    21.6924    24.5961    13.6196    23.8989    14.4465    24.8707     11.575    25.8903    10.4149    36.4062     13.769     13.259    25.0897    25.2145    18.1672    19.5517    29.4453    20.5935    14.0685
     2.258    4.66438    2.90709    8.88696   -2.18763    8.82644    6.14606    7.70762     2.4044    4.72061     2.9509    6.17142   -1.53761   -3.34594  -0.953137    7.29382    2.42701    5.38557    6.01607    3.65876    5.57886  -0.467036    1.24417  -0.400324    13.1189   -1.48746   -11.5581   -6.28252     -1.135     19.271    10.2816   -8.60901    3.94022   -1.63478    3.09704    1.37724    6.02046    6.78375    5.82253  -0.631753
   4.62684     5.7905    1.63338  -0.761403   0.395099   -7.51016   -1.12918   -3.75745   -1.78486 -0.0850895  -0.293377   -1.13571   -1.76808    1.42734   -2.59204    2.89226   -2.42915   0.203351    -3.8281   0.396093  -0.782392   -2.68322    3.94999   -2.62129    2.99533    1.43038   -5.44861    1.29156    5.65497    1.72071   -2.11114     8.0939  -0.111188    1.21172     -1.783   -7.05204   -1.09309   0.258176   -1.41777    2.55303
  0.345538   0.345086 0.00808133  -0.148665  -0.103295   -1.91444  -0.362044  -0.478072  -0.348561  -0.191711  -0.222611  -0.363188  -0.567307   0.186134  -0.336026   0.195356  -0.238972   0.193765  -0.800186 -0.0362551  -0.243229  -0.458019   0.108525  -0.485941  -0.201704 -0.0696134  -0.609096  -0.190436   0.435329   0.309862  -0.272733   0.733442  -0.146903 -0.0286994  -0.414793   -1.23574  -0.354702  -0.116461  -0.401688    0.25176
  -5.42064   -2.99387   -6.51208   -4.90943   -6.96737    1.44193   -6.62646   -6.52081   -6.12772   -6.59956   -6.66691   -6.62692    -4.9406   -6.78629    3.17586   -3.84971   -5.23994   -6.74545  -0.135813   -6.08886   -6.60986   -7.27577   -5.96676   -6.77237   -7.22147   -3.39747   -7.45245   -4.25836   -6.46379   -7.27907   -11.7878   -2.37544   -2.89433   -13.9612   -10.7764   -5.22226   -6.60973   -7.59914   -6.31364   -6.22639
   11.0726    13.6379    11.0145    14.0465    18.9556    22.0738    12.6437     13.198    12.7526    11.8989    12.1738    12.6509    9.08933    11.6291    9.45184    13.9719    13.5707    11.1066    12.5868    11.9559    12.4775     11.273    11.3907    6.60126     17.934    14.8929     12.283    15.3709    11.6674    8.66378    5.57684    16.3751    14.2281     15.066    15.7727     14.892    12.6046     9.9791    12.7678    9.80515
   18.4144    15.6915    19.1744    17.0225    15.9298    14.2347    18.2951    18.8009    19.4459    18.7905    17.5457    18.2937    20.3474    16.3136     19.516    15.8327    18.4869    17.9842    19.2798    18.6497    18.2225    18.7717    17.1216    16.5484    21.6552    17.9768    15.8368    15.2609      20.26    14.5377    16.3593    18.8049    17.3971    17.1265    17.1979    17.7205    18.3079    16.9802    18.3353    20.1341
   2.24067    2.06635    2.37464    2.07814    2.08883    2.03251    2.26796    2.23599    2.40536    2.30905    2.20699     2.2677    2.56842    2.10809    2.42712    1.94173    2.12608    2.21705    2.46511    2.27816    2.23476    2.46619    2.35901    1.85129    2.38082    2.29292    2.10335    1.97353    2.43929    1.91099    2.10981    2.43191    2.14995    2.27575    2.28196    2.31284    2.27006    2.33306    2.29015    2.49415
  0.985706   0.875007    1.72693    3.44967    1.40438    4.92635    2.43759    4.27477    3.24824    2.17025    2.32458     2.4393    2.15743    2.13534    1.52533    1.90509    3.53697    2.04558     1.8927    2.20692    2.35773    2.45476    1.28678    0.57597   0.867473    1.22903    4.10601   -1.04719    3.48843    4.12503   -2.01041    3.02172    2.25217    2.53746    2.75383   0.898677    2.42551   0.522647    2.41288    1.61136
  -10.9834   -11.0331    -10.427   -8.62929   -10.4701   -9.71642   -9.78242   -8.50806   -11.1672   -10.0404   -10.0363   -9.77897   -10.1864    -10.475   -11.4011   -9.85396   -9.72558   -9.50929   -11.1551   -10.2763   -9.86348   -10.2759   -10.7238   -8.99338   -9.24779   -10.1902   -9.99626     -7.546   -12.4793   -12.2204   -8.67603   -9.17957    -10.434   -11.1803   -11.1386   -12.9029    -9.8028   -9.99935   -9.98896   -10.8202
 -0.114826      1.584  -0.124263    1.04955   -2.75063     5.8626    0.86017   0.182651   0.362973   0.391823    1.28974    0.86199   0.714594    1.82158   -0.55008    1.51186   0.626651  0.0357487   -0.20523    0.56526   0.861261   0.898286   0.707059    2.84107   0.383546  -0.392318    2.34578  -0.234992    1.09933   0.332301   -1.63745  0.0674877    1.56216    1.63146    1.97053   0.805503   0.846272   0.257436   0.832273  -0.771653
  -3.82818   -3.17154   -4.18023   -4.46597   -2.34056   -2.44709   -4.12921   -5.03704   -4.19731   -4.16902   -4.28708   -4.12746   -4.05174   -4.54667   -4.61172   -3.74259   -4.29447   -4.87136   -4.57781   -4.15608   -4.14418   -4.92445   -4.06263   -1.64772   -3.87756   -5.19137   -5.03058   -4.99344   -3.08248   -5.47539   -6.77941   -6.35572   -3.53756   -5.36145   -5.31013   -3.24466   -4.13721   -4.83846    -4.2398   -4.40545
  -2.36655    -2.3312   -2.24766   -1.92672   -2.18449   -1.94811     -2.132   -1.91464   -2.10976   -2.19073    -2.1723   -2.13145   -2.33936   -2.23709   -2.44663   -2.19914   -2.28852   -2.20694   -2.32371   -2.23923   -2.15588   -2.32595   -2.22339   -1.74654     -2.083   -2.38532    -2.1145   -2.52106   -1.98149   -2.45858   -2.69469   -2.15549   -2.29269     -2.288   -2.19396   -2.66027   -2.13543   -2.34057   -2.15353   -2.30514
   -6.9209   -6.73499   -6.75856    -6.2187   -6.78736   -5.95316    -6.3878   -6.13951   -6.63122   -6.58985    -6.3746   -6.38627   -6.74762   -6.37505   -7.74655   -6.49307   -6.59592   -6.64225   -7.56585   -6.87354   -6.41313   -7.02205   -6.68302   -6.11042   -6.47501   -6.46849   -6.09491   -6.80317   -6.59818   -7.38794   -6.41037   -6.49891   -6.74583   -6.86212   -6.82805   -6.91169   -6.40019   -6.83409    -6.5215   -7.12498
  -6.29395   -6.62456   -6.06802    -5.3142   -5.61107   -6.18781   -6.02586    -5.1824   -6.14145   -6.00317   -6.25104   -6.02531    -6.3864   -6.56167   -5.73241   -6.08902   -5.75623   -5.90954   -5.51966   -5.94632   -6.06288   -6.06928     -6.459   -4.91209   -5.76889   -6.86889     -6.369   -6.18415   -5.51999   -6.54843   -7.61434   -6.64155   -6.20272   -6.26573   -6.02651   -7.49663   -6.02666   -6.56581    -5.9841   -5.96316