   95.2643    18.7988    49.3544    26.3473    28.5138     127.07    132.261    147.996    70.2047    67.6565    56.3641   0.775104    94.1991    17.5297    64.8678     24.691    29.3041    153.704    19.1712    34.7955
   18.5672    65.1259    34.5494    46.9176    53.4766    37.1095    32.3506    39.3102     30.661   -32.9155    54.5382    43.4098    43.7074    11.6707     19.693    51.8242    32.6875    39.8547    34.6257   -19.1866
    39.914   -2.53091    46.8512     22.519    32.7576    16.3046    -13.315    10.3441    4.40926    19.3106    38.7199   -5.58798    35.9832    12.9337     25.217    24.0839    8.21638    7.34539    25.7386    29.3705
   29.9171    73.0458    26.5784    22.6481    25.5935     27.909    22.4504    26.8138    18.9526    62.6133    41.1589    32.1754    31.8865    17.6271    35.8702    38.2252    14.1015    26.3708    25.4137    28.0612
  -17.0393   -5.72109   -9.51386    -16.474   -10.9291   -17.7543   0.872511    -20.001    8.86721   -19.2782   0.589189   -23.8219   -6.96844    -5.6204   0.857312   -11.4195   -13.9931   -21.3492   -17.4167   -11.4935
   11.4896   -6.99308    2.06209    3.14174   -4.68591    1.18525   -3.16759   -1.96785     5.5816    9.24846    1.32463    9.78419    4.63818    3.24631    8.04227    -1.5498    10.1366    -3.2741     1.5833   -12.3685
   17.9692    12.1596    13.4015    14.6415    19.0978    10.2759    19.7063    9.44599    14.7212    17.2015    8.11216    12.4097    5.81408    5.89122    14.5182    16.7918    4.89754    9.36417    12.8475    7.26781
      9.96    4.01971    5.14594    11.3238    8.74791    8.14896    8.36101    7.03344    7.68618     8.7088     15.434     16.298    12.3219    5.38986    8.65787     9.7589    8.18185     6.3795     3.6434    13.9346
 -0.516085  0.0557634  -0.496499  -0.891824  -0.780506  -0.417027  -0.693326  -0.462319  -0.608062  -0.882323  -0.393471  -0.945373  -0.721336  -0.147894   -0.61244  -0.824974  -0.302279  -0.321141 -0.0587397   -0.83995
  -6.16082   -4.20961   -1.58545   -1.13691   -1.70563   -4.07022    0.97573   -3.88511   -9.59283    -2.2366  -0.810347   -4.31502   -3.66377   -5.57368  -0.352755   -4.72899  -0.637238    -3.6757    -2.8752   -3.73256
  -8.01552   -7.08469   -13.4426   -14.6179   -13.2919   -10.6888   -13.0775   -11.3294   -16.4864   -20.4849    -10.536   -11.1795   -10.3662   -5.99545    -7.8633   -9.40285   -11.4545   -11.7204   -12.3826   -12.1759
   5.81164    1.76101    7.17357    10.5081    5.74473    7.36202    8.04921    7.58036    7.17219    1.17114    3.84368    11.4062    8.28204    7.20569    10.3716    5.66905    1.85053    7.52979    8.92141    7.73791
  -2.80058   -4.44432   -4.30792   -2.59975   -4.24489   -4.44289   -3.96395    -4.6137   -2.88496   -2.47259   -3.32656   -2.86885   -4.50763   -4.76212   -5.18767   -4.60364   -6.24513   -4.65984   -3.90704   -3.98449
  0.500351    1.32902    1.15954    0.47965   0.778954    1.07941   0.986773     1.0874   0.521545    0.36037   0.754549   0.421854   0.953586    1.18619    1.45008   0.963219    1.99518    1.16718    1.04208   0.779932
   1.97003    1.19951    4.25839    3.51289    5.31624    2.90127     2.6961    3.41729    2.12916    1.63982   0.460886    2.25097    1.62456    2.52054    2.84621    3.15464    1.87843    3.73351     1.0114    3.29217
  -1.61331   -2.61028  -0.474026   -1.02757  -0.520311  -0.906153   -1.02802  -0.711321   -1.80634    1.47649    1.01391   0.643166  -0.411451  -0.200292   -1.06208   -1.50119   -2.46864  -0.627368 -0.0847702   -1.48094
   6.70457    6.38534    6.67507    4.65852     6.1071    6.54673    7.82401     6.2829    7.62897    4.78192    7.22693    7.28562    5.78661    7.08052    6.41611    6.28301    5.91913    6.34102    7.31174    6.52041
  -2.55148   -2.71852   -3.25732   -3.51737   -2.89307   -3.16574   -4.48475   -3.04321   -2.87082   -4.20704   -2.47983   -3.40152   -4.17936   -3.29337    -4.6374   -3.68609   -3.18846   -2.88101   -4.02042   -2.97772
   3.87994    5.52958    2.99722    2.60291    2.44863    3.19139    2.65766    3.09644    3.43955    1.27887    3.64895    2.93514    2.77261    2.65043    2.83483    2.65141    2.46946    3.07238    3.63441    4.12797
  -1.77227    -2.0989   -1.86267   -1.64245   -1.70588   -1.78342   -1.46031   -1.77015   -1.65451   -2.73966   -1.92586   -1.32694   -2.09425   -1.32948   -1.69057     -1.799   -2.64455   -1.71803   -2.06067   -1.61683