    56.9359     25.3074    -5.28625     55.5328    -18.1597     21.2141    -8.54821     -4.6041   -0.436372    -6.59897
    7.79244     66.3331     13.5879     48.2899     15.2145     30.7828     7.34316    0.651207    0.107261    -7.71073
    23.2403     74.8204     13.6948     65.1192     4.36308     20.1557     7.44755     -1.3697   -0.468586    -3.85145
    27.4475     29.1586     15.4179     11.9461    -0.79718     15.1022    -7.47061     1.41324  -0.0197375    -7.76999
    132.447     34.9109     36.2162     24.7426     14.1188     23.7536     3.47834     2.12443  0.00799203    -6.31789
     116.91      28.442     47.6755     22.9642     11.4968     26.7174     1.47227     4.29741   -0.285935    -6.21109
    35.8653     48.7229     47.7584     26.5155     8.08309     28.5663     8.11138    -1.75323   -0.260021     -5.6262
    15.8222        42.6     31.2472     14.3989     19.1483     18.1627    0.477222    -5.22931    -1.13963    -5.05317
     30.659    -5.87644     20.5307     19.4031    -8.11361     23.4388    0.351137    -9.38863     -1.8457     3.39234
    8.32062     3.75913     8.97901     16.2145    -3.86248     10.5057    -1.04413    -4.73626   -0.266153    -7.83844
    1.15783     31.0488     6.13782      11.617     19.2553     10.7212    -12.2051     13.2247     1.21361   -0.469978
    119.932     43.0157     34.8725      38.193     9.81486     14.8772     1.85165     1.26463    0.128378    -6.46364
    22.7424    -38.2415     3.75347     41.9612     5.98954     12.6219     32.6798     11.9313     1.91786    -7.66518
    134.746     32.4573     26.1915     32.8405     17.1256     22.1191     1.22399   -0.990374   -0.343234    -6.67909
    109.976     43.3544     28.8948     29.9448     14.3237     20.1652     3.84651    0.789515   0.0493298    -6.40372
    142.131     40.3656     26.3425     28.3495     16.2286     20.0302     4.65077   -0.325373   -0.170192    -6.62281
    88.5262     44.7817     37.2989     32.7505     10.1633     21.8592     3.92066     1.58008    0.504971     -6.2326
    69.2029     38.9739     42.7704      30.084     11.0361     24.5404     2.15515    0.484234  -0.0593853    -6.75129
    79.0146    -1.88209     51.3088      34.939     12.6444      32.341    -5.29329     2.34771    0.140771    -6.36001
    106.762     2.57501     15.5004     64.2016     23.3265     24.9388    -13.4636    -6.74143   -0.660869    -7.60181
    55.1777     8.58725     54.4462     32.8887     10.8878     21.7202    -2.31279    -5.18586   -0.371179    -6.86209
    73.9817     19.7859     53.8674     37.8667      7.8238     23.3681    -3.92986     2.04705   -0.208335    -6.48397
    54.6585    -22.5509     23.7652     50.3894     11.7911     27.8442      5.8019     4.14822    0.425712    -6.52621
    62.8435     3.78952     45.4417     51.0419     14.4234     25.5099    -11.0735   -0.889461   -0.897918    -7.81629
    83.6193      29.968     22.6845     26.0347    -11.8608     26.5314    -3.05604    0.653744   -0.223852    -7.89566
    53.9648     69.1799     24.7479     72.4915      -2.388     4.91326     2.22223    -1.90506   -0.673573    -2.10563
    67.5705     46.0636     54.0865     35.6077    0.653306     22.2886     3.98234     5.92883    0.309524    -3.40367
    32.7819     23.1725     47.9249     32.3591     12.6926     20.2426    -0.41142    -9.18959    -1.32515    -6.90885
    131.925     42.9663     29.4259     32.2836     13.2764     17.4124     3.79019    0.396638    -0.15937    -6.59094
    33.5237     40.9875      45.274     18.5097     14.3196     22.4603     4.31837    -7.65131    -1.12499    -6.28861
    26.7868     27.6907     24.3448     13.2057     18.3838     10.1903    -8.18511     5.08753    0.428738    -1.16145
    49.3998     36.7071     54.1089     19.0188     10.7044     20.2459     4.28967    -8.11413   -0.495019    -5.70938
    96.6853     13.4107     53.6992     26.8562     11.6661     30.2827    -2.85116     3.51236 -0.00305416    -6.25226
    45.8091      54.561     42.8513     51.4394  0.00738083     16.7327     3.15816     2.41694    0.236733    -3.53895
    75.3109     43.5756     47.6845     49.1409    0.849395     12.7324     -1.7274     3.19649   -0.229234    -5.72571
    123.114     26.0336     32.7002     32.6671     15.3929      24.654   -0.280797     0.53912  -0.0872137    -6.57618
    61.9412     48.5713     38.7087      39.858     7.46403     22.3939     3.40676     2.36252    0.293729    -5.93222
    28.8211     60.8436     29.5038     51.4509     5.60561     22.3171     5.25845    0.745113   0.0296034    -5.22786
    148.819     42.1538     22.8172     27.1481     17.1976     19.6861     5.90755    -1.06158   -0.339741    -6.58326
    80.6673     9.80648     9.78039     29.1057      -9.262     35.1426     -2.9633     -2.6566  -0.0338177     8.65168
    65.4309    -14.0383     41.9573     36.4415     11.4431     30.7665     3.48756     3.21677    0.228003     -6.6141
    80.3525     5.22853     32.2572     33.3405     10.7943     20.7301     8.86524     3.46509     1.09828    -7.08171
    101.109     47.7811     38.4359     49.2643     4.17643     9.03008   -0.670694     1.48586  -0.0144626    -6.06172
    77.1764    -15.9495     19.9939     59.5772     16.6933     30.8025    -6.27316   -0.469966  0.00627415     -6.0998
    54.6608     37.4751     56.3445     32.5445      4.2235     21.7819     1.91617    0.103422    -1.49511    -5.08548
    22.3666     28.7501      12.459     22.2568    -20.0972     19.6525    -9.47617   0.0657992   -0.703097    -21.9749
    87.0833    -19.1334    -7.20876     81.6061      21.886     26.4296     -9.5475    -7.32119   -0.821089     -6.7598
   -11.1298     48.6594     1.59153     18.4728     27.5457     25.0062    -4.47692     9.63514      1.0332    -5.28018
    33.9974      87.427    -5.94107      83.615    -2.70343     8.65069     8.78273     -7.8343    -1.91631      1.1988
    48.4801    -34.1086    -5.49685     65.4674     10.8212     23.9555     12.9122     5.40818    0.600284    -6.95299
    53.0229    -18.7841     35.9714     29.7976      9.7812       22.23     14.2117     1.66547   -0.208328    -6.67794
    29.8992     54.9096     41.6181     36.5202     6.61464     27.7125     7.19984     1.20051     0.49528    -5.27581
    26.9767     42.2044     43.4374     42.4585     7.62295     18.4952     1.53292    -3.72505   -0.345457    -6.43472
    108.991     40.5524     44.3501     34.1919     7.16892     17.9082     1.72929      3.7833   0.0277742     -6.0751
    42.1756       41.22     29.0436      23.369     -8.5874      26.724    0.652151    0.125764    -0.52389    -12.5715
     49.541     28.6577     53.6675      47.318     4.63312     16.6279    -3.75786    -1.12438     1.17749    -6.27435
     122.86      38.656    -16.4467     9.28521    -19.2859     33.2463     4.88085    -4.71783   -0.645021    -1.62724
    80.0606     35.6917     59.8699     32.9071     2.49051     20.1738    0.171316     5.26269     0.22988    -5.48364
    52.2681     11.7407      25.982     23.4736    -12.1042     29.7854    -5.00912    -2.45932     0.79898     -2.3241
     48.566     24.4937      38.587     36.8897     15.0392     24.7046    -1.21396   -0.743921   0.0210603     -7.6985
    97.5806     29.8347     58.1431     23.3111     6.87952     24.8322     1.11807     4.82301     1.67624     -5.8585
    32.4147     34.6498     36.8821      16.253     15.5332     16.1537    -1.66375    -2.59136     -1.1592    -4.09958
    92.2652     43.5867     48.5801     37.6859     3.38768     17.6082     1.76153     4.91199   0.0976617    -5.04752
    10.8689     82.0081    -20.3029      60.185     26.1224      34.852     10.4015    -2.95876   -0.490738    -11.4213
    36.4961    -17.4073     31.7524     27.4049     8.92525     11.2596     17.3036      -2.668    0.198047    -6.60959
    85.0597     40.9701     27.5872       23.35     16.6762     18.3716     1.14729     1.24835   -0.199883     -4.9443
    63.6181     34.1243     5.87169      10.878     -4.3086      20.061    -3.55801      1.4588   -0.121821    -7.57702
    123.264     39.8763     38.7141     30.3309     10.5487     19.1206     3.05143      2.6436   0.0363653    -6.33734
    55.5492     36.5959     13.5168     22.1562    -33.5979       24.78    -6.34601     2.72261  0.00187828    -24.1007
    23.3541     47.4142     40.5999     24.0111      13.752     26.1091     6.08797    -5.54223   -0.766474    -6.88259
    115.791     37.6659     17.1334     24.8875     -1.2636     23.1693     1.28778  -0.0957276   0.0514843    -9.11474
    13.7783     35.5238     24.4356     10.7607     15.7878     11.1709    -5.97487   -0.425999   -0.630811    -4.22579
    111.358     16.9991     38.8053     34.0042     15.3505     27.8206    -2.88829     1.28354    0.237642    -6.37951
    96.8592     25.6714     41.4913     39.5999     10.9899     21.8524    -2.37511     1.77842    0.449271    -6.57021
    133.876     39.9148     3.12863     18.9779    -1.10428     26.4656     5.05158    -2.96019   -0.660284      -3.242
     93.602     3.57013      40.825     42.8022     16.0879     31.4229    -8.77582    0.953798   -0.178422    -6.55431
    109.556     24.9752     7.45802     27.2217    -3.01929     31.0977    -0.41849    -3.54465   -0.534126     6.16055
   -2.57244     39.9827     12.9466     16.6662      18.571     17.1124    -5.07371     2.92997    -0.37407    -6.34788
    44.7084    -14.3318     9.50407       35.48    -6.12134     31.3413     2.82883   -0.741735   -0.985488     6.89011
    16.4612    -4.63389     24.2428     27.2723     13.3546     7.18465      13.994    -1.64253   -0.326254     -8.0033
    49.3718     45.2321     41.5891     28.2312      11.338     27.1182      5.1211  -0.0699865  -0.0605258    -6.86172
    32.0264     42.8948     29.2112     30.7831     15.3119     21.8033    -0.48227     2.71278   -0.169112    -5.61052
    8.12105     16.2239     20.1799     23.6843     19.7643     12.8595     3.56791   -0.183943  -0.0282629    -6.41571
    71.8695     56.3078     34.9077     58.6878    0.306849     9.23586    0.647798    0.434042   -0.171451    -3.96427
    16.0969     54.6148     29.7254     36.2597     13.8921      28.085     5.62916   -0.600776   -0.149396    -7.00732
    111.928     12.1859     24.5692     48.6041     18.9013     26.2757    -8.28431    -3.16841   -0.230091    -6.31585
    15.2004     29.8584     33.5265     30.7881     17.4875      20.977     2.53584    -7.19486    -1.21702    -7.88252
   0.428238     48.3008     21.5158       28.66     20.4668     26.1521     3.84288    -2.48251   -0.641567    -8.10819
    11.2457     48.4968     15.5998     28.8085     18.1423     21.4851    -2.20739     6.22381    0.810064     -4.7822
    100.554     38.5089     3.16689     17.0462    -14.7994     25.6709   -0.215217   0.0137741  -0.0112284    -14.5997
   -7.06106     60.4859     2.61087     33.2601     26.2016     34.7278     4.29105     4.39392    0.698238    -9.11463
    20.3231    -24.0756     12.3101     28.5432     5.32714     7.07574     24.3974     4.82147      1.1802    -5.98146
    25.5174     7.94793     35.4946     32.0609     13.9289     15.5388     3.83431    -6.30757    -0.38149    -7.54459
    40.2053    -5.85475     41.7064     38.6556     11.2121     18.0783     4.71754    -3.64342    -1.26564    -7.62407
    54.8752     38.6355     30.6663     21.2185      15.585     16.4051    -1.94542     2.56165    0.182071    -3.86149
    39.0058    -30.6659     23.0472     40.2516     9.02449     21.8081     18.9356     5.89891   -0.664841    -6.94833
     71.788     31.9355     61.8437     16.9659     7.43619     21.7631     3.97698    -3.59428   -0.435107    -5.45398
    130.504     39.5779    -7.53192     13.8872    -9.74089     30.1533      5.5002    -4.20967   -0.902427   -0.821928
    140.551     40.7447     13.3441     23.4994     8.01318     23.0623     5.28826    -2.01245   -0.472833    -4.63122
    46.4766     49.1989     50.8922     32.4846     3.24387     26.7183       6.767     3.01989    0.262894    -3.87304