    145.555     37.9003      34.198     27.7869     13.6997     22.8057     13.2373    0.110139    -8.63732     13.5791     1.44218    0.223441     -23.067     2.74916    -8.96801     -13.423    -6.16478    -11.3466    0.722151    -8.86796
    78.1066      39.438     53.8215     34.3373     3.73843     25.3481     14.2279    0.129487     -6.3885       12.09     1.06225    0.236557    -22.3508     2.31384    -9.09551    -13.6037    -6.31975    -11.5307    0.755369    -8.95143
    112.201     45.4134     40.2855     45.2918     8.34052     18.3053     7.77531  -0.0554821    -6.32999     11.8792     2.88009    0.196468    -24.7137     2.00638    -8.54449     -13.843    -6.16832    -11.4076    0.828845    -8.83956
    78.1774    -10.9179     22.1533     56.8789     13.3956     35.4456     9.13589    0.447907    -8.03211     14.8362   -0.764516    0.438704    -22.7958     1.76148    -8.22134     -13.418    -6.33631     -11.489    0.667812    -8.86553
    124.631     20.9952     27.3711     45.8461      17.327      30.305     5.36944     0.30993    -9.47564     14.4409     1.41573    0.120711    -21.1611     3.92805    -9.12479    -13.8564    -6.19613    -11.4239    0.623083    -9.02642
    63.5377     33.7427     48.8107     25.9855     11.2513     26.5411     12.1215    0.181625    -8.75428     14.0682     3.39689     0.30757     -23.412     2.66491    -8.75818    -13.8389    -6.14473    -11.3824    0.908347    -8.72359
    123.517     23.2192     38.3451      34.033     12.8419     28.0364     10.4274    0.327682    -7.77011     13.4893     1.62662    0.195789    -21.9904      2.9935    -9.15717     -13.716    -6.22988    -11.4407    0.637961    -8.96554
    76.8815     33.7148     63.6222     36.4732     1.83805     23.0606     10.8074    0.169263    -3.99688     11.0094     2.75936    0.218241     -23.683     1.67049     -8.7479    -13.9104    -6.28454    -11.5196    0.768944    -8.91302
    109.149     27.8263       13.97     20.4381    -10.0054     31.2994     10.6412     0.20011    -14.6378      2.2002     2.67792    0.236818    -24.4304     1.46215    -8.66733    -14.7982    -6.19697    -11.6163     1.25742    -8.77255
    -10.956     58.8842     6.57487     16.5096     28.3278     39.2774     16.9241    0.282609   -0.683504     13.0281     6.31799      0.5421    -23.7363     1.76535    -8.75008    -14.2353    -6.00441    -11.5656     1.54146    -9.14398
    51.3873     36.5087     59.8925     29.5066     4.09616     25.5699     14.0072  -0.0148306    -9.01047     13.2113     1.57235    0.248925    -23.1571     3.36398    -8.83046    -13.5409    -5.99436    -11.1772    0.865658    -8.77106
    132.293     38.0338      13.782     15.4534     -7.1413      26.658     12.3744  -0.0484902    -10.9938     12.3294     1.06627    0.162125    -23.4501     2.43457    -8.96061    -14.3199    -6.13966    -11.4721     1.05937    -8.77899
    49.1202     69.7109     31.9537     62.2547     2.46863     18.8693     10.5738     0.20244    -9.69303      12.276   -0.708477    0.172744    -23.0388     3.02675    -8.97478    -13.4256    -6.24335    -11.5797      1.0081    -8.96918
    47.0362      15.615     38.3355     34.0462     15.4704     25.8142     7.63111   0.0303654    -6.23873     13.0468     3.61525    0.215444    -22.6874     3.43447    -9.67076    -14.0711    -6.19538    -11.9288     1.82535     -8.4926
    32.2694    -22.9756     22.4393     31.3294     8.64853     3.36435     22.6384    0.499892    -7.26823     12.2749     3.69373   0.0510053     -18.543     4.30284     -5.4796     -15.852    -6.83765    -12.2481    0.798636    -9.28333
     18.506     39.3327     41.9014     13.8143     18.0328     23.1791     9.59837    0.110408    -12.5136     15.3941      2.1227    0.137697    -24.4282     3.09944    -8.58879    -13.8654    -6.33484    -11.8513    0.979337    -9.23869
    5.66092     48.6017     34.2165     24.6353     16.7685      28.357      13.166    0.128868    -10.1253     15.3254     5.06341    0.357221    -24.1845     2.54269    -8.51017    -13.8604    -6.06189    -11.1769    0.907286    -8.68359
    87.5851    -3.58245     49.7106     38.5985     11.2979     36.2206     8.61431    0.449645    -6.52585     13.8327     1.05528     0.13888    -20.9826     2.87844    -8.94927    -13.8165     -6.2809    -11.5214    0.553647    -9.01887
    80.7385     38.2055     19.4064     20.3605     -21.626      25.803     6.42953   -0.031784    -2.20167     24.2464    0.711086   0.0682389    -22.3572      3.1997    -9.28283    -14.6363    -6.20695    -11.5204    0.904429    -8.82194
    135.421     30.1293     33.6711     33.8278      14.559     26.0744     10.4106    0.197087    -8.63902     13.7724     1.53549    0.183845    -22.2147     3.18872    -9.10525    -13.6244    -6.18931     -11.391    0.670186    -8.94422
    64.7616    -21.0992    -6.69409      71.465     12.1475     33.0425     14.7581    0.702227    -8.53107     16.4255    -3.91792    0.540574    -26.4263    -1.10229    -6.69702    -12.3597    -6.35113    -11.5055    0.834649    -8.53365
    109.371     40.4133     39.4766     30.8887     10.9051     23.9158     12.7468     0.19783     -7.3538     13.0019      2.2185    0.232055    -23.2544     2.35132    -8.87781    -13.6359    -6.20394    -11.4424    0.838523    -8.82949
    19.8287       58.11     32.6154     39.1168     10.7196     29.0633     15.6403   0.0549985    -8.57139     14.0096      3.7548   0.0715206    -22.6403     1.83387     -8.8456    -13.8578    -6.17973    -11.2951    0.482618    -8.63515
    41.8981    -9.83682     18.4783      26.884    -11.9951     30.7666     6.19917    -1.13873    -17.2482    0.302815     4.66666    0.111241     -23.531     4.05831    -9.87811     -13.969    -6.24497    -11.2519    0.476996     -8.9538
    33.1486     63.8165      34.328      50.591     5.04049     24.9259       14.59    0.149562    -9.54342     13.0654    0.613764    0.192014    -22.0732     2.60466    -9.11209    -13.5088    -6.29788    -11.5346    0.779122    -8.82347
    64.1665     39.0912     61.2438     32.6421    0.592056     26.4642     16.1699     0.17158    -5.96481     11.5554    0.157839    0.274068    -21.7609     2.33197    -9.25038    -13.4942    -6.38672     -11.619    0.795704     -9.0276
    96.8686     32.3889     58.4557     32.6476     4.78614     23.5684     11.6579    0.348719    -4.56702     11.4514     2.60433    0.278349    -23.4455     1.73628    -8.80287    -13.8256    -6.29574    -11.4996    0.725259    -8.91081
    53.4516    -20.1443     33.7827     31.1086     7.81389     14.9052     21.2655    0.319517    -8.43416      13.888     1.92694  -0.0866238    -24.6393      4.1831    -10.3057     -13.973    -6.09006     -11.387    0.737826    -9.04467
    27.3003     29.2294     34.6791     11.8993     16.2495     18.0731     2.44877   -0.256033    -2.29669     8.73084    -6.00194    0.132587    -22.0727     1.78806      -9.537    -14.2871    -6.28137    -10.7958   -0.463343     -7.7128
    67.1026     15.8967     28.8641     22.2334    -15.0554     31.3663      6.7687    0.881614    -9.17556     9.56573     3.02732    0.247941    -23.4939     2.35664    -8.78689    -14.1815     -6.2348     -11.584    0.991154     -8.8848
    90.8869     39.3293     52.4521     43.7054     4.55157     20.4424     8.17489   0.0819054    -4.70463     11.2643      3.0642    0.225826    -24.3398     1.71958    -8.58854    -13.9611    -6.24655     -11.486    0.801282    -8.88113
    38.3835     51.7459      49.906     39.8836     2.49962     26.5903     16.3228    0.606318    -8.33365     12.5313    0.342086    0.308143    -21.8064     2.66028    -9.16659    -13.4626    -6.29928    -11.4951    0.792876     -8.8715
    42.0824      33.042     25.0069      25.668    -25.7807     24.1435    0.337121   -0.291401   -0.366467     25.3535     4.23692    0.119956    -23.9663      2.6017    -8.73997    -14.4978    -6.24628    -11.3863    0.691118    -8.71488
    48.8913     43.0795       60.19     31.7563  -0.0539526     28.0034     18.4945     0.30541    -7.53072     12.0444   -0.940752    0.257869     -21.026     2.83422    -9.42409    -13.2885    -6.35139    -11.6012     0.81839    -9.03676
    31.1898     82.4549     18.2395     63.6503      4.2527     22.5111     15.4789    0.180261    -13.3569     13.7085    -2.98613    0.129177    -21.0228     3.84357    -9.44845    -13.0188    -6.29641    -11.6146    0.958764    -8.98692
    108.525      38.321     49.1686       37.13     6.97441     21.2946     10.3276  -0.0963445    -5.47395     11.7552     2.64564    0.195292    -23.9365     1.86138    -8.70356    -13.7954    -6.23717    -11.4626    0.760701    -8.87959
    79.1108     48.3464     43.9839     48.5164     4.62295     20.2819     9.21377    0.281433    -6.55776     11.7382     1.98613    0.302438    -23.9022     2.19024    -8.74747    -13.8009    -6.25112    -11.4817      0.8624    -8.88966
    47.7398     35.8714     40.9817     20.0514     14.8107     22.1267     7.70088   0.0850408    -5.63881     11.6546   -0.529011    0.249092    -23.9962     2.71377    -8.89965    -14.0181    -6.36404    -11.6487    0.560854     -9.2856
     60.125    -3.74816     43.3466     50.4643     12.9142     31.5774     3.91854    -0.67992    -7.15343     14.0092     3.18226     0.11272     -21.809     4.08936    -9.94527    -14.3421    -6.15973    -11.3875    0.760552     -8.9545
    57.9009    -24.6349     26.2548     47.6059     8.03698      31.579     19.3687   -0.826992    -6.60043     14.7492    -2.04796    0.284365    -25.8914   -0.167472    -8.25203    -12.7086    -6.21768    -11.3751    0.775583    -8.61434
    136.451     37.5436     24.3853     22.4443     2.87803      24.815     12.3315   0.0372355    -9.52356     13.1477     1.35393    0.186103    -23.2297     2.59858    -8.96454    -13.8884    -6.15893    -11.4191    0.884974    -8.82724
    62.1924     45.1977     53.5713     40.5923     1.89509     24.2055     13.7523    0.375933    -6.51027     11.7011    0.669225    0.325139    -22.4379     2.34776    -9.08955    -13.5929    -6.34137    -11.5736    0.830562    -8.96814
    97.6645     54.3412      37.997     57.7615     6.30892     14.5078     4.28735   0.0814375    -6.05333     11.2124     3.31055    0.230747    -25.8383     1.80763    -8.25438    -13.9929    -6.13589    -11.4071    0.934685    -8.81415
    37.2957    -33.3157     9.33348     50.1039     7.20884     17.9766     28.0114    0.375487     -4.5344     14.0932     1.04624    0.397186     -26.218     2.47092    -10.7631    -13.5747    -6.03251    -11.2374    0.548914    -9.08967
    107.778     20.8825     60.7633     23.4297     6.79674     27.7372     13.1262      1.6209    -4.93695     12.0601     2.38031    0.520713    -22.3473     2.12135    -9.05251    -13.7982    -6.34458    -11.4586     0.63801    -8.95257
    57.5539     56.0524      40.808     50.6661     3.39723     21.7806     11.7108    0.260734    -7.92263     12.2289    0.662536    0.192054    -22.9652      2.5754    -8.96683    -13.5883    -6.25811    -11.5516    0.882685    -8.90745
    23.7989     45.8477     46.8534     29.7042     10.1904     27.0957     14.1832    0.326199    -10.8302     14.8874     3.96821    0.128639     -23.702     2.85128    -8.55089    -13.7886    -5.92644    -10.9852    0.597714     -8.4517
    72.7433    0.380987     58.9293     31.8975     8.53939     28.1605     8.00986     1.27577    -8.73927     13.8955     1.52602   0.0336051    -23.0504     3.38628     -8.6299    -13.6886    -5.87304    -11.3412    0.822131    -8.84205
     78.952     21.0878     48.6021     41.3111     8.63413     27.1911     8.38916    0.298949    -6.61116     12.8793     2.45755    0.240832    -22.7569      2.7625    -9.00055    -13.9559    -6.23382    -11.4333    0.758811    -8.90669
    52.2519    -15.8523     44.4244     36.5403     8.69925     23.1954     12.2594  -0.0368939    -12.2119     16.1234    -1.38786    0.220008    -26.8821     2.58341    -7.79061    -12.8512    -5.87036    -10.9158     1.18628    -8.55435
     132.78     31.5945     43.1948     26.5536     11.4088     24.8792     13.1419    0.240681    -7.21172     13.0386     1.79706    0.247218    -22.6862     2.50256     -9.0236    -13.5694    -6.23815    -11.4089    0.676592    -8.90727
    10.5425     14.8579     28.6568     27.0649     19.2053     15.5874     7.66419    0.331491    -10.4284     14.4997     3.09372    0.413636    -19.8073    -1.15887    -10.6142    -14.6409    -6.37121    -11.7976     1.29979    -8.68742
      14.06     74.4609     17.0429     47.6963     11.9056     30.5574     18.3979    0.131719    -10.6381      14.721      2.6424   0.0807008    -21.2728     1.81548    -9.09871    -13.5955    -6.37683    -11.3464    0.254161      -8.648
    111.599     8.63256     16.0204     64.3701     21.8725     36.1225    -2.24347    0.378511    -11.1255     15.3856     1.13652 -0.00881005    -19.6606       5.127    -9.15156    -14.1722    -6.18141     -11.465    0.557367    -9.16218
    15.9489    -3.06813     2.46682     25.8524     -7.5104     14.8569     7.86169      1.2047    -5.95512     3.30606     10.9541   -0.306423    -16.3988      6.8757    -9.60311    -7.50614    -7.20886    -10.9599    -2.06462    -8.49209
    67.0568     26.3799     66.0308     27.2209     4.00974     24.4408     11.4772   -0.228685    -8.30819     12.8328     1.60204    0.244331    -23.4377     3.34917    -8.78619    -13.6303    -6.00355     -11.189    0.935506    -8.86312
    12.0974     36.1584     34.7926     9.26898     20.2782     19.4055     4.10251   -0.178302    -8.18178     12.3209    -2.06615    0.279662    -23.0393     1.28228    -9.14334    -13.8225    -7.01957    -12.3043    0.362606    -9.76453
    47.4599     43.6316     53.3287     53.1676     2.27981     19.3722     5.54234   -0.347476    -5.74023     11.5352     3.56982   0.0966659    -24.7206     2.23846    -8.57846    -14.0935    -6.09709    -11.4392    0.858137    -8.79544
    110.174     12.8786     41.5032     35.4399     12.1385     30.3615     10.8793    0.220555    -7.15553     13.6362     1.30989    0.164217    -21.8988     2.79008    -9.15005    -13.6876    -6.24402     -11.467    0.607187    -8.96836
    116.215     33.3365     49.7505     30.8051     8.26022     23.4416     11.8965   -0.220892    -5.83524     12.1764      2.4152    0.153306    -23.3378     2.03778     -8.8448    -13.7216    -6.23694     -11.457    0.707006    -8.89053
    9.68819     16.3665     17.0909      15.074    -5.26738     14.6804     -4.6284 -0.00272206    -4.42873     16.6233     7.37835    0.477073    -19.6346   -0.787548    -9.07563    -7.37598    -6.42746    -11.4568     1.48683    -8.97226
    81.1011     1.15023     33.1723     37.3169     8.22911     23.2606     17.8146    0.251053    -6.14325       13.13     1.65557    0.259923     -24.267     2.50862    -9.54519    -13.4262    -6.15547    -11.4009    0.729603    -8.88019
    38.2616     41.6597     55.6568     25.1218     6.10224     27.4964     16.6378    0.178304    -10.8864     14.4323     1.93119    0.109507    -22.9927     3.62519    -8.78713     -13.434     -5.8356    -10.9985    0.733495    -8.60796
     57.038     16.2463     58.0255     40.4773     6.57471     24.6873     6.60614    -0.30842    -8.27533      13.261     2.40089     0.24815    -23.7103     3.57643    -8.81324    -13.9479    -6.07538    -11.2013    0.926947    -8.86737
    114.835     39.3105     10.2061     13.0217    -16.5692     26.3488     9.53347    0.202193    -4.87237     24.3159    -0.25151     0.14192    -21.8732     3.58322    -9.47693    -14.5359    -6.15272    -11.4239    0.881729    -8.79842
    30.0517    -7.49649     33.0787     38.0981     11.4003     12.3829     12.5024    0.750972    -10.7536     14.7031     2.51519  -0.0673629    -22.6539     1.92194     -11.302    -14.5596    -6.49717    -11.7317    0.864287    -8.87518
     93.656     40.0228     47.4676     34.6599     6.79858     24.3125     13.1476   0.0887624    -6.94313     12.4452     1.57738    0.214486    -22.7962     2.32869    -8.97245    -13.6221    -6.26194    -11.4666      0.7362    -8.89723
    75.0476     66.7023     32.0742      69.722     3.57304     12.2388     2.96844  -0.0536257    -7.08145     11.2127     2.36039    0.198948    -25.9589      2.1365    -8.26626    -13.9453    -6.12089     -11.453     1.05997    -8.84665
    5.83199     35.0558     21.1092      13.824     17.3973     22.1001     2.77205   -0.219918     1.05016     7.19405    -4.19191    0.302665    -24.3187     4.41802    -8.89654    -13.3435    -5.90559    -10.9538    0.282245    -8.10192
    57.8869     81.8604     17.1774     74.4688     2.28754     13.7746     6.84928   -0.107145    -11.3548     12.8766    -1.60354    0.127974    -23.9512     3.63255    -8.82081    -13.3846    -6.13189    -11.5502     1.22535    -8.99276
    42.3324     5.03546     52.3994      36.782     9.61632      20.847     5.27114    0.194184    -14.7409     15.8758    0.396769  0.00668865    -24.7572     3.93295    -8.72641    -13.6117    -5.90635    -11.2483    0.969703    -8.78894
    121.098     23.7812     50.6477     25.2941     9.75043     27.6902     12.8935   0.0392801     -6.2272     12.7736     1.96655    0.164978    -22.0944     2.45917    -9.11394    -13.7033    -6.27621     -11.476    0.619811    -8.95534
    127.386     38.2224     2.41645      8.2561    -17.5556     28.9608     12.7085   -0.104368    -14.0872      7.9517     1.27304    0.166457    -24.2359     1.85507    -8.79237    -14.8103    -6.12686    -11.5641      1.3447    -8.69126
    24.2259     17.5216     43.6225     29.7844     14.7831     20.4188     6.73438    0.181341    -16.3045     16.9242      1.4437    0.171267    -23.2088     1.82146    -8.99168    -13.9059    -6.62067    -11.6356    0.593531    -8.78498
    30.9014     42.7314     30.4263     29.7222     14.1378     26.7654     9.34982    0.327901    -4.10379      12.017     2.23087  -0.0511705    -24.3502     3.03334     -8.7788    -13.9382    -6.02713    -11.3446    0.922878    -9.08916
    98.8265      6.0139     35.8688     47.8516      14.669     34.6578     5.01801    0.802915    -7.98203     14.0492      1.3663    0.253163    -20.7787     3.51493    -9.05281     -13.985    -6.29145    -11.4942    0.575588    -9.05169
    9.37596     53.5297     17.6615     28.2485     17.7209     29.6017     11.3105    0.281416    -1.62061     11.1618     1.72854    0.339119     -24.518     3.07323    -8.69261    -13.9147    -5.87202     -11.164    0.552313    -9.25728
    32.1763     12.8023     24.2917     17.8797    -7.91152     22.4186      1.7681   -0.387401    -9.90344     10.0976     5.20237    0.409365    -22.8811     3.33564    -9.20585     -9.6485    -6.64043    -11.8445   0.0961912    -9.13546
    33.0809     30.8497     49.2686     11.0526     16.7959     19.0997     7.23419    0.348806    -14.7989     15.1784    0.207883   0.0923308    -21.4727      0.7449    -9.42242    -13.9599    -7.18083     -12.591     1.07763    -9.18006
    101.476     32.7661     27.2947     24.6006    -7.84078     26.5078     8.56576    0.237996    -6.42714     15.1701     2.10238    0.196963    -23.0724     2.49523    -8.98675     -14.121    -6.25187    -11.5528    0.907776    -8.85282
   -5.47038      45.993     5.68862     11.4185       27.24     31.4398     8.06254    0.547938     9.06842     5.64901    -4.46848  -0.0637474    -25.2233     5.38891    -9.01334    -13.8695    -5.55815    -11.0809     2.19525    -9.41953
    97.7537     8.24024     55.6804     30.6194      9.1967     32.2239     10.3274    0.242379    -5.93193     13.0054     1.85494    0.150396    -21.4075     2.77807    -9.09781    -13.8773    -6.30192    -11.4816    0.592023     -9.0149
     -4.308      69.149     11.5374     30.8402     20.6195     37.9036     20.6448    0.561331    -7.42708     15.5448     7.05263     0.03377    -22.0078    0.613227    -8.75534    -14.1532    -6.21602    -11.1192   -0.101735    -8.56996
    23.2835     98.6702    -4.66446     65.3618      9.6769     26.1106      20.363    0.060104    -17.8117     15.8892    -4.54299   0.0809633    -19.1557     4.54326    -9.85544    -12.6256    -6.33776    -11.5684    0.792944    -8.90681
    71.4388    -14.6287     44.5209     37.3198     8.16407     33.3851      15.074   -0.196438     -6.9412     14.5388     -1.1034    0.245104    -24.1827    0.960803    -7.86772      -13.02    -6.19429    -11.3813    0.769165    -8.70095
    34.8516     30.9792     52.6191     37.7983     7.91737     22.3115     8.07158   -0.708391    -11.4249      14.355      2.4438    0.664689    -23.9059     3.43985    -8.72163    -13.7751     -5.9845    -11.1222    0.953103    -8.73145
    140.774     36.2835     36.5491     28.3996     13.0076     23.2958     12.8625   0.0985442    -8.18213     13.4023     1.60464    0.216689     -23.002     2.67784    -8.97103    -13.4844    -6.18221    -11.3682    0.711741    -8.87978
    32.6351     37.6564     50.6208     17.6001     12.9893     25.1179     12.6883     0.20712     -13.431     16.1445     3.68222     0.10639    -24.7284     3.90325    -8.31192    -13.6836    -5.75396    -10.8935    0.683489    -8.58942
    133.601     39.5661      37.062     32.4251     12.0313     21.7058     11.6717    0.168502     -7.7011     13.0076     2.01709    0.245459    -23.5816     2.44929    -8.82956    -13.5717    -6.17691    -11.3677    0.752394    -8.85668
    102.146     25.5007     45.2489      39.466      10.032     26.3425     8.59778    0.277451    -6.54766     12.7544     2.45877    0.232467    -22.6986     2.71648    -9.00378    -13.9008    -6.22664    -11.4416    0.694084    -8.93397
     47.471     28.2191     59.8239     21.3626      9.7629     22.0946     9.83408    0.103403     -14.207     15.3972     1.81592    0.212922    -23.9214     4.06821    -8.62795    -13.5555    -5.90112    -11.2681    0.918575    -8.65887
    10.1992    -4.61761      18.517     25.5534     11.0733     3.21663     11.2288    0.135371    -8.63508     11.4804     3.38724    0.632904    -14.5008    -2.40744     -10.071    -13.7764    -3.96712    -9.50026     2.03014    -9.21997
   -8.28771     48.6087     21.3187     14.9609     22.2693     28.2897     9.99419   -0.148847     -5.4493     12.7808     2.25388    0.286288      -24.76     3.17097    -8.58835    -13.5545    -6.03581    -11.3408     0.71297     -9.5322
    54.4393     44.4197     41.3999     34.6177     9.45775     27.2412     13.1137   0.0784452    -7.07981     13.6136     4.01046     0.13721    -23.3051     2.02566    -8.74619    -13.9569    -6.12661    -11.3287    0.670198    -8.64935
    123.931     38.8788     41.9991     34.5175     9.93657     21.4977     11.0009  -0.0491636    -6.75424     12.4993     2.33325    0.189555    -23.7447     2.18808    -8.76766    -13.6741    -6.19595    -11.4082    0.748509     -8.8609
    56.3816     36.8879     21.9648     13.0924    -1.99072      25.173     6.89916    0.322083    -3.87784     15.2084   -0.815435    0.172128    -23.7449     3.25899      -8.881    -13.8924    -6.18891    -11.3056    0.427923    -8.86329
    83.4131     10.6281     9.59693     31.3816    -11.3599     36.5972     7.18535    0.472466    -15.4348    0.444483     2.78425    0.258802    -24.0612     1.50701    -8.62796     -15.028    -6.22401    -11.6984     1.25805    -8.81884
    21.5958    -31.4935    -3.10405     41.9482     4.08566    0.138511       37.84    0.119672     1.21351     9.72065     7.04872    0.407899    -20.4989     7.10323    -5.85618     -15.344    -6.10925     -11.618    0.689885    -9.28592
    86.5982     20.7633     66.5459     27.9174     4.25177     26.6132     11.2709   -0.599781    -4.86278     11.7479      2.6137  -0.0205014    -22.9191     2.26556    -8.88959    -13.8856     -6.1693     -11.467    0.710083    -8.93621
    83.2916     38.9826     40.2256     25.8048     12.0768     25.1051     12.1405    0.191016    -7.14255     13.1308     2.09586    0.222475    -23.5721     2.74422    -8.82894    -13.7376     -6.1193    -11.4723     1.02128    -8.87105