    41.2115     48.2828     46.5941     30.1695     6.82068     26.9701     6.62427   0.0465706   -0.124016    -5.43906     13.1331     17.3948     2.13536     2.78441    -9.40268    0.724917    -4.44487    -2.08623     -6.4263    -5.71552   -0.693202    -6.11992    -1.02547     4.39562     3.37896    -2.19264    -4.10112    0.157027    -8.87447    -2.61021      52.132    -1.03203    -2.90937
    51.2804    -22.4651     27.4444     41.6588     9.76176     25.7079     10.6683     3.25327   -0.130618    -6.15665     16.8036     20.7233     2.36951    0.778484    -9.57588    0.187191    -3.72722    -2.09236    -6.53176    -5.88365   -0.892387      -5.575   -0.790139     4.19918      3.2436    -2.37217    -4.08037    0.185007    -8.89312    -2.65855      52.132    -1.03203    -2.90937
    145.229     41.3846     23.1959     27.6128     16.1264     19.9755     5.29364   -0.908966   -0.302924    -6.48351     12.4498       18.29     2.26478     2.36417    -9.92653    0.830226    -4.19219    -2.15923    -6.47031    -6.04108   -0.706663    -5.96646   -0.868014     4.38872     3.22472    -2.21947    -4.10633    0.178041    -8.85912    -2.62825      52.132    -1.03203    -2.90937
    69.4517     38.8459      50.928     31.7579     5.77397     21.9068     2.02896     2.41722    0.052475    -5.21719     12.0952     17.7743     2.20552     1.81469    -10.6079     0.53953    -4.03634    -2.29082    -6.81903    -6.18797   -0.644553    -5.94156   -0.779674     4.44712     3.10693    -2.26998    -4.09998    0.195149    -8.86442    -2.62271      52.132    -1.03203    -2.90937
    4.55107      70.829    -1.31703     49.3954     21.7971     34.0229     8.15357    0.175839   0.0942895     -9.7154     7.67662     16.7145     2.25321   -0.628221    -9.82602   -0.305799    -5.27198    -2.48572    -6.71044    -6.91413   -0.901997    -6.15212   -0.748482     4.27982     3.11273    -2.19437    -4.09865    0.169787    -8.86331    -2.61675      52.132    -1.03203    -2.90937
    120.029     37.1565   -0.428168       17.47    -8.31773      28.331     3.19575    -2.66619   -0.479247    -3.79017     13.4549     18.4338     2.38574     2.10467    -11.3238    0.680192     -4.9783    -2.32171    -7.43676    -5.77082   -0.814053    -6.07961   -0.874141      4.3981     3.14982    -2.12453    -4.02058    0.154849    -8.83279    -2.62899      52.132    -1.03203    -2.90937
    28.8304     37.9265     39.4534     22.4751     15.1877     21.2357     2.40689    -5.76838    -1.02799    -6.36318     13.2586     18.8433     2.38634     2.47931    -11.3579     0.46583    -4.07562    -2.33884    -6.80185    -6.56097   -0.627548     -5.7762   -0.662936     4.45482     2.92152    -2.18507    -4.03601    0.175383    -8.81276    -2.64961      52.132    -1.03203    -2.90937
    92.1218     10.0571     44.6417     35.1102     12.5316      29.049    -4.06766     1.95501    0.179372    -6.08743      11.743     16.2592     2.12435     1.97838    -10.6327     1.39259    -4.39016     -2.2568     -6.5097    -6.48488   -0.785758    -6.11849   -0.824382     4.50163     3.14085    -2.00289    -4.09625    0.151978    -8.85755     -2.5803      52.132    -1.03203    -2.90937
    47.0672     11.9949     46.2265     37.2776     11.5235     20.8496    -1.16351    -3.60877    -0.36337    -7.21489      11.696     19.3352     2.58835     2.83035      -9.996     1.15828    -4.86693    -2.25281    -7.00085    -5.78816   -0.858646    -6.01176   -0.846522     4.40076     3.23791    -2.11921    -4.07002    0.162158    -8.88044    -2.59016      52.132    -1.03203    -2.90937
     63.622     28.5351     12.9328     23.1084    -15.9032     25.8141    -4.54694    0.272301 -0.00791561    -9.81494      12.553     18.2708      2.2999     2.23612    -10.7888    0.676255    -4.74647     -2.3896    -7.24433     -6.1569   -0.887173    -6.07835   -0.875633     4.50214     3.16776     -2.1372    -4.02098    0.147796     -8.8822    -2.62217      52.132    -1.03203    -2.90937
    21.5093     32.0049     22.0713     13.7627     13.0748     12.1755    -6.11159      1.8042   -0.102807    -4.32723     14.9168     16.5936     2.11558    0.330372    -8.71378     0.18047    -4.87729    -2.37259    -6.89898    -6.34872   -0.812163    -5.86146   -0.996851      4.6767     3.58274    -2.17302    -4.04169   0.0846628    -8.86189    -2.61359      52.132    -1.03203    -2.90937
    100.222     40.6645     41.3293      34.579     7.71474       18.26     1.51347     2.97223    0.321107     -5.9239      11.004     18.8372     2.28685     1.50214    -10.7241  0.00276914    -4.12646    -2.31147    -6.92592    -6.15894   -0.650925    -5.87536    -0.77136     4.40938     3.09419    -2.37276    -4.09128    0.208552    -8.85699    -2.63694      52.132    -1.03203    -2.90937
   -1.93943     43.9348      9.9695     21.2051     22.4267     21.3947    -3.14719     6.22373    0.567093    -5.45132     12.8615     19.9278     2.47765     3.39982    -11.7742     1.01175    -3.79522    -2.04892    -6.52366    -5.76408   -0.721052    -6.00696   -0.771477     4.36313     3.03606    -2.20898    -4.09155    0.215347    -8.86725    -2.62887      52.132    -1.03203    -2.90937
    34.4127     78.8446     7.25408     74.7977    -1.07941     11.8208     6.88725    -4.31795    -1.11742    -1.14526     18.1353     15.4598     2.05447      3.4148    -9.97673     3.90739    -3.16464    -2.15177    -6.29449    -6.33304   -0.939467    -6.02086    -0.90819     4.50328     3.27618    -1.80573    -4.23363     0.15529    -8.84911    -2.58599      52.132    -1.03203    -2.90937
     26.966    -16.8179     21.4662     29.6268     9.23729     9.99309     19.4884     1.43381    0.400741    -6.81428     8.10284     14.3695     1.98649     4.16259    -12.0048    0.443106     -5.2406    -2.41951    -7.36431    -6.45309    -1.07825    -6.44586   -0.856552     4.79471     3.13093    -2.04832    -4.12136    0.163705    -8.89642    -2.62336      52.132    -1.03203    -2.90937
     19.795     53.5436     29.7255     39.0501     11.8874     25.8302     4.90235   -0.256131  -0.0853643    -6.79944     11.2657     18.1744     2.26842     2.03331    -10.1078    0.384299    -4.64071     -2.2237    -6.80916    -6.00724   -0.708042    -5.94401   -0.849907      4.3811     3.19233    -2.25926    -4.05674    0.163515    -8.86436    -2.63475      52.132    -1.03203    -2.90937
      96.83    -3.88909     12.2471     64.6769     20.2671     26.7092    -10.7561    -5.29641   -0.580682    -6.60706     15.1189     15.8911     2.08667     3.38611    -10.2216   0.0360152     -3.9943    -2.15717    -6.45897    -5.93233   -0.269007    -6.16899   -0.974326     4.48171     3.27784    -2.14595    -4.03763    0.121858    -8.83994    -2.58916      52.132    -1.03203    -2.90937
    60.7898     53.4237     39.2295     54.8849    0.682887     12.4715    0.900062     1.33673  -0.0123596    -4.35322     11.9861     18.9708     2.31695     2.03305    -10.7471    0.340908    -3.94716    -2.31523    -6.96441    -6.04069   -0.696956    -5.86673   -0.813427     4.46245     3.16043    -2.30607     -4.1065    0.197073    -8.85846     -2.6429      52.132    -1.03203    -2.90937
    22.6131       2.953     14.7144     20.6772    -6.15222     18.4874    -1.61022     -5.3821   -0.943335    -3.47737     3.84234     18.5861      2.2558     1.11791    -8.47983     2.37981    -2.01865    -1.83603    -4.41968    -6.30727    0.410594    -5.77257   -0.826389     3.88483     3.14547    -2.56885    -4.41025    0.313411    -8.90684    -2.60451      52.132    -1.03203    -2.90937
    124.877     35.5349     33.0743     31.1726     13.0987     21.1183     2.01886     1.07911   -0.100609    -6.46567      11.517     18.0492     2.29483     1.93799     -10.363    0.743121    -4.26034    -2.22482    -6.62181    -6.21711   -0.741065    -5.96932   -0.821839     4.42117     3.15641    -2.21507    -4.10444    0.181702    -8.86032    -2.62604      52.132    -1.03203    -2.90937