 0.000645715   -0.0326043    -0.136468    -0.097381    -0.320228     0.140418    -0.157317   -0.0105982    -0.365157    -0.634657
 -0.00270578  -0.00571134  -0.00960325   -0.0052571   -0.0123137   -0.0182345   -0.0143251  0.000702469   0.00199176   -0.0509199
 -0.00135921 -0.000438066  -0.00295966  -0.00499345   0.00282038  -0.00802634   -0.0130543 -0.000550777    0.0185449   -0.0194397
  -0.0353517    0.0196912   -0.0582125    -0.115226     0.136081     -0.01831    -0.181914  -0.00517008     0.344202    -0.211388
   -0.283821     0.389335   -0.0561293    -0.115578     0.378711     0.351603      0.31718   0.00930065    -0.307808     0.173867
    0.379343   -0.0422141      0.60449     0.342802     0.325677   -0.0407254    -0.218544  0.000485374    0.0146955    0.0623431
  -0.0453423     -0.30056    -0.149369     0.152498    0.0025145    -0.338689     0.562116 -5.29261e-05    0.0474022     0.124375
 -0.00429377   -0.0201342   -0.0164849   0.00121183  -0.00361464   -0.0872724    0.0614016   0.00548937    0.0273359   -0.0300605
-0.000666704 -0.000941649   -0.0019301  -0.00190318 -0.000735735  -0.00610144   -0.0050707  5.96596e-05   0.00495812  -0.00934556
 -0.00415578   -0.0045942   -0.0129646   -0.0123812   -0.0158258   -0.0195345   -0.0414266  -0.00123391    0.0315103   -0.0126678
 -0.00229061  -0.00182538    -0.160361    -0.143781    -0.493081    0.0449056    -0.309026   0.00156876     0.182299     0.607942
 -0.00147656  -0.00290373  -0.00257739  -0.00288587  -0.00108172   -0.0212936   -0.0139334  -0.00148027  -0.00549761  -0.00533981
  -0.0050072  -0.00681083  -0.00661778   -0.0129261    0.0096411    -0.051889   -0.0340805  -0.00763273  -0.00446574   -0.0160531
  -0.0217612   -0.0194349   -0.0178929   -0.0592306    0.0540598    -0.146499    -0.108834   -0.0427704   -0.0536897   -0.0159662
  -0.0684094   -0.0570007  -0.00260061    -0.127599     0.110078    -0.196559    -0.123587    -0.193198    -0.262931     0.115266
   -0.159709    -0.102938     0.273425   0.00454188    -0.174538      0.33651     0.229516    -0.672922     0.255354   -0.0586739
    0.509325     0.370963    -0.488812       0.4006   0.00679567     0.161079      0.10297   0.00314103     0.140837   -0.0257655
   -0.158284   -0.0981152     0.272322  -0.00248476     -0.17879     0.322628     0.208852     0.687727     0.245089   -0.0690672
  -0.0676898    -0.055521  -0.00194101    -0.128326     0.109727    -0.199665    -0.119467     0.182092     -0.26084     0.112214
  -0.0214199   -0.0200487   -0.0171196   -0.0579725    0.0537072     -0.14501    -0.103733    0.0364557   -0.0523608   -0.0150045
 -0.00462623  -0.00651267   -0.0062338   -0.0118836    0.0101994   -0.0467845   -0.0297521   0.00731797 -0.000721162   -0.0166119
-0.000939897  -0.00167424   -0.0019437  -0.00182334  0.000207091   -0.0124835    -0.007931   0.00126918 -0.000799939   -0.0049472
-7.70783e-05  -0.00023398  -0.00026203  -0.00010375 -7.00957e-05  -0.00144817  0.000298171   8.7283e-05  0.000850719  -0.00117126
 -0.00131726  -0.00474627  -0.00418777  -0.00149005 -0.000536274   -0.0257934   0.00956882   0.00271761     0.011044   -0.0161094
  -0.0068305    -0.027205    -0.023161 -0.000498881  -0.00441133    -0.123873    0.0707895   0.00525366    0.0457677    -0.054234
  -0.0248704    -0.119358   -0.0776247     0.034475   -0.0129044    -0.307569     0.254723   0.00613361    0.0753747   -0.0843418
  -0.0547593    -0.539971     -0.17659     0.396963    0.0470453     0.412924    -0.163747   0.00440437     -0.30739     0.147289
    0.574638     0.051632     0.226602    -0.466317    -0.192576     0.106889     0.248954  -0.00256133    -0.242164    0.0994733
   -0.317102     0.518209     0.252441     0.400066    -0.339197    -0.193434   -0.0556993  -0.00754973    -0.159002    0.0339057
   -0.127064     0.106374    -0.124536    -0.227721     0.345452     0.170598    -0.137474  -0.00336023     0.166427     0.118607
  -0.0369885    0.0154218   -0.0618795    -0.115174     0.137916   -0.0164869    -0.179243  -0.00308469     0.327762      -0.1808
 -0.00544918  4.88123e-05   -0.0103667   -0.0196639    0.0188147   -0.0203132   -0.0465742  -0.00174446    0.0789414   -0.0598687
-0.000177628 -0.000166768 -0.000427299 -0.000525436  0.000472972  -0.00145905  -0.00157536 -0.000295713   0.00236278  -0.00270006