   9.75596    62.2635   -6.38929    71.6212    -9.1248    7.46426   -15.0782    4.15662  -0.246241    4.31715   -9.23908   -2.56734    3.34266   0.648002    1.27086    5.21723   -4.17627    1.35482   0.664642    -5.9443
    92.467    24.0779    47.8131    16.3084   -16.3354   -12.3776   -17.3222    13.4957    1.85259   -1.02823   -10.1991    3.09563     2.0196     1.2165    2.98637    1.40388   -5.22518   0.533191 0.00353465   -3.60833
    57.072    22.6966   -4.64453    11.0442    5.58661   -7.56344   -5.97297    5.17784   0.619363   -5.75604   -11.4121  -0.886881      3.408   0.514094    3.88722   -2.12356   -5.03905    1.35589   0.760304   -4.29674
       110    40.6929    32.1659    26.8667   -9.85783   -7.36584   -2.23301    11.9232    1.15688   -5.26682   -7.97539     5.8775    3.01521   0.997773    3.35724    0.44546   -4.97366   0.780482    1.32557   -3.30334
   86.7499    29.3556    40.8969    32.1755   -11.9466   -14.0992   -5.69024    7.87364   0.926166   -3.23631   -8.68308    6.78782    2.55058   0.763091    4.54683    1.86683   -5.50717   0.936434   0.920611   -3.45142
   7.76058      51.42    13.8151    43.6443    -15.146    3.92033   -17.4123    5.64412   0.802109   -1.22312   -9.28822    1.74233    3.52688   0.278174    4.34187    2.28961   -6.14232   0.774937   0.713528   -3.68046
   82.1695    43.2704    46.8478    2.87751   -11.4935   0.668016   -14.9607    12.0664    2.17872   -7.68285    -7.6281    2.24139    3.40754    1.08503    5.13621  -0.177832    -5.1549   0.348682   0.800979   -3.20225
   115.064     30.239  -0.398308    22.8115   -3.85848   -1.86793   -10.4558     7.5532   0.492196   -8.20746    -10.422    3.44449    1.89256   0.435243     5.2613   0.718306   -6.93158   0.820686  0.0691259    -3.3919
   34.8489    30.8173    42.2135    25.1536   -14.9591   -6.29424   -13.4148  -0.478159  -0.420271   -9.27162   -5.48447    3.12812    1.87285   0.945478    6.03616   0.516618   -6.67763   0.394944 -0.0122687   -3.84888
   96.9511    37.2833    9.94984    23.5427    -18.312    -4.1196   -5.85402    8.28842   0.153192   -6.30829   -5.99545    2.68679    3.60667    0.28001    4.36446   0.976164    -6.3461 -0.0218966   0.248893    -3.2291
   29.3483   -16.7937    29.0746    18.3579   -11.0034    10.7109   -2.96975    12.4697  0.0560648   -4.06003   -5.41629    3.21718    -3.3012    1.52147    6.42595    1.11021   -5.56031    1.62272   -1.51483   -4.45155
   32.5955    51.1738    40.8304    32.5078   -4.40137   -1.86786    -3.9227    3.31317  0.0113603   -11.1811   -3.48766     2.9672    2.33334   0.878735     6.7264  -0.625812   -6.64985    0.11799   0.136303   -3.46556
   11.6523    41.8763   -36.4787    56.6645   -25.4352   -18.2293   -1.24013     19.712    1.58222   -8.37784    -6.8541    13.0146    -1.9484    1.01238    3.24361   0.615753   -3.96983   0.521176   0.153929   -2.99728
   74.2424    24.9424    19.9929    26.5981    17.5702   -13.1665   -15.8787    14.5744    1.99027   -7.65135   -7.99825     4.8421   0.158632    1.07739    1.74329    2.62777   -8.20875   0.856731    1.21794   -3.48617
   42.1885    39.5374    22.6051    23.1515   -11.0242    -9.2492   -1.94873    8.78054   0.366375   -6.65805   -4.98067    1.98159    3.66867   0.968473    3.15424   0.558968   -6.98444    1.73924   0.291451   -2.92304
   142.754    37.2641    8.95425    25.6491   -19.6025   -0.25829   -6.25365    7.26389    0.72813   -6.45029   -7.28814    3.95925    2.71975   0.596449    5.15911    0.36072   -5.65926   0.460338    0.19386   -3.46037
   63.4967    13.4791    50.4414    27.5518   -15.4875   -13.9102   -13.7039    6.34986    1.06715   -4.96134   -8.87286    4.45408    3.06863   0.258775    6.82699      1.795   -6.36947   0.792144  -0.742452   -3.38025
    151.86    37.1437    3.14589    25.3375   -21.4934    1.80634   -6.43508    6.06359   0.610824   -7.22852   -6.86606    3.60145    2.68916   0.519946     5.8073   0.206997   -5.80519   0.372887 -0.0460191   -3.43619
   67.1962     35.224    51.4931    37.0438   -4.67039   -15.8423    1.02069    7.50186    2.51754   -5.15554   -7.65058    8.08213    2.85519      1.602    5.70665    1.71909   -5.37514   0.949064    1.17517   -3.42594
   102.556    15.7434    0.82328    32.5232     2.4229   -8.03964   -19.7248    8.87216   0.295187   -4.00339    6.83654    7.15707    4.23374  0.0966918    4.85097   -1.73511   -6.02773    2.50307    2.32394   -3.21209
   13.9945   -18.2165    14.2572    12.6328   -7.10161    13.7279    7.65085     11.507   -0.49485    6.97296   -2.04035     2.4038   -13.9971    1.14926    9.29817    1.03555   -5.23386    3.03731  -0.836481   -5.50363
   32.4159    47.7768    18.3643    34.0926   -12.5577   -3.46262   -10.2067    11.5766    1.47343   -4.45952   -7.62095    4.38919    2.34347   0.564874    4.63139   0.213325   -6.51333   0.349619   0.533729   -2.63064
   35.6103    9.85713     22.589    19.5295     8.6391   -7.67518   -18.4693    4.23468    1.87878   -7.19449    -5.6969    7.58401    4.62435   0.217345    5.79871    0.63764   -5.27009    1.31369   0.505343   -3.61641
   5.66471    20.7338   -5.46267     5.8622   -13.4051   -19.0615    3.75188     11.465  -0.282276    -5.3435   -1.50935   -8.59116      9.663  -0.834284    7.53245     8.1011   -6.61124   -5.40982    2.24786  -0.960486
   18.0584     52.775   -38.5984    81.7423   -17.1307    1.38283    -7.5128  -0.146476   -1.21638   -2.39262   -9.12712    6.26158   0.459775   0.138681    4.79998    3.67069  -0.539512    1.60916   0.526452   -3.21391
   86.2697    49.7371    37.1489    30.3577  -0.859452   -5.78969    -1.4231    18.4544    1.27498   -4.95472   -6.30478    3.17396    2.66829   0.849081   0.123152   -1.54711      -5.86   0.315737   0.963169   -3.38186
   90.0788    28.4758   -3.06284    14.8257    23.2989   -2.20943   -19.3424    14.3477   0.607048   -14.9907   -20.3594     1.2928   -2.71896  -0.517717    2.31219    7.02128   -11.6549   -1.24556   -1.99436   -3.72039
    27.594    2.36144    38.9335     24.216   -14.8068     7.6036   -2.71137    5.11801     1.5961   -10.5494   -7.83972    7.86055    6.41565  -0.454872    3.85365    1.84232   -7.88651    1.14856     1.0047   -4.12707
   19.4129    59.8301    22.1539    52.7642   -1.72644    2.09872   -6.83196    10.1247   0.711474   -3.32696   -5.18358  -0.657154     2.4507   0.726784    3.39345   0.736742   -6.27526    0.34577  -0.319232   -4.10655
    22.288    41.6103     32.866    32.6255   -13.3998   -1.68081   -11.2852    2.34301   0.223278   -7.32554   -6.39029    3.55751    2.54593   0.474897    6.28203   0.839648   -7.03592   0.445847   0.638698   -3.67977
   14.6253   -2.35312    4.26645    16.5892     1.4117  -0.557561   -2.92842    7.26998   0.800274    5.67448  -0.550004    8.85186    4.17454  -0.571157    9.08902  -0.326129   -1.31888   -7.37734   -1.17078   -3.02538
   15.2086    14.7404   -5.41827    6.64613    4.07392   -13.7051    2.25447    4.01232   -1.20742    2.28701   -15.6201   -4.52142    5.17013   0.973274    9.76035   -7.27015   -4.29084    2.74961    1.62729   -3.40349
   88.2509    45.4042    24.5014    27.6243   -11.8145   -2.60652   -6.03613    10.7781    1.41623   -5.34184   -7.35611    4.24362    3.18003    1.14621    3.52424   0.151035   -5.76468   0.562731   0.886384   -3.38627
    122.27    22.1656   -31.2366    21.5222    14.9737     4.4378   -23.7581     10.811     1.7046     -12.27   -2.23984    2.50413    1.37815   0.421315    4.42645     1.1405   -9.44393     1.2007    1.14297   -3.19539
   19.0031    38.9702    12.8829    13.6809   -7.22703   -3.06317   -9.77699    1.75669 -0.0127033   -9.29856   -10.5028    2.97977    3.23472    1.07951    3.36218   -4.38662    -4.4126   0.490095   0.485719   -3.89254
   78.2852    45.1618    48.6043    19.3671   -5.27168   -6.04247   -6.26244    15.1881  -0.373667   -5.62164   -8.27479    4.64944     3.4658  -0.197336    4.07579  0.0437492   -5.10535   0.516343   0.877492   -3.00995
   14.3828    21.5559    2.12188    15.0327    12.2043   -9.01957   -10.6822    1.03591    1.32632   -6.64216   -23.4647    8.28742     2.5724    1.34532    5.46096   -1.50836   -5.57047 -0.0577034   0.870338   -2.71679
   43.1886    34.3603    40.1769    40.1779   -11.1249   -7.62674   -7.16585    3.28147   0.950309   -1.14875   -11.0324    7.91869     5.7253  -0.275318    6.50862    5.27831   -4.60225    2.03737    1.50066   -3.85076
   30.1617    63.9463    12.1065    70.1477    3.33213    2.89424   0.861282     5.7416  -0.561132   -5.85581   -1.52357   -2.99182    1.69501   0.112924    3.11037  -0.573157   -7.89638  -0.252436   -1.41993   -5.25555
  -1.41843    29.1491    -7.1785    13.3588   -12.8686   -14.5823   -3.69161    11.2494   0.446106   -8.03338   -9.06007    2.81879    3.72773   0.855155    6.65864 -0.0438477   -5.85233   0.688653   0.223976   -4.24644
   13.2871    38.4101    6.71865    18.2166   -14.7667   -8.69485   -5.52034    11.5952    1.42177    -6.8441   -4.97812  -0.135167    3.75716 -0.0310987    6.45229    1.27082   -5.55888   0.135295   0.766861   -3.18629
   31.6697     56.391    28.4953    33.8682   -8.41672     4.4567   -15.2303    10.1514   0.263696   -3.34402   -7.50923  -0.295072    3.55555   0.286676    6.21899    1.48188   -5.66096   0.299934  -0.163802   -3.85986
   29.6544    27.9254 -0.0684142     7.9221   -11.2364   -12.0684   -1.27561    7.34289    1.01958   -7.80539   -2.32926   -4.59437    6.90956  -0.468317   0.977566     4.6179   -4.52955   -4.02608    1.36573   -3.24352
   54.6562    57.0678    35.8694    51.0134    7.09011   -6.63457    8.73514     9.7257   0.994555    -10.381   -1.43575    3.04338    1.56732   0.803468    4.57183   -2.70694   -7.71071  -0.362534  -0.122421   -3.11441
   15.2051    25.2334     28.915    30.3557   -18.9968    2.70016   -11.0442    1.18809   0.864897   -6.34684   -9.65075     7.5233    6.40585  -0.112141    3.83898    2.51847   -7.46869    1.63157    1.70164   -4.00654
   44.3213    9.02387    47.1587    32.4397    -13.353   -6.84255   -9.86531    6.75312   -1.03408   -9.32831   -8.65692    4.14787    4.54399  -0.126614    6.89094   0.974988   -6.51134    0.71238   0.209584   -3.51774
   70.7818    5.27942    3.12164    23.2902   0.313562     2.2618   -15.3218    10.9439   0.379756  -0.549114    2.83651    11.0596    6.20955   0.102409    6.89311  0.0458405   -4.13323   -1.44752  -0.933867   -2.92116
   23.2705   -33.4345    21.1298    32.4095   -10.5137    16.8996  -0.413313    18.3881    1.95043   -6.32965   -7.29985    6.27584     3.1619   0.336499    5.28171     1.1946   -5.51266  -0.341687  -0.381009      -3.99
   131.877     31.745    17.5994    25.4102   -19.7588   -4.87547   -9.45128    8.36409    1.09245    -4.4396   -8.00342    3.57129    2.20194   0.980983    4.22602   0.755211   -5.72691   0.457866 0.00534555   -3.74915
   87.4326    9.53035    41.4683    34.0899   -19.1584   -24.0348    -18.259    4.94948  -0.668765  0.0469785   -7.30855    2.87331  -0.884614     0.6874    3.83465     1.4438   -6.95967   0.194752   -1.32855    -4.3201
    120.39    42.7715    18.5589    35.0114   -10.2321   -4.48295    2.39153    7.15591   0.634045   -8.38273    -5.1304    5.99288    2.72868   0.611387    5.33375  -0.471128   -5.77353   0.607835    0.85093    -3.1544
   67.6209    52.8712    39.7252    37.5166     2.9087   -5.85517    1.18061    16.4335   0.464503    -7.0706   -4.05799    1.92961    1.97745   0.376693    1.77261   -2.56822   -7.02429  -0.236955 -0.0908939   -3.15871
    73.528    4.99012    16.8236    23.4877   -13.2721    7.17155   0.413205    10.1314     2.0928   -2.14438    -7.3191    4.30937   -3.11841   0.805417     6.8842   -0.14618   -5.49482  0.0161906   0.930564   -4.24082
   63.5123    41.3769    15.9867    22.9949   -16.1607   -5.88283   -6.56176    11.1196    1.38712   -7.23038   -6.73002    5.06441    2.49378   0.569764    3.36841  -0.701121   -6.19607   0.278824   0.713448   -3.34463
   11.1777    54.8466    21.5261    35.8811   -9.43721  -0.240033   -8.56659    6.94636   0.915531   -9.85932   -4.42822    3.06458    1.40818   0.462631    5.88452  -0.227227   -5.79747    0.39834   0.269421   -3.13145
   21.1275    25.0643    6.25046    3.92052   -7.33289   -9.41321  -0.322669   0.654241 -0.0822942   -4.48023   -7.56025   -3.31571    4.67335   0.651816  -0.328173     -3.795   -1.69982    3.51777  -0.553015   -4.49262
   41.1392   -16.7324    38.6386    25.7657   -14.8182    5.64323   -10.0817    13.8147    1.54568    -10.545   -8.93001      3.152    4.20765    1.01623    6.16288   0.498336   -5.74421    0.55609  -0.736745   -3.72327
   19.9369    52.3827    19.4268    25.5841   -14.4937    2.05028    -15.101    9.18041    1.27148   -8.01709   -6.31888    2.69595     1.8391   0.521128    5.94353  -0.477146   -6.06603   0.188547   0.478318   -2.63047
   31.9054    48.3151     22.087    17.7745   -15.1164   -1.69934   -13.2312     11.202   0.908145   -11.6285   -5.85163    5.45901   0.435183    1.06759    4.66138  0.0624669   -3.60564   0.958548    1.25501   -2.75336
     18.24    16.1353    25.7158    17.9804   -24.1829  -0.673411     -1.187    2.40926   -0.28064   -1.23568   -9.17546    10.3875    5.24218  0.0104073    1.73084  -0.685671   -17.2466  0.0623387    3.27712   -2.30565
   132.063    26.7214   -19.7207    23.3841    2.70837    3.46663   -18.5485    9.41807    1.26891   -10.3699   -2.65983    3.09881    2.03156   0.379728    4.95076   0.626939    -8.0644   0.984356   0.920248    -3.2654
   3.30037  -0.255494    3.66537    2.84898    2.25105   -1.27039   -1.80755   -5.22541   -1.75596   0.371982   -0.40757    8.15568    2.21766    2.02864   -5.59371    1.32564   -4.25071   -1.91475   -2.28043   -0.70331
   73.2152   -6.69604    43.9978    33.2477   -17.8267   -14.5099   -20.6097    15.5676   0.725001   -5.61818   -11.3089   -3.53678  -0.895779   0.704987    1.17076  -0.607189   -4.69398  -0.836857    1.43321   -2.89117
   69.4702   -5.02047    15.0795    38.1813    7.27078   -20.9837   -30.0462    9.19041   0.440735   -1.10681    9.06381    5.99854    2.60574    0.65326    3.50258   -1.91212   -6.08412    3.08068    2.89725   -3.59681
    62.362   -42.8274     19.499    69.2342   -21.2946   -11.4294    -12.225    6.65068    1.76561   -17.6893   -8.88876   -7.64777   -1.70575   0.818783    3.73389   -3.18917     -4.804   -1.88535    2.40588   -1.78364
   49.9513     8.5857    35.8292    16.6548    -11.987  -0.297462   -5.38992    7.01947  0.0864429    -5.4927   -7.30084    4.67916    2.26516   0.922221    2.94647   0.470648   -6.33985   0.662752    0.99278   -2.91204
    98.337    44.7338    34.0126    36.8593   -3.00495   -9.79171    6.10396    9.59999    1.46833   -8.17784   -5.67193    7.45268    2.79883    1.11694    4.37237   -0.33727   -5.48539   0.750223    1.61197   -3.04013
   29.4706    6.88416   -23.9502    56.5292    6.33966   -6.76041   -2.75728    1.62034  -0.668342   0.852839   -21.3781    15.7744    9.06325   0.627107     7.7831   -4.51936    7.11184  -0.488592  -0.623894   -2.11473
   42.0235   -27.5818    18.8038    46.2412   -4.13996   -3.41284    -15.092    13.0921    1.37941   -8.14322   -3.43954     5.1918    7.07406   0.119152    4.91027  -0.935305    -4.3491   0.314617   0.204507   -3.03389
   53.9551    -56.885   -4.28325    82.1971   -17.7618    11.8425    3.77798    12.4215    3.46317   -26.2509   -10.6854   -1.24448     14.275   0.156707     2.8581   -2.38613   -4.25928    2.12837    2.03018   -2.23282
   33.1935     32.986    10.4775     14.317    10.8611   -5.51951   -11.5002    4.64687   0.887173   -13.3734   -15.8209    4.36244   0.555328   0.447268    2.84242    3.18645    -6.0677 -0.0918089  -0.135583   -3.95317
   7.55927    32.2886    2.86251    14.6445   -22.4774   -13.5371    -4.4226    12.4633    1.32561   -12.4529   -3.12083    4.83744    2.13506   0.409415    3.14719    2.15876   -6.22094    1.27501  -0.179258   -4.84659
   46.2596    22.0256    15.9042    45.1169    14.3772    -12.111   -9.97119    7.34827    1.42608   -6.27974  -0.904939    7.76331     3.8392   0.422313    5.37398  -0.325681   -6.45425    1.32949  0.0672957   -3.20086
   19.3122    33.9145    23.7031    24.2036   -20.2328   -8.16711   -11.7345    3.85027   0.297594   -10.2363   -5.50015    5.62084   0.748393   0.857994    3.08644   0.673768   -5.81506    1.07164   0.599057    -3.4523
   8.17287    47.2028    5.53777     34.152   -17.5611   -6.20232   -10.3345    11.7563    1.15779    -7.9913   -6.88245    6.65708   0.696719    1.01039    4.85673   0.557181   -4.99005   0.975352   0.824192   -2.87803
   20.1558    45.0445    12.5996    19.5357   -18.8349   -6.08123   -10.8671    12.2354    2.46561   -11.9862    -5.2716    6.85208   0.140445   0.129765    4.70938   0.102638   -4.30859    0.86294    0.99966   -2.94247
   14.2155   -5.37906    22.5983    15.2107   -15.2153    12.8054    3.92822    5.15615    2.19111   -2.72575   -5.13493    5.77461   -3.59806  -0.988602   -0.13216    1.98712    -10.025   0.875143     3.9673   -2.30818
   121.673    38.3557    10.9135    26.7273   -17.7715    -1.1826   -6.02319     7.7083   0.655022   -6.01198   -7.14138    4.39237    3.05927   0.406764      4.956   0.279469   -6.05755   0.501349   0.412373   -3.33176
    92.798    26.5568    8.40727    36.9968    15.1138   -12.3578    -7.0693    7.03317     1.2168   -12.6217   -7.44071    6.14522  -0.929049   0.789208    4.81441    2.83657   -9.46049   0.148833  0.0785656    -3.4564
   32.3345    54.2914    30.8664    21.0091   -10.3393     4.6721   -14.9223    8.04366   0.808284   -9.71612   -5.46136    1.18522    2.13053   0.698715    7.00585   -0.53852   -5.43506  0.0501215   0.393817   -3.18846
   116.658    37.1381    35.3229    9.71337   -15.3379   -3.64072   -15.0839    18.7056   0.272224   -1.08418   -10.7488    3.04441    3.38475 -0.0220744    0.87187   0.832796   -4.39357   0.777696   0.634149   -3.35543
   110.493    25.8775    27.3633    29.0878   -17.7459   -11.4224   -11.3798    7.02446   0.126941   -3.29537   -8.15993    4.00869    1.37499   0.230578    4.32083    1.32068   -5.97014   0.536391  -0.298839   -3.68471
   138.389    32.5139   -4.68319    25.0711   -10.5196    1.50218   -10.9486    7.33971   0.844588   -8.30468   -5.50666     3.6345    2.46335   0.490286    5.48299   0.362408   -6.67934   0.695549   0.422302    -3.3495
   51.9236    34.0894    52.9983     26.798   -8.52066   -9.82704   -7.80648    3.64846    2.96229   -9.03452   -5.64041    4.02975    2.10835  -0.567091    8.19538  0.0283882   -6.54465   0.142871  -0.588764   -3.00347
   73.0624    33.6435    6.25925    16.8121   -18.0417   -7.25586   -2.29987    6.81723   0.186673   -5.65448   -4.33393   -1.70977    5.37841  0.0233948    3.43579    1.59333   -5.56478   -2.01945   0.834837   -3.65524
   63.5789    49.8701    33.5994    28.0357   -7.65199   -2.00535   -8.00562     12.508    1.08678   -4.57938   -7.61908     2.8186    3.24335   0.466222    3.65063   0.225919   -5.73956   0.596556   0.672019    -3.1078
   86.3817    26.3479   -10.1416    14.9755     3.1093   -2.81538   -11.0197    6.45818    1.19439   -8.43002   -10.3146    1.34517    2.63331   0.738657    3.95777   -1.31025   -6.19432    1.93813   0.246188   -4.09578
   -5.4403     50.044   -5.87296    43.3253   -21.6966  -0.388546   -18.4264    10.7686  -0.211625    0.40532   -10.8991    4.51794    2.31971    1.01757    1.94212   -1.83865   -8.89077  -0.064352   0.859752   -2.31593
  -3.90071    30.0006   -13.3654    14.9631   -24.0734    -24.197   -1.17374    24.5712    2.96383    -11.846   -3.64197    4.65458    3.12517  0.0603874     9.0679    4.71192   -8.23618    4.26245   -2.41002   -6.45755
   1.58493    36.3477    9.17573    26.8916   -23.0746   -1.70808   -12.8471    5.57165    1.24786   -5.75656    -8.2979    6.50445    2.98804   0.418961    2.16806   -1.92852   -10.4532  0.0473777   0.863606   -3.12917
   48.9491    56.9953    35.1692    34.9826  -0.852053   0.637602   -8.38833    16.0491   0.829318   -3.83134    -6.2297  -0.559602     3.0756   0.727623    2.60906  -0.533848   -6.40587 -0.0405641  -0.246778   -3.88734
   11.3799    18.1801    19.1656    16.0412   -13.5706    0.61562   -3.23938   -1.47175    -1.3078   -6.68533   -3.96797    3.71211    2.98565    2.87075    -3.9772    2.25693   -6.37416    2.09404   -2.44888   -1.32969
  -6.52199    39.4913   -11.2102    27.8128   -23.9856   -12.2493   -10.8551    17.1554    1.50117   -5.54385   -9.23437    7.07472     1.9849    1.03696    4.23141   -3.11415   -9.08855   0.486258  -0.567273   -3.55961
   117.225    8.94513     19.723     45.378    -21.019   -23.0195   -14.0352   -4.68628  -0.951962   -4.34424   -4.72204    3.12191   -3.16244   0.537543    7.53346    1.37738   -8.36696  -0.392422   -2.56673   -4.39988
   65.9564   -23.7945     32.637     52.367   -15.2906   -22.5944   -21.3892    7.00565   0.630878   -6.65459     -5.492   -2.01237   -1.34468   0.974224    2.95537   -1.38849   -5.33673  -0.327704     1.2812   -3.12269
   80.6295    47.4733    40.8425    42.1986    3.18929   -12.3721    11.2119    8.91356   -1.38776   -9.89931   -5.35539    8.98102    2.56956  -0.693113    5.11385  -0.355712   -5.57486   0.857639    1.61157   -2.53619
   42.6805     -32.32    34.2849    39.2392   -16.3823    5.87493    -11.139     21.604    1.69048   -12.2551    -12.501   0.273708    8.30231   0.304467    2.48393   0.110308   -5.24903    1.69485    0.54053   -3.36123
   25.7987   -12.5612    17.6409    22.6146    7.67873  -0.941898   -20.9334    9.42973   -0.97368 -0.0734521    10.2273     16.216    10.6612   0.195367    7.40337  -0.335147   -6.34836    1.29984   0.494443   -3.85955
   44.7366    29.2038    10.1953    26.3103    38.2225   -11.4317   -10.4611    8.74226    1.94372   -16.9372   -24.8274    6.66698   -2.99585   0.903944    4.66304    10.6593    -11.297  -0.819855  -0.507102   -3.40212
   52.7788     49.491    42.6542    13.1223    -8.3075    2.30678   -11.6367    5.74555    1.53389   -11.2412   -4.32879    1.53986    2.58814  -0.219874    4.95565  -0.896768    -5.5586   0.331474   0.634041   -3.87813