    34.4658     48.8802     45.4463     27.3589     8.87969     28.1773     7.52682    -2.02658    -0.24562    -6.11585     13.1052     18.0681     2.22345      3.5468    -8.81649    0.411512    -4.81711    -1.96196    -6.28747    -5.40859
    61.5415     57.4866     35.1697     60.7274   -0.601016     9.22736     0.73833    0.201905   -0.225005    -3.73446      12.661      19.307     2.35786     2.46316     -10.703    0.509166    -3.82632    -2.28674    -6.91549    -5.92783
    118.116       41.66     37.1046     34.1269     9.72072     17.4212     2.48763     2.08068   0.0362061    -6.37165     10.9502     19.0778     2.36816     1.63296    -10.5312  -0.0705858    -4.17662     -2.2702    -6.80941    -6.09727
    7.68711     2.96538      10.696     16.2465    0.792069     8.54558     1.09819    -4.23133  -0.0350489    -6.44674     1.25025     13.2312     1.59026    -1.47055    -8.31327     3.24436    -1.59237   -0.645685    -2.54459    -3.39741
    88.7394       40.73     31.1178     27.5806     13.7377     20.2644     2.66158     1.15899    0.160928    -5.82063     12.2398      18.394     2.21622     2.13992     -10.283    0.575345    -4.22544     -2.2761    -6.96148    -6.10476
    55.8924     42.0325     38.5308     32.2105     11.0923      24.186     2.27181    0.880149    0.102666    -6.76731     11.0087     18.4922     2.22106     2.09332    -10.3594    0.198082    -4.60549    -2.26045    -6.80855     -5.9651
    30.3307     31.7804     22.7221     12.9012     12.7613     11.5093    -6.72917     3.17697    0.220084    -2.84974     15.8823     15.6294     2.09971   -0.358339    -7.37127  -0.0230359    -6.43196    -2.43428    -7.04248     -6.0957
      67.36     17.6551      51.445     40.3906      8.9053     22.5115    -4.88354    0.481922   -0.237247     -6.9271     10.3473     18.5667     2.39982     2.84136    -10.3678     0.88753     -4.8993    -2.21877    -6.77571    -5.98063
    71.8413     43.6532     53.0741     36.2222     1.65694     21.0535     2.67636     5.24605   -0.018075    -4.32751     12.2519     17.2094     2.31276     1.14589    -10.9813    0.666909    -3.60289    -2.31523    -6.84007    -6.36268
   -5.94152     53.0906     6.77074     26.9215     24.6648     28.2454    0.601039     5.01416    0.411653    -7.30234     10.6345      19.678     2.53605     2.76694     -12.199     1.08797    -3.10411      -2.014    -6.80803     -5.5208
    27.4011     23.5506     14.4785     16.6312     -7.1552     18.0313    -6.87259   -0.653809   -0.685679    -12.1463     8.25958     19.0576     1.72152     2.42015    -6.85843    0.101874     1.04601    -2.30453     -6.4542    -6.95477
   0.295458      35.849     8.02659     14.6183     19.9256     14.0422    -9.23386     10.3888     1.02559    -2.52369     15.7855     19.3916     2.31613     3.74184    -9.37888    0.523403    -5.56976    -2.08281     -6.4557    -6.29061
     147.29     41.7311     23.1463     27.4419     16.8257      19.804     5.59573   -0.984477   -0.326436    -6.55666     12.5142     18.2778     2.26513     2.39411    -9.86711    0.849851    -4.16597    -2.14785    -6.42962    -6.04142
    89.3222     4.99724     46.3707     36.8266     13.7354      30.747    -5.70686     2.17613  0.00747938    -6.54401      12.005     15.5732     2.17028      1.9859    -10.6612     1.71121    -4.42578    -2.22107    -6.40795     -6.6058
    63.3683     -12.534     37.9016     40.4006     11.9568     29.0644     2.57313     2.24726   0.0853081    -6.71572     16.0503     18.2961     2.32305     1.44323    -9.90849   -0.144738    -3.60545    -2.06072    -6.59108    -5.75438
    39.3773    -6.72093     16.1626     26.4384    -8.43117     28.1295   0.0453359    -5.61887    -1.17247      5.4801     5.26774     21.0848     2.74393     2.43328    -10.0342     1.72387    -4.66288    -2.13654    -5.95232    -6.92596
    132.826     38.1916     29.7297     30.0496     14.7191     20.4492     3.21662    0.429829   -0.141987    -6.59172     11.8003     18.1405     2.26769     2.08813    -10.1876    0.780436    -4.22784    -2.20829    -6.56461    -6.15695
    126.704     38.8801    -9.19358     13.2481    -12.5019     30.8307     4.89565    -4.17219   -0.783525    -1.51459     13.8773     18.6517     2.44526     2.00595    -11.7584    0.365526    -5.09262    -2.34315    -7.70393    -5.54668
    22.8863     63.2221     26.2945     51.4059     6.98485     24.1306     6.19559    0.511433    0.030844    -5.35134     12.0768     16.5617     2.12815     1.16477    -10.0507     0.99131    -4.32258    -2.36688    -6.70995    -6.48826
     22.661     -25.678     12.4999     30.8573     6.39391     8.16042     25.4523      5.7635     1.15646    -6.47955     5.25621     11.9028     1.76528     8.10404    -12.1949   -0.712146     -5.5068    -2.43612    -7.12096    -6.94651
    99.4793     27.5988     54.2683     25.5848     8.07705     25.2405    0.425587     4.39221    0.893834      -6.015     11.1388      17.272     1.99631     1.33853    -10.8243    0.612307    -4.13162    -2.33881    -6.67245    -6.40297
    7.27771      75.548    -7.49075     54.4285     22.7239     34.7983     9.43645    -1.11868 -0.00101721    -10.4075     6.99672     16.2338     2.12625    -1.32091    -9.16444   -0.722189    -5.90374     -2.6003     -6.6066    -7.30343
    43.8731    -31.1373     16.8793     47.5343      9.1975     24.8423     15.5427      6.6016    0.286192    -6.34289     16.8591     21.3076     2.26401    0.119605     -9.6512      0.3367    -3.75704    -2.22727    -6.44484    -5.87986
    37.9225     15.4932     45.0295     37.4864     11.8945     19.7222   -0.829804    -5.40058   -0.672704    -7.24607     11.9323     19.5563     2.52746     2.91736    -9.96275      1.1045    -4.91856    -2.27986    -7.10898     -5.8031
    105.326     4.82921     20.1795     58.0068     21.0372     25.9054    -11.5629    -4.98557    -0.39922    -7.05798     12.6295     15.8051     2.03923     3.80289    -10.1384     1.95029    -4.85703    -2.15598    -6.21089    -6.33261
    94.5584     43.2439      44.699     42.2343     4.09881      14.694     0.27895     3.42121     0.20511    -5.72607     10.4101     19.5251     2.44986       1.401    -10.9384   -0.444317    -4.12808    -2.31313    -7.01923    -6.09973
    16.0705     9.04902     28.0706     28.5353     16.4594     12.8701     7.23978    -4.27028   -0.558886    -7.83132     9.79442     17.2323     2.29482   -0.348439    -11.9189     2.05402    -4.90204    -2.53532    -7.82092    -5.55977
     59.344     33.4422     57.5229     22.7831     7.93415     21.2011     3.00264    -4.49166     -0.3152    -5.56434     13.4617      18.438     2.06857     3.09584    -9.98163    0.532529    -4.24355    -2.20428    -6.79994    -5.98392
    35.0187     83.2232    0.799864     79.8652    -2.39957     9.56253     7.62295    -6.14023    -1.32701    0.152022     20.3075     14.9157     1.96112     4.27151    -9.89621     4.92922    -2.81001    -2.06509      -6.126    -6.22821
    81.9239    -19.4928    -2.00874     76.3876     19.4064      27.446    -7.47537    -4.85115   -0.551583    -6.86812     20.4431     16.0699     2.04176     2.30638    -10.2889    -3.65988    -2.17198    -2.17464    -6.80213    -5.23107
    14.4264      39.279     27.7374     16.1728     18.6914     16.6762    -1.89281    -2.66172   -0.932242    -5.03619      14.662     18.5085     2.32695     1.47317    -12.7006    0.643061    -3.35478    -2.44615    -6.53816     -6.9296
     48.072     33.9436     14.9689     26.6645    -26.8498     23.9346    -6.46133     1.19763    0.145396    -19.6889     14.4323     18.2594     2.46094     2.64964     -12.054     1.18787    -6.23249    -2.31342     -6.9981    -6.09692
    115.901     22.3941     35.9196     33.4354     14.7474      25.846    -1.52506     1.01238   -0.084499    -6.48288     11.6604     16.6481     2.20248     2.09537    -10.4414     1.64128    -4.45817    -2.20934    -6.43084    -6.49277
    131.579     39.1337     9.27024     22.0095     1.84743     24.9777     4.14572    -2.17828   -0.413039    -4.23172     12.6965     18.5774     2.34933      2.1472    -10.8008    0.543592    -4.61164    -2.26464    -7.08679     -5.8411
    15.9683     49.4265     28.6657      33.719     15.2979     25.8351     3.70542   -0.881976   -0.188286    -7.18898     11.1223     18.9762     2.40381     2.52694    -10.3379    0.229526    -4.69013    -2.15003    -6.87822     -5.8748
     87.068     17.2835     11.5788     30.1144    -8.14759     32.4272    -3.36585    -2.71716   -0.157627     5.61604     7.97429     19.8082     2.44893     1.42719    -11.6421   -0.383232    -4.82578    -2.48706    -7.73837    -5.85855
    45.2445     49.9783      48.543     36.3413     2.75415     24.9922      5.9109     3.02404    0.136812     -3.9871     13.5214     16.2582     1.99097     1.76307    -10.1744     1.32792    -3.76897    -2.24591    -6.61735    -6.13714
    89.0354     36.5039     8.09472     16.8865    -11.5942     24.2749    -1.34331    0.633987   -0.145523    -12.4931     15.5989     16.8554     2.23064     2.39009     -10.479     1.64875    -4.94877    -2.33688    -7.10913    -6.24653
      31.39     39.0424     42.0076     21.7497     14.2902     21.3825     2.47433    -6.17366    -1.08496    -6.18035     13.4431     18.7735     2.42168     2.57804     -11.339     0.30003    -4.09305    -2.34381    -6.67515    -6.70937
    43.3103    -16.1664     34.5971     30.2722     9.55396     16.0904     14.7196    -1.29893    -0.32428    -6.98055     14.0911      19.333      2.5898     2.07709    -10.3347    0.963621    -4.60435    -2.39746    -6.97397    -6.61642