   116.795    24.9165   -17.6016    21.9231    5.57896    1.04155   -17.5948     8.8871     1.1408   -9.96755   -4.40673    2.86337    1.92064   0.390331    4.75083   0.464715   -8.03081    1.18309   0.677266   -3.39714    1.71782    5.60284   -3.61528   -3.90334    1.81894  -0.596354  -0.318826    2.44512  -0.471503  -0.178825    37.1099   -35.5377    9.33813
   12.2346    56.2331    13.0247    49.5086   -9.24772    2.90709   -11.9828    7.57424   0.573924   -2.63317   -7.06236   0.773334    2.63275   0.560694    3.96044    1.21508   -6.29272   0.451485    0.15792   -3.83506     1.1766    5.09269   -3.80516   -3.53681    1.61473  -0.659402  -0.149761    2.48729   -0.52477  -0.147003    37.1099   -35.5377    9.33813
   111.953    33.9334    20.4477    24.2438   -15.6793   -5.53542    -8.3188    9.69767   0.503214   -4.53652    -7.8023    3.88288    2.74149   0.413184    3.93153   0.757993    -5.7264   0.446728   0.326135   -3.41735    1.02599     4.8676   -4.18264   -3.42526    1.48442  -0.644675  -0.287824    2.39173  -0.745007  -0.168701    37.1099   -35.5377    9.33813
    58.517   -43.7588    15.6165    68.8496   -18.6965   -5.94877   -9.42676    9.27592    1.99119   -18.1968    -9.2616   -4.94618    2.89802   0.504145    3.24455   -2.64469   -4.58375  -0.667976    2.01649   -2.04075    0.53926    6.05953   -2.52601   -3.61857    1.64942  -0.607945   -1.60699    1.87816  -0.786742  -0.153785    37.1099   -35.5377    9.33813
    32.956    52.1489    31.3721    25.8461    -9.5248    2.07873   -12.6083    7.66289   0.561663   -8.28184   -5.79046    1.69329    2.43548   0.627896    6.17965 -0.0237411   -5.76415   0.251154   0.312218   -3.37015    1.15247    4.91404   -3.35405   -3.60195    1.46298  -0.615812  -0.347527    2.41196  -0.762518  -0.167807    37.1099   -35.5377    9.33813
   21.6774    45.0894    15.7975    22.5679   -15.9041   -4.55896   -10.9585    9.71732     1.3142    -9.9523   -6.05571    5.04987      1.118    0.59874    4.62573   0.032135   -5.00593   0.720948   0.856559   -2.95301    1.37895    4.75387   -4.25851   -3.37222    1.83502  -0.689095  -0.377539    2.38201  -0.706905  -0.152433    37.1099   -35.5377    9.33813
   61.5143    27.3425    6.98405    22.0791    17.2595   -8.69457   -11.0499    8.47062    1.51305   -11.4852   -14.8723    4.27258   0.117666   0.634364    3.42588    3.36161   -8.04552   0.157908 -0.0727484    -3.6316    1.80904    4.62824   -4.09843   -3.07888    2.19827  -0.655693  -0.431147    2.29414  -0.677794  -0.150932    37.1099   -35.5377    9.33813
   47.9536    21.7983    45.6133    28.2708    -11.699   -8.12758   -9.02997    4.45641   0.712549   -7.43086   -7.43983    4.66223    3.27695    0.14828    6.51646    1.24776   -6.39853   0.744532   0.162754   -3.40995    1.72841    5.10323    -3.2635   -3.48522    1.35548  -0.614903  -0.203893    2.61296  -0.557455  -0.212435    37.1099   -35.5377    9.33813
   16.9576    22.2268    26.5882    24.2262   -16.8239 -0.0293895   -8.20698    1.13655   0.567126   -6.79386   -7.77404    7.15984    4.47632   0.341331    2.22142    1.25643   -8.52434   0.919937    1.02149   -3.37845    1.35849    5.49218   -4.05342   -3.59805    1.88578  -0.713998  -0.316998    2.47946  -0.754819  -0.193532    37.1099   -35.5377    9.33813
 0.0805417    35.9149   -4.59471    21.8633   -21.2062   -12.6532   -7.09288    14.6432    1.27471   -7.98036    -6.6619    4.87705    2.66969   0.626768    5.07851   0.238084   -7.50109   0.961623  -0.160803   -4.06089   0.739792    5.26757   -3.46058   -3.50079    1.20939   -0.74068  -0.481134    2.38014  -0.654837  -0.156313    37.1099   -35.5377    9.33813
   143.907    36.4407    5.41023    25.7862   -18.9785   0.427509   -6.88883    6.74019     0.6935   -6.95853   -6.92129    3.79555    2.63485   0.554757    5.45564   0.311166   -5.90162   0.443966   0.108526   -3.44322    1.13658    4.72841    -3.5462   -3.48072    1.40542  -0.662744  -0.307306    2.45374   -0.60981  -0.160467    37.1099   -35.5377    9.33813
   19.5172    21.3738  -0.126652    8.42274   -3.06893   -11.3016   -1.55522    4.34812  0.0810098   -3.93311   -9.48585   -1.78583    5.39064   0.488992     4.3758   -1.16215   -4.27514  -0.425717   0.780265   -3.22375    1.76956    4.98418   -4.09099   -3.99005    1.69868  -0.630864 -0.0313179    2.44268  -0.577499  -0.170779    37.1099   -35.5377    9.33813
   75.4966     41.853     31.023    18.3138    -11.444   -3.58682   -8.39648    11.5036    1.38207   -5.82885   -7.08104    2.83206    3.35629   0.734165    3.70209    0.14863   -5.49992   0.313775   0.755867   -3.30725     1.1867    5.23952   -3.91338   -3.70724     1.4408  -0.634458  -0.576641    2.31279  -0.611455  -0.168029    37.1099   -35.5377    9.33813
   35.6752   -21.5553     32.034    28.6059   -12.8377    8.68225   -7.09406    15.3218    1.30763   -8.83944   -8.07735    4.20303    4.22354   0.812605    5.26613   0.734376   -5.83434   0.806424  -0.398779   -3.90253    1.56764    4.25773   -4.56095   -4.09746    1.68001  -0.622263   0.288103    2.09442  -0.447597  -0.129945    37.1099   -35.5377    9.33813
   83.2915    5.81271    41.8075    33.0106   -17.8448   -19.0314   -17.9946    8.37414   0.224845   -2.71027   -8.59855    1.25371  -0.363619   0.680772    3.52437   0.836148   -6.03275 -0.0113214  -0.281577   -3.69418   0.817086    4.18984   -3.99503   -3.03077    2.02869  -0.714341   0.320124    2.65534  -0.805119  -0.149768    37.1099   -35.5377    9.33813
   15.6413    45.8611   -36.2291    70.0325   -18.7997   -6.64081   -5.27621    7.97399  -0.183681   -4.21594   -9.43126    9.40494  0.0273033   0.446467    4.08953    1.92026   -1.41762    1.01164   0.427474   -2.92756   0.463941        3.6   -4.21963   -3.85835    1.50256  -0.455283   0.608203    2.70221  -0.672107  -0.177916    37.1099   -35.5377    9.33813
   17.8069   -11.4154    16.7057    14.1317   -6.26337     9.4486    1.08445    7.50737   0.114838    1.59248   -1.44491    5.97362   -4.55475    0.45283    4.64525     1.3156   -5.99821   0.286827   0.123711   -3.44131   0.847368    4.74967   -3.43042   -2.54531    1.05675  -0.639295  -0.641337    2.58847  -0.710576 -0.0722947    37.1099   -35.5377    9.33813
   59.5903    1.30445    12.9387    32.8799    7.57034   -11.5703   -22.4079    9.20641   0.699233   -2.81624    4.40584    8.23336    5.23819    0.29318    4.97824  -0.766135   -5.26035    1.84981    1.26944   -3.44347    1.34781    5.43324   -4.39308   -4.02993   0.949626  -0.589495  -0.579793    2.44205  -0.785638  -0.124323    37.1099   -35.5377    9.33813
   59.6974    53.9809    37.5811    37.6895    1.37737   -4.01852   -1.18151    14.5425   0.887131   -6.31998   -4.74977    1.78478    2.48417   0.623972    2.61416   -1.51471   -6.72192 0.00206554    0.12378   -3.39216   0.896977    4.45793   -3.99852   -3.18846    1.45081   -0.65247  -0.115353    2.48858  -0.611246  -0.127069    37.1099   -35.5377    9.33813
   93.9557    42.8688    35.6554    34.3385   -3.69917   -9.86887     2.6795    10.7209   0.980356   -6.87817   -6.52188    6.98627    2.78553   0.770662    3.85762  0.0640145   -5.45704   0.791133    1.44452   -3.11713    1.39333    5.56744   -4.40981   -4.12556    1.40413  -0.729147  -0.787358    1.94987  -0.856397  -0.106599    37.1099   -35.5377    9.33813