    2.66619     0.23676   0.0414343   0.0971891     2.99938     78.9895     12.9025    0.440067   0.0603092     0.17044     1.39618   0.0789268    0.244118    0.927765     5.37499     22.2367     42.3827     21.9638     5.47232     1.03358    0.231861   0.0533231   0.0549719    0.232112    0.836953     4.71903     32.8798     47.9539     11.1611      1.7177     0.35769   0.0797423  0.00701621
    3.37192    0.174925      2.6734     8.11589     15.6798     59.5702    0.315711   0.0935534    0.686076      1.4575     7.86103     0.20621     1.87633      3.5712     5.59626     11.2224     55.2306     11.2917     5.51413     3.51723     1.79933    0.174622    0.023442    0.161876    0.152133    0.255121     2.58928      55.627     17.8446     9.95579     7.57697     5.20417    0.609585
    0.33731   0.0215622   0.0221915    0.432272     19.2418     78.1803     0.92367   0.0430124   0.0117247   0.0391214    0.747056   0.0552161    0.173209    0.785362     4.40208     21.5333     46.3931     21.3826     4.33763    0.768706    0.151309   0.0174132  0.00210627   0.0246279   0.0998859    0.477164     5.58876     50.4897     36.4156     6.09959    0.697068   0.0986147  0.00692292
   0.168783   0.0237973   0.0409343     1.47511     33.9613     62.8385    0.616319   0.0454616    0.011846   0.0870318    0.730942   0.0236525    0.163435     1.29773     8.45478     23.0261     34.2402     22.8918     8.42639     1.29167    0.167213   0.0171041  0.00520416   0.0355168    0.101124    0.376486      2.9861     40.3315     39.7693     14.5486     1.65909    0.173358   0.0137597
    0.99344   0.0276848   0.0218864    0.233524     4.95746     90.9545     1.49929   0.0324601  0.00883409   0.0458025     1.22516  0.00820573   0.0466387     0.24177     1.50611     15.5023     65.4792     15.4328     1.49847    0.234151    0.044061  0.00630007  0.00549122   0.0143331   0.0911761    0.629169     9.27326     69.0109     18.9052     1.58635    0.375425    0.100719  0.00800712
    10.2893    0.794369    0.444365     1.67546     9.47337     40.0168      2.2677    0.227418    0.766843     3.86933     30.1751    0.230155    0.665932      1.8159     5.63373     19.4399     44.9176     19.3837     5.47256     1.66242    0.605327    0.172752     0.04003    0.237847    0.574838     1.90734     10.2874     39.7788     31.3398     10.3017     3.71475      1.6064    0.211119
   0.228923    0.133898   0.0532418     4.49958      64.416     28.4452    0.616377   0.0554345   0.0902505    0.510524    0.950528   0.0465634    0.182762    0.738594      3.4095     17.2317     56.9987     16.8037     3.60051    0.764404    0.184589   0.0389047  0.00165946   0.0328816    0.170775     0.55826     1.44825     9.80213     45.4968     36.5604     5.53757    0.384207  0.00703869
    15.9698   0.0846661    0.121158    0.343566      1.1176      61.345    0.546622    0.039114   0.0682861    0.384177     19.9799   0.0100534   0.0749975    0.162576    0.494486     5.02878      88.312     5.14204    0.529705    0.163319   0.0737847  0.00826146  0.00140663   0.0125406   0.0827548    0.406005     4.62443     86.1425     6.69639     1.05912    0.537316    0.374288   0.0632814
    4.24209    0.743762   0.0485902   0.0648042     1.79009      54.332     34.9099     2.11333    0.080929    0.372969     1.30154   0.0806812    0.390279      2.5006     9.53849     21.3865     34.6198     20.1093     8.59808     2.29682    0.392428   0.0870244   0.0296661    0.395659     2.94209     16.9698     41.4879      30.309     6.28386     1.13966    0.332578    0.100057  0.00970113
   0.764936    0.307904     2.10355     19.5391     46.3147     24.3741     1.08234    0.148478    0.570777     2.00357     2.79048    0.218329     1.49834     4.90499     10.3633     18.5609     29.1452     18.5533     10.3517     4.80839     1.38834    0.207277   0.0292307    0.169814    0.434643     1.06168     2.45858     9.21388     29.1638      29.815     19.6575     7.50571    0.490196
    0.27365    0.119951    0.327568     5.19013     45.5265     45.6413     1.49996    0.100395   0.0985181    0.250326    0.971691    0.105867    0.461674     2.25106     8.40016     21.0213     35.8846     20.8193     8.40137     2.17741     0.41497   0.0623435   0.0141152   0.0910171      0.2588    0.952177     3.91444       21.25     42.2587     23.9175      6.1441     1.10591   0.0932361
    2.52643    0.349721     6.55755     16.7813     23.8805     37.1114     1.17688    0.313886     1.41971     2.74798     7.13461    0.955812     4.88909     7.41107     9.76981     14.6792      25.088     14.7061     9.69231     7.22572     4.68045    0.902312     0.08952    0.276737    0.387939     1.09375     4.56329     24.8654     24.2725     16.5927     14.3198     11.5754     1.96296
   0.705767    0.107587  0.00508416    0.123321      39.224     57.2785    0.474759   0.0193723  0.00298504   0.0666502     1.99199   0.0367007   0.0442695     0.13495     1.09442     13.2711     70.8585     13.2387     1.08934    0.176834   0.0395644   0.0156587 0.000464753   0.0110739   0.0861772    0.379352     2.35557     25.1699     64.2077     7.58321    0.194215   0.0108704  0.00145536
    15.1404     6.63326     1.61916     2.14983     8.44399     28.5078     11.1109     2.53316     1.86192     6.96812     15.0315      3.1936     4.12056     6.51403      10.125     15.2909     22.1001     15.5489     10.2001     6.72863     3.93881     2.23936    0.309587     2.28934     6.15516     12.5288     21.4104     18.4188     18.8747     11.3194     6.03103     2.36381    0.298887
     1.3003    0.370632    0.269364     1.73367     17.6388     63.0731     12.9148    0.834345    0.157946    0.431441     1.27555    0.480236     1.55451     4.84317     11.0609     18.9303     26.7357     18.7671     10.7855     4.87717     1.55862    0.406872   0.0718829    0.527575     1.73053     7.07884     23.9833      27.504     25.1549     9.77424     3.08627     0.93163    0.156843
   0.544512     0.12207    0.685794     9.91122     33.6814     51.1877     1.31959   0.0777014    0.205741    0.718691     1.54561     0.22599     2.32684     6.98652      11.713     16.9201     24.1906     16.6576     11.5253     6.92709     2.32689    0.199984   0.0067124   0.0860139    0.235767    0.790565     4.71137      30.987     31.0183     19.0759     10.3248     2.64082    0.122873
   0.936601    0.621271    0.926319      7.3668     25.2639     40.6407      17.677     3.83422    0.567694    0.756216     1.40927     2.44726     4.85537     7.60399     10.7373     14.8281     19.1195     14.7341     10.7863     7.75563     4.88054      2.2519    0.277559     2.07468     6.02699     11.7804     16.5783     12.4542     20.8576     16.6059     9.46488     3.38181    0.497695
    3.76649    0.114505  0.00654704   0.0299741     0.47623     75.3199     18.2745    0.132718  0.00536358   0.0693918     1.80439  0.00175027   0.0115164    0.065364    0.661695     8.85964     80.8664     8.84246     0.63289   0.0499523   0.0074724 0.000881371  0.00193623   0.0375904    0.187187     2.42397     52.3153     41.4671     3.11406    0.361985   0.0580747   0.0290026  0.00381857
    2.92767     1.43971    0.432235    0.431008     3.14741     37.9327     37.0898     13.2502     1.37742    0.691198     1.28068    0.749356      2.7884     6.43338     10.9227     16.5744     24.7781     16.4773     10.9451      6.6461     2.89511    0.790121    0.812261     5.96214     14.1083     21.6991      29.173     17.6678      6.0737     2.56419     1.29113    0.561827   0.0864602
   0.795825  0.00269445   0.0112247   0.0636954     0.64806     97.3063    0.324759  0.00417958  0.00408194   0.0154777    0.823659 0.000582207  0.00869804   0.0272881    0.148264     3.60062     92.4493     3.57623    0.151993   0.0280263  0.00862322  0.00042958  0.00018424  0.00159841   0.0115066    0.120456     3.09665     92.0065     4.31749    0.298874    0.101106    0.042078  0.00357809