     133.348      35.6944      39.2615      29.9747      11.8781       23.319      12.2387     0.176009     -7.57604      13.0823      1.88508     0.237415     -23.1178      2.52022     -8.93016     -13.5718     -6.20261     -11.3875     0.716641      -8.8826     -0.61822      3.09995      6.10898     -3.75471     -3.49628      1.48304     -6.55761     -4.75651     -10.3864      -9.1553     -51.6724  5.09282e-07 -1.71446e-07
     63.0832     -20.9788      15.8163      56.8411      10.3587      33.0473      15.7388     -0.11992     -7.15055      14.9497     -1.96472     0.465376      -25.034      0.11556      -7.9519     -12.9022     -6.33506     -11.4678     0.750578     -8.69235    -0.232683      3.32695      5.99416      -3.6727     -3.59803      1.47871     -6.57916     -4.73833     -10.3912      -9.1562     -51.6723  6.75554e-07 -2.35603e-07
     59.0675      36.1689      42.1227      26.1091      12.0039      25.8406      10.8889     0.105567     -7.12767      13.2508      2.49385     0.219355     -23.6053      2.67928     -8.83545     -13.9292     -6.16446     -11.4932     0.918312     -8.87032    -0.544907      3.14869      6.05492     -3.69348     -3.54726      1.47854     -6.55774     -4.75593       -10.39     -9.15377     -51.6723   5.9847e-07 -3.10237e-07
     38.3201     -19.7868      27.3983      33.1278      8.72277       8.4957      20.1674     0.669963     -8.31413       13.202      2.97071    -0.142804     -21.3561      3.80228     -8.44572     -14.9422      -6.4982     -11.8333     0.780234     -9.12395     -1.07186       3.1076      6.25995     -3.63501     -3.42325      1.46072     -6.57739     -4.80682     -10.3872     -9.17538     -51.6716  5.11906e-07 -2.01357e-07
     24.2913      92.3726      3.31305      63.5929      8.28727      25.5865      18.8992     0.116388     -16.0206      15.2146     -3.47043    0.0877999     -19.8087      4.09056     -9.68357     -12.8205      -6.3341     -11.5667      0.78035     -8.89549    -0.845398      3.03686      6.30447     -3.75462     -3.28869      1.48346     -6.53785      -4.7872     -10.3926     -9.15479     -51.6725  3.31838e-07  1.10856e-08
     33.9104      37.9158      51.7274      21.6459      11.0707       25.007      12.6961      0.13907     -12.6283      15.4458      3.01914      0.11315     -24.1177      3.58851     -8.49911     -13.6593     -5.87719     -11.0304     0.704189     -8.64272     -0.66906      2.98177      6.15597     -3.83799      -3.4905      1.49219     -6.55066      -4.7406     -10.3902     -9.15327     -51.6725  4.61416e-07 -9.31939e-08
      67.048      12.9074      51.1348      41.8389      8.74801      27.1652       6.6682     0.148434      -7.0063      13.1329        2.897     0.140904     -22.9541      3.26444     -9.09505     -14.0608     -6.13723     -11.3961     0.867178      -8.8883    -0.708376      3.04003      6.16322     -3.77982     -3.45466      1.49304     -6.52961     -4.75486     -10.3858     -9.15326     -51.6724  5.21898e-07 -2.21084e-07
     132.487      37.2451      20.6856      20.2873     -1.36991      25.6478      11.9955    0.0324616     -9.82627      12.9974       1.3163     0.178592     -23.2813      2.54251       -8.969     -14.0636     -6.15955      -11.448     0.945585     -8.81406    -0.633874      3.08486      6.13551     -3.75608     -3.46929      1.48922     -6.53914       -4.745     -10.3856     -9.15316     -51.6726  6.99252e-07 -1.18761e-06
     107.661      7.88449      20.7814      59.4579       19.536      35.3762     0.412738     0.539377      -10.171      15.0516      1.05582     0.111902     -20.2064      4.47925     -9.04845     -14.0676     -6.22295     -11.4677     0.579012     -9.10631    -0.841184      3.04774      6.38355      -3.7493     -3.31384       1.4815     -6.51247     -4.76153     -10.3845      -9.1485     -51.6726  7.86205e-07 -4.77842e-07
     118.399      26.2742      50.3475      26.9463       8.9907      26.4885      12.4959     0.171214     -6.08577      12.6165      2.13003     0.216427     -22.4876       2.3318     -9.03176     -13.7214     -6.27078     -11.4656     0.653291     -8.93216    -0.656044        3.127      6.13468     -3.71545      -3.4813      1.47742     -6.55616     -4.75736     -10.3849     -9.15418     -51.6725  5.53484e-07 -2.65745e-07
      94.961      35.4917      55.4138      37.0734       4.8329      22.4185      10.4799     0.164375     -4.74147      11.4234      2.66559     0.232131     -23.7152      1.76668     -8.74692     -13.8576     -6.27724     -11.5005     0.753893     -8.90572    -0.567021      3.16382      6.05029     -3.69988     -3.55445      1.47818      -6.5629     -4.75258     -10.3835     -9.15477     -51.6724  5.41628e-07 -4.44896e-07
     23.4479      67.0568      27.6527      47.2571      8.34864       27.865      16.3391     0.127341     -9.56881      13.7233      1.65821     0.139373     -21.8302      2.25399     -9.07856     -13.5776      -6.3073     -11.4258     0.553873     -8.76225    -0.753489      3.14291      6.16307     -3.71381     -3.44649      1.47663     -6.56123     -4.75848     -10.3921     -9.15453     -51.6724   4.5289e-07 -1.77538e-07
     52.3604      25.9929      61.0625      27.7086      7.39703      22.8052       9.2994   -0.0619279     -11.7457       14.302      1.69733     0.235923     -23.8185      3.85111     -8.68059     -13.6101     -5.92429     -11.2009     0.975514     -8.75172    -0.600524      2.99065      6.13645     -3.86014     -3.51343      1.47852     -6.54391     -4.75456      -10.389     -9.15312     -51.6725  5.41235e-07  -2.4335e-07
     124.722      37.8459      6.31049      11.0838      -15.541      28.1527      11.7354   -0.0310894     -11.3865      12.5564     0.882986     0.153638     -23.4925       2.3827     -8.99417     -14.6846     -6.13536     -11.5169      1.17524     -8.74272    -0.615793      3.09912      6.14006     -3.74053     -3.46227      1.49294     -6.52375     -4.73258     -10.3846      -9.1507     -51.6726  7.25694e-07 -8.54396e-07
     19.8379      48.9116      37.1783      31.8108      12.4788      27.9125      13.4966     0.364321     -8.55342      14.1963      4.17487     0.142774     -23.6833      2.39516     -8.66352     -13.8638     -6.03488     -11.1684     0.670346     -8.62956    -0.670272       3.0627      6.10327     -3.79089     -3.53453      1.48005     -6.57921     -4.74049      -10.393     -9.15487     -51.6723  4.75676e-07 -2.78607e-07
     127.406      24.8048      33.6928      37.2003      14.5543      27.9803      9.11097     0.270136      -8.5099      13.8132      1.54826     0.173262     -21.8688      3.29564     -9.14137     -13.7258     -6.20667     -11.4204     0.647094     -8.97261    -0.730327      3.06812      6.20902     -3.75054     -3.41022      1.48135     -6.53938     -4.76011     -10.3862     -9.15334     -51.6725  6.14694e-07 -4.94668e-07
     41.7115      29.0931      24.4357      22.8318     -18.9301      24.4688      1.41209   0.00841674     -2.62721      20.7792      4.08171     0.208658      -23.923      2.65449     -8.70412     -13.1772     -6.37266     -11.6002      0.71797     -8.82438    -0.933389      3.01514      6.21459     -3.75002     -3.42513      1.49604     -6.57857     -4.77143     -10.3806     -9.15831     -51.6725  4.86244e-07  2.69526e-07
    -1.41848      44.7666      17.2579      15.4162      21.7521      27.5163      7.72089    0.0685354     0.198952       9.5573    -0.908113      0.25498     -24.9161      4.09736     -8.74569     -13.6169      -5.8658     -11.2332      1.04618     -9.25952    -0.443139      3.01151      6.12622     -3.76883     -3.43937      1.46244     -6.52369     -4.77008      -10.369     -9.16188     -51.6727  4.84939e-07 -5.90019e-08
     104.813      12.5731      43.9431       36.534      11.5733       30.751      9.81258     0.298212     -6.86967      13.4816      1.62832     0.162094     -21.7259      2.91173     -9.16343     -13.7988     -6.25403     -11.4754     0.606187     -8.98759    -0.722402      3.10234      6.20754     -3.71871     -3.40946      1.47786     -6.53888     -4.75779     -10.3857     -9.15313     -51.6725   5.8427e-07 -3.16884e-07
     144.527      37.5853      34.3965      28.0099      13.5015      22.9298      13.0964     0.107031     -8.58049       13.547      1.47205     0.220668     -23.0527      2.74394     -8.96861     -13.4417     -6.16715     -11.3512     0.722107     -8.87034     -0.61938      3.07685      6.12041     -3.77672     -3.48278      1.48489     -6.55671     -4.75796     -10.3871     -9.15568     -51.6724  3.36319e-07   1.4347e-07
     13.6559      6.66608      28.1753      28.8392        16.44      11.8498      9.57407     0.279256     -10.8729      14.3929      2.59225     0.436785      -19.306     -1.19145      -10.553     -14.6891      -6.1857     -11.5804      1.23975     -8.81083    -0.481148      2.67188      6.18146      -4.5354     -3.51548      1.59742     -6.55605      -4.7106     -10.3442     -9.15732     -51.6735  3.99396e-07 -3.82075e-07
     29.5855     -32.8957      3.92339      45.9098      5.77426      9.74093      32.1017     0.248604     -2.33791      12.1934      3.61984     0.422409     -23.6165      4.39152     -8.66749     -14.3397     -6.13295     -11.4527      0.58087     -9.23467     -1.12874       2.9552      6.16041     -3.51298      -3.6849      1.42268     -6.54501     -4.78783     -10.3927     -9.12113     -51.6735   4.1677e-07 -1.37463e-07
     116.027      39.7554      42.8874      36.5408       9.0273      21.3886      10.4908   -0.0433523     -6.48509      12.3158      2.47347     0.189841     -23.8441      2.12243     -8.74276     -13.7345     -6.20138     -11.4274     0.772557     -8.85956    -0.568499      3.12781      6.05637     -3.73675     -3.54389      1.48312     -6.56179     -4.75304     -10.3848     -9.15456     -51.6724  6.46414e-07  -4.7364e-07
     36.1718      8.99442      45.4776      36.2917       11.896       20.916      6.47458   -0.0797241     -13.0594      15.5302      1.63905     0.283449     -23.8905      3.12715     -9.26463     -13.8131     -6.22846     -11.4927     0.954992     -8.73775    -0.640194      3.17417      6.06742     -3.65923     -3.46043      1.48875     -6.55643     -4.75255      -10.392     -9.15462     -51.6723  2.57435e-07 -2.39166e-07
     47.7941      43.0871      58.5297      31.8954      1.29213      27.5149       17.498     0.270238     -7.94935       12.414    -0.134274      0.25926     -21.5617      2.88708     -9.26001     -13.3688     -6.25921     -11.4801     0.802685     -8.94177     -0.69062       3.0594      6.18613     -3.76463     -3.43489       1.4806      -6.5448      -4.7673     -10.3856     -9.15429     -51.6725  5.15156e-07  -1.4332e-07
     52.9726      51.9334      45.4257      47.8063      3.45179      22.5692      11.7387     0.197093     -7.46769       12.121      1.26983     0.206304     -23.0512      2.44749     -8.92176     -13.6696     -6.24447     -11.5266     0.852792     -8.87474    -0.600893      3.11887      6.09364     -3.72956     -3.50999      1.48422     -6.55401     -4.76048     -10.3855     -9.15514     -51.6724   4.7422e-07 -1.42505e-07
     90.2922      53.4628      39.7032      56.8197      5.47763      15.6742      5.16019     0.131284     -6.10968      11.2456      3.01234     0.251718     -25.4298      1.88934     -8.36518     -13.9645     -6.16647     -11.4313     0.925998     -8.83521    -0.472487      3.14345      5.97518     -3.74513     -3.61547      1.48831     -6.56314     -4.74617     -10.3837     -9.15578     -51.6723  4.70293e-07 -3.45719e-07
     86.9139      37.2673      19.7996      18.6645      -16.575       26.022      7.47972     0.162214     -3.27594       22.284     0.504125     0.132429     -22.4374      3.20784     -9.25375     -14.4782     -6.19991     -11.4776     0.862487     -8.79275    -0.528089      3.17249      6.05728     -3.70027     -3.49781      1.48778      -6.5425      -4.7192     -10.3895     -9.15375     -51.6725  2.92201e-07  2.68915e-08
     12.4068      3.36161      11.4514      19.1233      -3.8011      11.9989      2.37213     0.386322     -6.41326      9.00228      7.93401     0.346018     -16.2298      1.85395     -9.43873     -7.85765     -5.46951     -10.1652     0.363955     -8.86637     0.449066      3.13625      5.98067     -3.79565     -3.49628      1.45136     -6.51616      -4.6234     -10.3902     -9.15908      -51.672  6.39318e-07  1.75708e-07
     90.1962      18.7328      16.2009       25.402     -10.7657      33.2913      8.64232     0.555885     -13.5629      2.80168      2.88827     0.313955     -24.0899      1.65551     -8.72147     -14.6442     -6.25461     -11.6539      1.17566     -8.83026    -0.919636      3.04474      6.26239     -3.71146     -3.41091      1.47482     -6.53778     -4.76032     -10.3842     -9.14744     -51.6726  3.87326e-07  3.46815e-07
     81.6676     -5.44803      45.9455      39.5468      10.3779      34.1049      10.3104     0.348857       -6.872      14.0023     0.573458     0.206837     -22.1219      2.40466     -8.69291     -13.5883     -6.22133     -11.4698     0.628999     -8.91338    -0.553076      3.15854      6.19139     -3.73067     -3.42738      1.48534      -6.5368     -4.74782     -10.3874     -9.15314     -51.6726  4.41488e-07 -2.79912e-07
     68.8947      38.3381      59.2031      34.4716      1.81673      25.2811      14.2613     0.140914     -5.91479       11.675       0.9662     0.268536     -22.4109      2.28515     -9.08265     -13.6128      -6.3264     -11.5462     0.795128     -8.97116    -0.627666      3.13046      6.12145      -3.7128      -3.4866      1.47456     -6.55204     -4.76232     -10.3832     -9.15459     -51.6725  5.29761e-07 -1.70987e-07
     89.3436      18.3422      63.4344      28.0178      5.54323      27.4501      11.1529     0.254992      -5.3651      12.1504      2.44045     0.209545     -22.6774      2.42606     -8.91977     -13.8604     -6.21436     -11.4306     0.707777     -8.94269    -0.654417      3.10589      6.14402      -3.7324     -3.49286      1.48796     -6.55085     -4.75616     -10.3839     -9.15384     -51.6725  3.86431e-07 -4.39956e-07
     58.5517     -17.1337      40.9741      36.5005       8.3534      25.0785       15.814    -0.168439     -9.16559      14.9939    -0.401478     0.106331     -25.7807      2.37024     -8.82847     -13.1196     -5.96913     -11.1508     0.961872     -8.68091    -0.414867      3.05911      5.98053      -3.8408     -3.45384      1.49041     -6.53509     -4.73535     -10.3894     -9.15974     -51.6723  4.28979e-07 -1.56939e-07
     16.9927      36.9225      39.8767       12.803      19.0992      21.6484      7.59416  -0.00128044     -11.9492      14.7646     0.884909     0.219273     -23.5487      2.05778     -8.87825     -13.9167      -6.7695     -12.1943     0.875627     -9.45307    -0.447017      3.47735      6.04518     -3.33337     -3.45985      1.44467     -6.55326     -4.76436     -10.3653     -9.15165     -51.6726  6.16224e-07 -1.71046e-07
     43.7053     -2.92739      20.2685      24.7706     -11.6664      29.9012      5.55025    -0.382727     -15.1834      2.46865      4.70788   -0.0185644     -23.4174      3.78839     -9.61422     -13.1757     -6.31103     -11.4212     0.422944     -9.02237    -0.424329      3.22639       5.9678     -3.76697     -3.56311      1.52091     -6.68058     -4.80883     -10.3871     -9.16878     -51.6719  2.50766e-07  4.62065e-07
      89.045      38.8169      44.5084      32.8552      8.35626      24.9628      12.6189     0.200499     -7.13672      12.8435      1.94142     0.241896     -22.9793      2.47736     -8.93317     -13.6881     -6.21583     -11.4518     0.822365     -8.85796    -0.607939      3.11315      6.09752     -3.74042     -3.51523      1.47864     -6.55723     -4.75686     -10.3842     -9.15508     -51.6725  6.76262e-07 -3.56165e-07
     24.6645      31.1128      33.0147      12.7195      15.7412      19.0868      2.68043    -0.227328     -3.34702       9.4285     -4.36127     0.211786     -22.6909      2.03143      -9.3445     -13.8651     -6.45485     -11.2646    -0.126331     -8.35281     -1.01935      3.10048      6.22993     -3.85428      -3.5316      1.52151     -6.54369     -4.77668     -10.4417     -9.14628     -51.6722  4.19891e-07 -2.65704e-07
     55.3526      75.0664      24.9163      68.6864       2.3931      15.9265      8.08393     0.047263     -10.1905       12.477    -0.797523     0.156396     -23.7342      3.21275      -8.8376     -13.4655      -6.1807     -11.5525      1.10717     -8.96578    -0.512453      3.06707      6.07421     -3.78106     -3.50117      1.49474      -6.5378     -4.76471     -10.3822     -9.15595     -51.6724  3.88739e-07 -1.56547e-07
    -5.38527      63.3799      11.9579      25.4295      22.6637      36.9852      18.1537     0.397411     -4.96826      14.3559       6.2477     0.274075     -22.9931      1.38176     -8.72907     -14.1069      -6.0963     -11.2764     0.597402       -8.901    -0.592525      3.09072      6.06118     -3.82133     -3.51455      1.50232     -6.53718      -4.7337     -10.3874     -9.15696     -51.6723  4.01501e-07 -2.79707e-07