     88.385     37.1612     19.6282      18.574    -16.0578     26.0986      7.6386    0.147276      -3.653     21.6373
    133.909     35.5437     38.9971     29.9607     12.0115     23.3944     12.2231    0.174573    -7.63088       13.12
    43.8363    -2.00588     20.0765     24.4163    -12.0119     29.9628     5.37617   -0.229999    -14.9332     2.59757
    127.848     25.0504     33.1513     37.5071     14.6627     27.9546     8.96875    0.275522    -8.60485      13.802
    66.4662      13.351     54.2952     39.2463     7.96791     26.8249     7.13208    0.189475    -7.54027     13.2524
     71.207     35.8914     60.9433     33.0908     2.04414       25.18     13.8044   0.0783335    -5.78749      11.672
    97.1895     35.4625     54.0065     36.7549     5.33728     22.6586     10.6439   0.0977495    -5.00831     11.5724
    92.6296     17.3416     62.9772     27.4093      6.0144     27.8469      11.293    0.374186    -5.30531      12.207
    144.607      37.635      34.365      27.995     13.5055     22.9111     13.1054    0.107726    -8.58671      13.546
   0.208836     42.2279     20.8445     15.7795     20.7995     25.6629     7.02106  -0.0189306    -1.86978     10.4146
    46.1415     28.2717     58.2745      24.956     9.34171     22.5197     9.41121  -0.0115048    -13.0699     14.9442
    51.1217     42.3169      59.039     32.6024     1.11057     27.0959     16.9775    0.226685    -7.52002     12.2027
    23.1459     14.1216     38.2953     31.5653     14.4815     18.4824     7.50741    0.109479    -13.2745     15.6731
    132.598     37.2428     20.6506     20.2713    -1.35382     25.6566     12.0135   0.0292493     -9.8624     12.9416
     40.312     57.9594     40.2083     49.0321     4.23138      23.824     13.1901    0.308579    -8.52486      12.611
     57.789     74.5423      25.314     69.2344     2.50656     15.3386     7.39638 -0.00397471    -9.86346     12.3272
    10.9098     1.68436      15.069     21.7415     3.47038     9.79497     5.57705    0.303242    -7.21495     10.5979
    44.2447     30.5122     24.2438     22.7188    -19.5105     24.5412     1.81619   0.0862551    -2.06322     21.4175
     57.209     36.0417     41.2485     25.8152     12.4014     25.7248     10.5332   0.0901942    -6.89703     13.1268
    87.8565     38.0866     44.3902     31.4613     8.82427     25.3243     12.7275    0.247972    -7.21216     12.9661
   -7.66802      61.757     9.38111     21.9392     24.6001     37.4071     17.2555    0.333826    -2.78078     13.3056
    68.1849     46.4594     48.4402     45.3391     3.42851     22.1534     10.9643    0.208042    -6.46348     11.7745
    21.7981      32.091     33.5676     12.2653     16.2109      19.302     3.06085   -0.232839    -4.61912     10.3029
    90.5528     18.2457     16.0366     25.6289    -10.5818     33.3784     8.66112    0.546057    -13.5817     2.82484
    93.5565     53.0995     39.1549     55.9481     5.96262     15.7974     5.36918    0.105781    -6.21245     11.3494
    124.728     37.8152     6.32553     11.0799    -15.5376     28.1601     11.7302  -0.0198662    -11.3699     12.5888
    64.2632    -19.6702     14.7131     58.8634     11.2227     33.2867     14.0364  -0.0593257    -7.40238     14.9233
    37.9804    -20.2718      27.805     33.2138     8.76261     9.32207     20.0887    0.545759    -8.81312     13.5532
    22.4296     38.0792     44.3973     14.7438      17.173     23.1423     9.95643    0.167052    -13.1768     15.5725
    22.7219     87.0364     8.45921     59.8763     8.55673     26.5659     18.5252    0.149454    -14.4033     14.9459
    107.115     14.2764     42.7441     36.5632     11.7475     30.1573     9.92405    0.263429    -6.99767     13.4705
    30.4071    -32.8798     4.09574     46.3036     5.80414     10.6478     31.8366    0.236419    -2.42308     12.2844
    108.563      8.3549      20.201     59.5489     19.6086     35.2678    0.431001    0.549834    -10.2618     15.0748
    84.7541    -2.40377       46.24     39.9978      10.831     34.0806     9.38999    0.429043    -6.78661     13.8683
    119.683     26.6235     49.9458     26.8105     9.16877     26.3916     12.5533     0.16721    -6.14548     12.6452
     63.159    -17.3479     40.0912     37.0168      8.1499     27.5763      16.664   -0.308201    -7.99344     14.6397
    32.9033     42.8418     50.8449     27.6877     8.18558     26.8989     14.7561     0.14762    -10.6518     14.5974
    15.1418     58.0742     29.2457      36.259     12.7696     29.4395     15.2329     0.28864    -8.11793     13.9848
    116.589     39.7679     42.5967     36.1855     9.19631     21.4934     10.6264  -0.0324645    -6.55999     12.3718
      45.08    -1.04919     45.9667     39.6774     10.8147     21.8547     7.08458    0.121857    -11.5205     15.1627