   15.6898    31.6337     18.942    13.9652    13.0821    12.6158   -6.76229    2.81931  0.0054069   -4.73897
   118.809    36.9546 -0.0989043    17.4887   -8.50702    28.2725    3.04505   -2.54752  -0.483469   -3.97795
    41.264    48.4625    46.4601    30.6001    6.73028    26.7898    6.51592   0.218567  -0.101391   -5.42863
   96.9882   -3.47996    12.7624     64.119    20.0861    26.7846   -10.7415   -5.19192  -0.573057   -6.53046
    145.28    41.3383    23.2218    27.6328    16.0895    19.9954    5.28167  -0.913988  -0.302697   -6.47855
    69.316     38.937    55.8378     33.382    3.09449    21.0744    1.92493    3.05228  0.0613647   -4.83068
   71.8598    40.4523     34.588    28.5418    12.6227    21.5067    1.64049   0.982922   0.194259   -6.01695
   20.5229    80.5623   -4.32982    67.6698    10.6096    22.9936    8.91446   -3.63641  -0.806939   -5.39375
   58.5371    27.0385    12.6234    23.0725   -16.3608    25.5774   -5.02337 -0.0416684 -0.0783737   -9.63844
   21.3702  -0.920529    24.1516    25.3342    6.47001    12.9583    6.99776   -4.78333  -0.430685   -5.35594
   17.5567    55.4194     27.808    40.0021    12.2985    26.6463    5.30138 -0.0724195 -0.0510082   -6.84565
   47.1696    16.0279    47.4609    37.3419     11.457    21.0235   -2.07493   -3.82399   -0.49568   -7.12166
   100.779    41.1491    43.0417    36.9276    6.18916    17.3874    1.21041    3.28668   0.290413   -5.90585
   93.3737     11.691    45.2027    34.3741    12.1469    28.7945    -3.9282    1.99524   0.183251   -6.02198
   56.1897   -16.6194    32.5955      38.64    10.1545    25.9569    7.20367    1.84759  -0.060031   -5.92851
   56.3469    57.7184    35.2093    58.7429  -0.138638     11.626    1.70281   0.612754  -0.167826    -3.7098
   27.2171    39.3347    39.0517    22.3945    15.0479    21.4812    2.38334   -5.57267  -0.994523   -6.32703
   31.8431   -29.5588    15.6139    38.0521    7.44064    15.8707    22.0455    5.38738    0.32259    -6.2573
   124.065    35.8746     33.309    31.1476    12.9748    21.0042    2.04905    1.17093 -0.0843068   -6.46851
   -4.0419    50.2913    7.68274    25.2917     23.803    25.8819  -0.752096    5.63253   0.606194   -6.55478