   13.8274    9.95189    4.78227    4.49613    8.54026    19.6345    9.48514    4.40642    4.69955    7.79816    12.3783     7.7743    7.46891    7.88432    9.20937    11.8072    15.4196    11.4386    8.72352     7.4071     6.5605    6.30661    3.84934    7.40763    11.0784    13.0861    14.3932    9.27509    12.3851    11.2417     8.7937    5.93235    2.55726
   0.51183   0.743068    0.33152    14.0956     59.908    18.7363   0.639598  0.0488863    0.20593    2.35237    2.42691  0.0684358   0.155867   0.540016    2.41483     14.467    65.0108     14.134    2.55242   0.514032   0.105993  0.0366485 0.00940032   0.136794    0.37705      1.066    1.28695    6.65153    34.0665    39.2859    15.0489    2.01853  0.0525072
  0.559059  0.0788707   0.119308    1.43345    25.1336    70.1198    1.10626  0.0749182  0.0535706   0.159233    1.16193   0.213716   0.786197    2.31409    7.32329    20.9684    36.9796    20.8655     7.3191    2.33293   0.750191   0.146922    0.10236   0.137251   0.261725   0.847944      5.623    40.4742    39.3674    10.3151    2.05091   0.550743   0.269412
   3.13636    1.13247    14.9274    14.6472    15.7181    25.8675    1.48744    1.73243    8.01958    5.15755    8.17398    4.78395    6.70812    7.29644    8.45516    12.3325    23.1527    12.1968    8.08643    6.79333    6.07687    4.11775    1.34257    2.12536    1.03074     1.1179    4.44083    18.9932    15.2961    12.3754    13.8316    18.6799    10.7665
     1.205   0.417693   0.237524   0.753882    10.0649    69.4198    14.7693    1.26601   0.317002   0.496021    1.05286   0.536878    1.48086    4.04448    10.2144    19.5786    28.9552    18.8661    9.93082    4.19805    1.63973   0.554852   0.346031    1.03602    2.62189    8.85289     27.262    29.8024    20.1977    6.66117    1.86066    0.83414   0.524985
   3.10624   0.235949    4.18268    6.79142    11.3748    60.1409   0.611117   0.411749    2.94754    2.46401    7.73355    1.56514    2.86333    3.40754    4.50348    9.31504    57.1022    9.29662    4.43152    3.31091    2.73643    1.46777   0.219461   0.564755   0.390039   0.443641    2.90509    55.9599    14.1569    7.98863    7.31251    7.17076    2.88826
   1.59505   0.050188  0.0415752   0.286352    7.00828    86.5848    2.16816  0.0850078  0.0364233   0.074389    2.06973  0.0372618   0.190106   0.707193    2.92733    18.5957    54.9763    18.6525    2.98019    0.71436   0.182558  0.0364735  0.0274049  0.0698689    0.23093    1.11756    11.7322    58.6382    24.8917    2.39958   0.577834   0.185098   0.129671
   4.08446    2.52196    1.65618    1.33572    4.86507    28.8122    29.6809    18.7597    4.77735      1.654    1.85239    2.45413    4.76391    7.69058     10.665    14.3992    20.2406    14.1011    10.3586    7.78407    4.99471    2.54814    3.83449    13.2066    17.7148    18.0598    18.2839    11.9526    6.02834    3.71236    3.09691    2.58279    1.52751
   17.4734   0.380484   0.166714   0.281316    1.06783    58.7052   0.621948    0.13701    0.57341   0.823494    19.7692   0.119339   0.230513   0.338025   0.875909    5.90908    85.2551    5.68448   0.896634   0.367547   0.218398   0.104944 0.00877477  0.0788214   0.366118   0.711374    5.82896    82.6113    6.94563     1.3003    0.80932    0.78534   0.554018
  0.937134   0.415957    4.97197    17.5136    27.6569    38.0391    1.19878   0.538584    2.21228     2.7278    3.78793    2.34103    5.50145    7.45495    9.62884    13.7521     22.078    13.9453    9.93427    7.69465    5.52133    2.14806    0.20023   0.483742   0.474168   0.912321    3.87355    22.5624    24.0818    17.4745    15.1307    11.1396    3.66707
   4.61832   0.510595  0.0136961  0.0130936   0.375609    55.9232    35.7067    0.67693  0.0585912   0.372175    1.73115 0.00350904  0.0300966   0.362043    2.72765     15.906    63.1009    15.2017    2.34269   0.268267  0.0368846  0.0202949  0.0128438   0.183444    1.30322    10.4681    56.4372    27.5117    3.10777   0.834632  0.0884241  0.0284253  0.0242838
   4.39036    2.21177   0.553687   0.226101     2.3683     41.465    37.4572    8.35365   0.806733   0.902153    1.26508   0.490219    1.99233    5.92708    11.7904    18.6712    26.6276    17.3406    10.2515    4.93454     1.5888   0.385747    0.38938    2.58467    10.7825    23.3551    32.2495    20.2516    6.57817    2.03261   0.938443    0.54386   0.294106
  0.312463    0.12887   0.112788    3.98621    45.4284    47.1385    1.18833   0.206794   0.121528   0.313423     1.0627   0.206331   0.416643    1.87443    7.88251    20.5974    37.5058    20.8562    8.11748    2.00758   0.427781   0.107795  0.0298589   0.216931   0.463811   0.973546    3.31954    20.6083    45.5314    23.1511    5.01792   0.538509   0.149053
   5.99207    1.44741    2.52954    4.75445    11.2386    28.5399    1.76422    1.08892    5.96376    11.2558    25.4254    1.87795    3.81368    5.60526    8.80584    15.8541    29.3025    15.6902    8.49816    5.27431    3.49987    1.77812    0.59392    1.48825    1.53175    2.18021    5.99999    24.7941    23.7903    15.6939    12.2066    8.35142     3.3696
   21.3496    3.46424   0.675794   0.616621    5.82396    40.1989    7.26501    0.83051   0.573571    2.83786     16.364   0.543037   0.999181    2.24781    5.96068    18.0123    43.1791    18.5846    6.41222    2.45245    1.01308   0.595661    0.16886    1.01459    2.76447    8.28312    24.2105    33.1484    20.7625    6.61904    1.67635   0.876956   0.475264
  0.283909   0.179834    1.15923    15.6471    44.1611    33.8384    2.12022   0.263426   0.679256   0.774574   0.892964   0.523821    2.10141     5.6048    10.8042    18.0082     26.896    17.5889     10.615    5.40794    2.00556   0.444183   0.126089   0.461123   0.735409    1.64812    4.10337    13.6076    28.6336     27.012     17.642    5.25752    0.77317
   1.18536  0.0204277  0.0724379   0.231644    1.39861    95.1564   0.506947    0.02054  0.0434035  0.0762529      1.288    0.01964  0.0609456    0.12583   0.486434    5.02254    88.6732    4.92159   0.490296   0.125569  0.0568037  0.0171686 0.00619154  0.0196999  0.0686128    0.30413    4.27789      88.57    5.31448   0.766734   0.367106   0.219861  0.0853361
  0.312074  0.0848682    0.34336    9.25324    34.4729    52.5739    1.19149   0.136034   0.151299   0.483698   0.997125   0.265125    1.59078    6.15326     12.135    18.2025    24.1473     17.893    11.8922    5.95138    1.51742    0.25198  0.0653371   0.183065   0.350606   0.816475    4.46113    31.1991    32.0761    19.4296    9.47717    1.63954   0.301872
   1.25165   0.916023    1.12205    6.95219    23.9316     43.468    16.5488    2.74991   0.678991   0.874964    1.50587     3.0323    5.28578    8.18432    10.9274    14.0916    17.5875    13.9772    10.6575    7.88442     5.3728    2.99924    1.07625    3.08391    6.66437    11.5892    14.5226     11.435    17.9978    16.0231    11.1404    4.87285    1.59445
  0.867022   0.560487    4.77598    28.2952     35.884    18.0426    1.22649   0.388983    2.03736    3.58884    4.33301   0.979397    2.96894    6.24707    10.6248    17.0519    24.9878    16.8238    10.4755    6.10303    2.85414   0.883641   0.183376   0.635669   0.833207    1.17568    2.29557     7.0881    18.5914    22.9641    25.2427    17.0213    3.96897