   47.2811   -23.2772    27.2759    39.9945    8.96477    24.0968    12.6707    3.02305    -0.3053    -6.0507    16.3765    21.3556    2.40737   0.866809     -9.505   0.612455   -3.98553   -2.10894   -6.52224   -6.02191
   79.1995   -19.5236   0.913358    72.9162     18.062    28.0686   -6.35255   -3.68392  -0.419204   -6.31761    19.5721    16.3597    2.03611    1.99134   -10.3507   -3.14538   -2.35848   -2.20432   -6.84045   -5.36585
   123.113    37.6516    33.1494    31.1886    12.5029    20.2448    2.43011    1.25714 -0.0597659   -6.45812    11.4775    18.3295    2.30288    1.89107    -10.378   0.560572   -4.22247   -2.23878   -6.69267   -6.16238
   36.5245     14.542    42.8649    34.9159     12.779     18.893   0.583042   -5.58916   -0.52353   -7.35202    11.7689    19.3553    2.48735    2.13347   -10.3151    1.25048   -4.81435   -2.37405   -7.23871   -6.02252
   145.266    41.1644    23.2648    27.6648    16.1599    20.0594    5.23137  -0.919114  -0.299332   -6.49082    12.4475    18.2604    2.26109     2.3669   -9.92986   0.849547   -4.19675   -2.15906   -6.46133   -6.04918
   93.2118    43.7417    41.4489     38.884     6.0764    16.3398    1.22658     2.8946   0.173058   -5.63867     10.999    19.1134     2.3692    1.53537   -10.7859  -0.143891    -4.1112   -2.30467   -6.97814   -6.12104
  -1.50658    43.4437    10.1554    21.1407     22.072    20.9947   -3.38487    6.28995   0.583276   -5.37916    12.9666    19.8824     2.4611     3.3946   -11.6225   0.996633   -3.87294   -2.06755   -6.55006    -5.7671
    64.647    40.0601    50.4331    33.5643    5.58909    21.2812    1.96065     1.7232 -0.0448245    -5.2234    12.1237    17.9421    2.21126    1.94473   -10.5631    0.52284   -4.07053    -2.2775   -6.82404   -6.14408
    72.886   0.560786    45.2184    37.7701    11.8103    28.4401   -2.93147    1.24129  0.0254081   -6.39178    12.7415    17.1116     2.3072    2.18879   -10.3671   0.863457   -4.28567   -2.17886   -6.61654   -6.14651
   39.7522    50.1775    45.1731    33.4815    6.04385    26.4078    6.48535   0.652602  0.0293752   -5.21441    13.0166    17.1694    2.09246    2.46758   -9.53896   0.808619   -4.35341   -2.14317   -6.49669   -5.81991
   42.8871    71.5121    17.6278    70.0685   -1.22536    10.7539     4.7602   -2.59176   -0.68937   -1.98789     16.193    16.8193    2.15782    3.03798   -10.2579    2.70012   -3.38029   -2.21625   -6.51348   -6.20492
   25.5543   -17.2543    19.7373    28.8124    8.93134    9.15961    19.9992    1.91073   0.547054    -6.6417    6.98173     13.154    1.91797    4.80526   -12.2643   0.169157    -5.3074   -2.38957   -7.34324   -6.32757
   23.1416    33.1793    24.2258     14.155    13.9395    12.7048   -5.21933   0.873723  -0.217688   -4.17199    15.0862    16.7129    2.18219   0.285256    -9.4483   0.217602   -4.92667   -2.39323   -6.78507   -6.44583
   26.8512    43.7471    37.8679    25.9806    14.2186    23.7066    3.62545   -4.07519  -0.727368   -6.68494    12.6525    19.0551    2.43199    3.02491   -10.6584   0.301274   -4.37415   -2.20225   -6.72963   -6.16262
   21.7152    5.52156    13.7033    19.7159   -6.62946    18.1551   -2.77691   -4.70766  -0.994917   -4.76098     4.0624    18.5298    2.10087    1.14632    -8.0478    2.08331   -1.32228   -1.85803   -4.62266   -6.28361
   120.432    37.2498   -0.66701    17.4025   -8.32749     28.368    3.27263   -2.71616  -0.476522   -3.71296    13.4602    18.4501    2.38255      2.103   -11.3334   0.668208   -4.97629   -2.32298   -7.44299   -5.76187
   64.5577    29.0478    13.1914    23.0914   -15.6925    25.6767   -4.38402   0.307986 -0.0363168   -9.67039    12.6114    18.2221    2.32122    2.25835   -10.8162   0.731144   -4.82079   -2.38926   -7.25173   -6.15104
   101.626    21.6999    46.8916     29.616    10.7821    26.5795    -1.4573    2.87605   0.375474   -6.08428    11.1586    16.8392    2.09566    1.71422   -10.6925    1.20701   -4.34112   -2.29353   -6.56891   -6.48462
   8.19712    65.8594    9.08035    46.9122    18.1168    31.1889    7.16423    0.14402 -0.0492071   -8.58692    8.91156    17.1032    2.25433   0.183453   -9.97535 -0.0394703    -5.0187   -2.38871   -6.73192   -6.63351
   106.226    7.42496    23.5638    53.1362     19.568    26.6746   -10.3721   -3.86783  -0.412721   -6.56013    12.1773    15.7785    2.07166    3.46137   -10.2743    1.97746   -4.82193   -2.18145   -6.28706   -6.41087