   17.6886    14.6279    28.0139    24.4082   -16.1543   -2.25506    8.15075    2.36427  -0.528238   -4.57654   -9.95777    10.2291   -5.13277     1.6567  -0.560342   -1.39041    8.83693   -4.36907    2.70042   -1.48234
   113.592    34.2101    24.1797    27.3285   -15.0267    4.17738    11.3224    9.78995  -0.337632   -4.55981   -9.72976    7.09423   -4.18882    1.16759    2.26522   -1.05827    6.44088   -3.27487    3.22094   -1.84274
   10.9177    51.4252    16.5279    39.8087   -14.4997   -1.33668    17.0733     8.8688  -0.788182   -4.93066   -9.56733    6.94092   -4.12185   0.935297    2.54985   -1.04374    6.71653   -3.71108    2.52756   -1.71068
   86.3794    6.17201    42.0783    34.8009   -17.1501    15.7229    21.0841    9.46622  -0.530308   -5.75163   -8.02549    5.04171   -1.98991   0.220514    1.86957   -1.49088    6.75343   -2.52364    3.89287   -1.84963
   46.6418    55.1092    35.5946    47.7006    1.73162    1.65418    5.68421    12.1099  -0.569803  -0.307229   -10.8052    4.85091   -3.58552   0.660649    1.52383   0.685169    7.50722   -2.59194     3.4977   -1.86319
   43.0497   -21.7126    33.5801    32.7631   -12.9305   -7.04937    13.0735    15.2421  -0.847199    -3.9187   -15.6578    7.03967   -7.93742    2.10374    2.10515  -0.540689      6.282   -3.07139    3.30217   -1.38262
   49.4552    21.3659    46.8805    32.5179   -10.8825     7.4797    12.2726    4.86512  -0.332941   -4.40029   -10.9019    8.72772   -4.95301    1.55461    4.39684   -1.72278    7.00581   -3.56883    2.83395    -1.4971
   144.532    38.3527    10.1076    27.0974   -18.5748   -1.38815    10.0411    7.13608  -0.441495   -3.74941   -11.3111    7.62033   -4.51075    1.06996    3.34883  -0.763948    6.43184   -3.08213    3.10469   -1.74771
    92.354    43.4409    39.6214    35.8938   -2.87121    7.00477     2.6923    12.9429  -0.746293    -3.3002   -10.3674    8.96957   -4.37987    0.91697    1.41814  -0.332224    5.85393   -4.29041     2.7399   -2.09192
   24.7512    42.2934     21.038    21.1653   -15.7749    4.84332    12.7078     8.5821  -0.675021   -1.50223   -13.9755    9.10936   -3.10875   0.693567    2.33746  -0.810159    5.53601   -3.55011    3.18212   -1.81844
-0.0814648    38.6806   -4.47416    24.9372   -22.4084     12.298    9.33751    15.8979  -0.847047   -2.85951   -12.1939    9.52273   -3.99048   0.902505    3.09609    -0.7894    7.35432   -3.53238    3.80482   -1.55072
   32.4733    50.2974    34.5194     26.867   -10.4216   -2.78579    17.0833    7.72072  -0.349938   -2.12837    -12.679    6.26857   -4.17547   0.857526    4.23772  -0.696209    6.16199   -3.30425    2.73577   -1.87577
   15.2387    63.4794   -17.5462    76.6204   -10.4943   -7.48213     14.879    2.80447   0.297761   -7.47131   -5.64866    3.03231   -4.99451    1.56855    1.23448   -3.92118    4.64954   -3.10266    5.63432   -2.13995
   71.8245    28.8689    4.08639    19.8897    13.2138    7.04841    14.6411    8.85786  -0.635655   -9.11535   -16.3447    6.83057   -2.87712    0.50053    1.80605   -2.25791    8.12258   -3.02665    3.23948    -1.6382
   58.3492    2.38399    12.0936     32.331    8.02565    9.14106     24.171    8.71051  -0.638316    6.29982   -3.17518    11.8536   -6.14718    1.94156    2.94979  -0.341224    5.83801   -4.67321    3.20645   -1.79436
    24.263   -19.6718    20.6843    22.4861   -7.63731    -15.158    2.67249    12.5421  -0.567527   -2.78146   -5.47097    8.02159    1.27787   -1.04622    4.89293   -2.07377    6.49028   -3.11426    4.10877   -1.85074
   17.9849     21.325    4.17973    9.92573    -2.7388    10.4554    4.93737    4.50128 -0.0576548    -6.0202   -8.89271    2.10646      -6.08    1.61607    2.24999    0.48162    5.03602   -2.67681    2.16408   -2.39759
   73.1514    42.0628    38.8744    21.6951   -9.87232     1.9493    12.2409    11.2226   -0.92652   -3.18543   -10.9618    6.09264   -4.50502   0.942102    1.90896  -0.422289    6.11914   -3.75051    2.85352   -2.05111
   123.891    29.3117   -16.0524    21.9402    5.53521   -1.97308    21.5687    8.62595  -0.673961    1.64587   -12.8581    8.06229   -3.77747   0.966784    2.58513   -1.03945    8.16243   -4.67422    2.71074   -1.33312
   67.9471   -37.9888    10.3858    71.8735   -19.1197    9.71361    14.5426    5.45823  -0.883779  -0.926939   -22.2042    1.75796   -2.32436   0.312012     2.4788    1.78572    4.80472   -4.23756   0.952848    -2.7908