   0.436877   0.0320658    0.028606    0.836832     21.6214     75.3281    0.798482    0.021999   0.0140399   0.0647222    0.816808   0.0118689   0.0914801    0.582218     4.21799     18.7048     52.7827     18.6786     4.23332    0.604004   0.0845469  0.00842215    0.002403   0.0246134   0.0728449    0.379869     5.74682     52.4525     29.1029     10.6641     1.40613    0.138124  0.00968611
    8.24926   0.0220202    0.160938    0.426795     1.85708     64.4607    0.237919   0.0171614    0.103128     0.66915     23.7958   0.0202257    0.107966    0.227051     0.79063     8.17502     81.2183     8.28638     0.82428    0.230969    0.107371   0.0118281  0.00458237   0.0169251   0.0294292    0.147236     3.24658     79.9096     13.2411     2.01414    0.821897    0.496496   0.0720104
   0.626618    0.136797   0.0782351    0.531913     10.9413     69.5943     16.9751     0.47568   0.0403416    0.111449    0.488239    0.271065    0.771825     2.75265     10.2107     21.7342     32.1372     19.7373     8.71114     2.76591    0.748506    0.159465   0.0316928    0.220271     1.21348     8.52542     31.8639     29.5263     20.5747     6.21129     1.47485     0.30295   0.0551518
    4.19865     1.11511    0.129357   0.0478646    0.836118     49.3542     34.7858      7.5861    0.282678    0.462087      1.2021    0.183518     2.08254     7.53761     12.6921     17.5499     22.0966     16.4144     11.9595     7.33749     1.94884    0.197612   0.0565932     2.11355     10.1633     18.7346     33.5135     30.3689     3.75366    0.799181    0.386687    0.103916  0.00619033
   0.249004    0.209276     1.58642     18.1015     29.4541     32.4471     13.2917     3.23721    0.724665    0.245412    0.453564    0.980089     3.86514     6.86743     10.4493     16.2598     23.2293       16.09      10.604     6.72368     3.67361     1.25769    0.556798     2.69506     4.48776     8.56541     11.0698      9.5901     18.0726     18.0838     18.0487     8.02431    0.805746
   0.685681    0.185139     1.65861     12.9277     36.0322     45.2861    0.763226   0.0641048    0.290881    0.402952     1.70341   0.0636858    0.799973     3.13522     7.88416     18.5557     37.9144     19.2851     8.33564     3.23913    0.734346   0.0527018   0.0284376    0.169082    0.210285    0.533554     4.07488     24.3582     33.2373     20.1746     12.0979     4.66191    0.454002
    7.68757   0.0314494     4.80689      10.041     13.8301     42.2184   0.0625755   0.0810257    0.769764     1.69198     18.7794    0.363992     2.82001     4.29286     5.68394     9.89672     53.8433     9.88113     5.69394     4.30305     2.83344    0.387615   0.0139597    0.110349   0.0421002   0.0760707     1.62901     55.7034     15.9378     9.47269     8.32913     7.67436     1.01116
    8.92141     3.09259     1.57148     3.65861     10.5418     19.4902     3.49889     2.38934     4.01719     15.3677     27.4508     3.26231     4.13452     6.70521      9.7682     11.6534     16.3022      14.432     11.4857     9.81944     8.56603     3.87097    0.201244     2.16486     2.95494     5.07653     8.88439     9.72228     21.4417     22.1478     17.8616     8.53934     1.00522
      23.43     7.44573     1.88458    0.607046     2.45965     33.2488       12.48     4.41958     2.54752     3.34716     8.12998    0.589281     2.43861     6.35728     10.0481     15.5986     22.5376     16.5924     11.9774     9.33138     3.75487    0.774593     0.39546     4.40276     8.58213     12.4318     24.1782     33.7447     7.75418     3.21859     3.17201     1.86098    0.259204
   0.614889  0.00175527  0.00663464    0.031249    0.259156     98.2744    0.118907  0.00240249  0.00326829    0.012362    0.674992 0.000231982  0.00422697   0.0124787   0.0543871     1.60458     96.6179     1.63465   0.0547094   0.0126398  0.00395027 0.000208834 0.000128662 0.000907683  0.00476889   0.0552003     1.52766     96.3374     1.85532    0.143018   0.0501256   0.0231795  0.00224246
    4.80532    0.765573     1.09031     7.07566     21.5046     37.0786     1.20504    0.209478       1.098     5.29698     19.8704    0.665285     2.91959     6.49132     11.0679      17.354     24.4282     17.3107     10.9501     6.26916     2.27442    0.269406   0.0201188    0.290879    0.554636     1.43154      6.0976     25.8661     33.4657     18.7971     9.67135     3.51892    0.286027
   0.172033  0.00807852    0.017291    0.308164      29.913     68.4078    0.261261     0.01253  0.00433342    0.032783    0.862744  0.00915783     0.03275    0.285494     5.72942     24.8106      38.696     24.5127     5.58427    0.297237   0.0352993  0.00707702  0.00247944   0.0117235   0.0368713    0.183941     1.87968     46.4111     41.0397     10.0119    0.358131   0.0571679  0.00730067
   0.655067     0.12419     1.27959     8.34125     21.3557      61.233     5.92709     0.16255    0.120019    0.203885    0.597621    0.382838     2.00545     4.62531     8.83749     17.8745     33.4538     17.7728     8.51218     4.27384     1.78543    0.476363   0.0215343    0.129609    0.422519     2.95081     20.8362     28.4908     19.2119     12.9329     9.95838     4.55916    0.486209
     1.2492     0.57793    0.231638     1.64203     17.7658     57.9728     16.9637      1.4919    0.229656    0.409668     1.46558      1.0699     1.21558     2.63676     5.81983     11.3583     19.1498     20.5891     18.0064     12.7095     5.70211     1.74271    0.212525     1.39586     3.93366      11.027      22.419     19.7954     24.9021     10.8287     3.99587     1.27497     0.21489
    10.3115      4.5379     2.32403     4.93704     14.9079     28.2555     7.21261     1.88251      1.8594     7.07813     16.6935     1.58321     4.88693      7.7019     10.3507     13.9313     19.0688     15.4736     11.6492     8.44991     5.15722     1.74726    0.462114     2.24651     4.44581      8.1796     15.8424     16.3958     22.9941     15.7928     9.33914     3.91642    0.385332
   0.724809   0.0751923     11.0806     27.7453     28.1971     27.5657     2.06512    0.099281    0.288874    0.505783     1.65223    0.486785     3.02544     6.64137     10.6121     16.6757     24.3447      16.372     10.6396     7.06792     3.47547    0.658884   0.0124725   0.0979191    0.307671     1.42827     5.92077     11.1439     19.3738     17.4444     19.5136     21.6585     3.09867
   0.334208    0.204767    0.170494     7.03782     49.2802     39.5681     1.64887   0.0940794    0.129624    0.566266    0.965597     0.20472    0.915436     4.34026     11.4558     20.1249     27.2327     19.5169     11.1024     4.12305    0.849666    0.134042   0.0274333   0.0954818    0.355526     1.15905     4.14909     16.0505     38.9751     27.8504     10.0461     1.24336   0.0478875
   0.648435    0.267285    0.154161    0.381443     2.75251     49.1858     26.2054     17.3969     1.89206    0.322705    0.793303     1.50815     5.51227     8.03096     10.0865       14.26      20.039     14.5414     10.4021     8.26153     5.89235     1.46585      1.7925     10.1693     12.8674     13.9564     22.5687     28.0543     7.01446     2.03459    0.968184     0.50744   0.0668285
    2.19208    0.766997   0.0779454   0.0516997      1.0782     43.3991     46.9533     4.45648    0.143959    0.323491    0.556744    0.106331    0.423562     2.48868     10.4257     22.0581     32.1396     20.4376     8.92376     2.31546    0.495949    0.185128   0.0281721    0.676174      5.9295     25.0694     43.9273     19.9225     3.13552    0.928979    0.301975   0.0752076  0.00525225
    1.61521    0.769348    0.238952    0.113849     1.61309     63.2855     22.7314      7.2036    0.679241    0.717401     1.03244    0.542522     2.18859       4.953     8.86901      16.374     30.3299      17.378     10.2885     6.18496     2.38578    0.505813    0.537581     3.12413     8.26625     12.0655     24.3833     42.6348     6.63033     1.29229    0.797918    0.245619   0.0222333
   0.821305    0.144485     2.46785     17.1767       30.63      40.773    0.585868    0.121297    0.794291     2.53319       3.952     0.83955     5.77411     9.03015      11.113     13.7693     18.8917     13.7757     11.2199     9.08082     5.71782    0.787928   0.0146173   0.0781706    0.251124    0.612237     2.39732      25.548       27.98     19.5331     14.7034     8.12901    0.753064
    12.9637     1.38632   0.0783138   0.0901559     10.9777     37.3142     8.05508    0.177139   0.0231704     1.75903     27.1752   0.0261437   0.0298858     0.14965     1.06046      11.592     73.5566     11.9837     1.24326    0.186424   0.0639938    0.107951   0.0236412    0.228635    0.774947     3.68836     24.8659     24.4689     39.7512       5.933    0.189346   0.0444006    0.031698
    14.0008      3.2966    0.678884     1.60447      10.166     28.4195       6.803    0.769248    0.721648     5.81789      27.722    0.637332     2.23627     4.84847     10.5879     19.6403     27.7783     18.2976     9.24083      3.9805     1.76281    0.989669    0.186382    0.967497     2.32759     7.47138     19.1527     20.3566     29.3443     14.7241     4.12531     1.22764    0.116422
   0.485866   0.0887231    0.133334     4.94011     28.9274     63.2332    0.714857   0.0331969   0.0308798    0.165003     1.24741   0.0304641    0.310464     2.24694     7.91322     19.4884     40.6466     18.9162     7.91533     2.19857    0.314813   0.0189744   0.0036105   0.0360894     0.13562    0.466786     4.51956     42.4429     29.8701     16.1986     5.64909    0.645574   0.0320506
    1.93439   0.0563426  0.00181267  0.00752029    0.161562     69.1227     27.6688   0.0753627  0.00115112   0.0116078     0.95869 0.000199567  0.00460428   0.0298572    0.383828     6.45051     86.4764     6.30047    0.341326   0.0112328  0.00146371 0.000122258 0.000374865  0.00755036   0.0927958     1.39646     66.4367     30.2365     1.67868    0.128174   0.0156371  0.00668813 0.000481882
    10.2649    0.722762     1.34842     3.40675     8.23941     42.7784     1.62563    0.650338     3.39685     8.43306     19.1335    0.226467     1.47561     3.30086     6.09931     15.5046     48.5507     14.5131      5.7289     3.05048     1.36239    0.187582    0.101767    0.690643    0.816432     1.66842     7.45793     45.1515     19.3544     10.9199     7.94754     5.11683    0.774697
    1.46908   0.0214197  0.00562606   0.0304036    0.352743       89.39     7.99207  0.00313595  0.00057405   0.0147225    0.720238 0.000491441  0.00577439   0.0335162    0.358973     7.45257     84.2398     7.50104     0.37499   0.0273991  0.00499429 0.000413728  0.00019141  0.00146595   0.0124293    0.832157     42.1043     54.5447     2.10287    0.320682   0.0513389   0.0268282  0.00310883
    10.3158     4.11753    0.792943     1.76605     12.6612     44.7468     3.39344    0.385459     1.71384     7.92268     12.1842    0.531932     2.28057     7.00138     12.8578     18.6552     23.8077     16.6273      10.197     5.70399     2.01343    0.323728   0.0640358    0.735863     2.39982     5.35556     13.0987     32.0642     25.4362     12.4312     6.65593     1.65463    0.103961
   0.231067   0.0360428   0.0356288    0.838546     19.9643     77.6875    0.739232   0.0412771   0.0204981     0.03764    0.368239    0.228909    0.903784      3.9002     10.5187     19.6046     29.7525     20.2131     10.3129     3.71783    0.791008   0.0564603  0.00232794   0.0211651    0.104899    0.446892     5.11698     54.1554      30.391     8.16761     1.43432    0.154908  0.00449023
   0.171298   0.0299882   0.0432893     4.82516     38.5139     54.7869    0.376825  0.00959065   0.0129974     0.29756      0.9325   0.0135493    0.307924     3.80279     12.5142     20.4234     26.2292     20.0923     12.5149     3.77637    0.312618   0.0126294  0.00125315   0.0129082    0.049462    0.248782     2.52252     34.7113     36.1021      20.261     5.74063     0.33755   0.0124103
   0.227598    0.150539     2.08322     8.49507     18.8599     69.0855    0.322999   0.0480152    0.193898    0.166224    0.366937    0.144973     1.69261     3.65292     5.85327     12.0487     53.4402     12.1957     5.75473     3.54934     1.57414   0.0933694   0.0219631    0.154611    0.144349    0.178794     2.67383     54.1805     20.0426     10.5757     7.54231     4.13474    0.350601
   0.593726    0.262232   0.0851852    0.578902     23.2343     65.7821     7.49888     0.95064    0.106216    0.191604    0.716199    0.276196    0.459821      1.5052     6.32509     20.2189     41.3952     21.3348     6.24142     1.51592    0.538559    0.188955   0.0249948    0.439534     1.51956     4.18629     15.3776     30.4518     36.1481     10.3334     1.24273    0.252469   0.0236422
    4.92526     5.34288     8.57561      9.6684     13.1574     20.8401      11.012     8.90165     4.32719     4.47422     8.77527     19.1685     7.98833     6.87732     6.21205     6.08006     6.48321     4.51122     3.79183     4.71455     8.35937     25.8136    0.995649     9.46186     11.3934     12.8562     7.94174     4.44058      12.964     18.3834     13.6254     6.40968     1.52812
    21.1791    0.522216   0.0266189   0.0638662     1.64034     61.8386     2.57773     0.10401   0.0165664    0.175208     11.8557   0.0260343   0.0603483    0.169409     1.05044     13.2249      70.562     13.6407     1.08145    0.138801   0.0367277  0.00913029  0.00129592   0.0318919    0.341132     1.90586     18.9016     65.7023     12.0066    0.893195    0.167001   0.0427337  0.00631898
    2.45109     1.83385    0.377359     0.11052    0.988467     25.4815     53.3515     12.9162    0.765867    0.750704    0.972962    0.152951    0.800822     4.16674     10.8142     18.7706     30.6023     18.3282     10.4133     4.56728     1.01078    0.372925    0.121749     4.40958     16.4738     30.9908     34.3795     9.00886     2.54094     1.24858    0.617788    0.193864   0.0145153
     0.5813    0.409759    0.334267     7.80736     40.1149     35.7474     11.2803     1.71469    0.183603    0.568364     1.25795     1.53755     3.39852     5.71086      9.8706       17.01     25.0304     16.9531     9.99783     5.85569     3.26348     1.37198    0.101598    0.948768     4.19552       8.163     10.0371     9.37357     26.9849     26.9993     11.5587      1.5497   0.0879239
   0.383025    0.183646    0.418046     5.07086     19.0619     37.7767     21.1776     12.9634     1.44523     0.49885     1.02082     1.89433     3.39034     5.34767     8.46895     13.6571     18.1717     16.4633     12.4962     9.60431     7.02088     3.48516    0.605447     6.63545     12.4576     13.3871      15.276     12.6327     17.3523     12.0756     7.11844     2.29636    0.162993
    7.19831    0.431709      1.5287     4.53616     12.2352     30.1693    0.824256    0.385728     3.50525     10.9548     28.2306    0.169569     1.54254     4.09827     8.75731     19.3464      37.051     17.7535     7.30176     2.91267    0.926517    0.140491   0.0426744    0.454318    0.415529    0.897503     6.18386     27.9223     28.1632     16.2863     11.5096     7.04923     1.07558
    4.09058     6.41468     3.41953     1.12979      2.4471     18.5143     29.6237     22.4827     6.83925     2.58096     2.45741     3.16241     5.15314     7.03621     10.7406     14.7954     20.3287     15.3953     11.6114     6.72822     3.59058     1.45789     6.01636     17.3736     21.2288      20.262     16.9365     5.47784     4.56983      3.3427     2.29346     1.80889    0.690002
   0.275239   0.0607009    0.019006    0.528504     37.5281      59.887    0.612256   0.0487123   0.0101818   0.0672136    0.963149   0.0355032   0.0885546     0.41191     3.23597      21.657     49.4212     21.3932     3.19516    0.450776   0.0877186   0.0229714  0.00210659   0.0340999    0.145589    0.476099     2.62401     29.5556     53.7682     12.5415    0.758654   0.0863036  0.00784928
    4.05262    0.310308     7.11621     19.0072     27.1123     27.0738    0.339733   0.0861919    0.946207     2.32597     11.6295    0.208739      2.1869     5.69452      9.3613     16.5936     30.4616     17.2806     9.97634     5.92628     2.14581    0.164318   0.0146866    0.182901    0.199436    0.484486     3.35811     20.2965      27.303     19.3637     15.9162     11.6025      1.2785
   0.707156    0.408587    0.315117     1.33357     8.56333     43.1344     37.2473     7.42129    0.278256    0.197259    0.393654    0.973782     3.67401     7.61892     11.1303     15.3737     19.5391     16.0913     12.2277     8.14328     3.82261     1.40523     0.10506     2.99642     13.4121     23.1324      25.941     12.8854     10.8776     6.34164       3.112     1.04786    0.148653
    1.09838    0.393722   0.0493699    0.288339      8.3094     56.6069     30.4367     1.71814   0.0551849    0.285322      0.7585    0.243149     1.35446     6.21312     12.8425     18.3116     22.9567     18.1552     12.3284     5.93436     1.36637    0.294028   0.0375056    0.418845     2.84564     16.4063     32.8333       24.43     17.9325     3.77081    0.995225    0.299929   0.0298576
  0.0927165   0.0157408   0.0168564    0.872288     37.3266     60.8011    0.201935   0.0182457  0.00480436   0.0650949    0.584545  0.00506481   0.0300389    0.599515      9.2802     24.1166     31.7458     24.2299     9.34873     0.60397   0.0358525  0.00440056  0.00398604   0.0193959   0.0432992    0.168058     1.23596     40.8063     41.0505     15.8074    0.790142    0.067175  0.00775833
    24.3992     3.56781    0.104403   0.0980654     2.15456     41.0502     18.7589    0.911153    0.125338      1.0737     7.75667    0.234371    0.351794     1.62318     7.78931     21.8163     35.5943     21.8581     8.48112     1.76578    0.371635    0.114103   0.0155014    0.331513      2.1241      14.617     40.4358     29.8286     9.68129     2.37322    0.466176    0.109329   0.0174508
   0.470218    0.122991     9.50503     18.5579     22.5129      44.695     1.31741   0.0643544    0.536078    0.497082     1.72109      1.3637     6.28449      7.5536     9.19533     13.8322     23.7875     14.1139     9.25357     7.32002     5.92761     1.36802  0.00218517   0.0892534     0.33571       1.106     4.72986     28.5444     20.9851     14.3501     13.7324     13.6131     2.51181
    20.3513     2.14377    0.355287    0.170431    0.820376     43.2146     21.4391     4.93362    0.256893    0.431043     5.88359   0.0242908    0.127364     1.30523     6.12599     15.0888     54.4788     14.8311     6.35905      1.4447    0.134006   0.0806514   0.0361251     1.15463      5.7762     14.0391     25.4574     49.3869     2.87485    0.798198    0.371036    0.102023  0.00354746
    29.2994    0.874864   0.0342349   0.0571221     1.45758     49.7483     7.39877      0.2021   0.0381537    0.286279     10.6031    0.135926   0.0954782    0.247113     2.32218     18.3769     57.4307     18.7944     2.33965    0.202777   0.0429257   0.0119542   0.0066221    0.139895    0.502538     3.67523     37.5636     44.7782     12.2005     0.97124    0.113119   0.0376057   0.0115226
   0.182329    0.127261  0.00163621     2.25789     71.9392     23.8103    0.185666   0.0103397   0.0018772     0.49663    0.986897  0.00903426   0.0240321   0.0875527    0.801224     11.0353     76.5881     10.4706    0.851185     0.10846   0.0211854  0.00331202 0.000171043  0.00292799   0.0251731    0.287844    0.793602     8.06483      47.167     42.0305     1.61877  0.00907744 0.000126094
    3.53304    0.923642    0.506701    0.158915     1.43952     32.5077     33.9068     22.3327     3.00175    0.565165     1.12405    0.268957     1.54122     5.74914     10.7159     16.8934     28.8482     16.8403       10.43     6.02621     2.35501    0.331731     1.61038      9.8844     16.9667      20.189     29.2876     15.5605     3.97245      1.2881    0.662825    0.507161   0.0708915
   0.331154    0.163458     1.96321     15.5009     45.5341     33.0881    0.512072   0.0602288    0.567658    0.683091     1.59598   0.0948835    0.873215     3.19285     8.43951     19.0052     37.2397     18.8157     8.44597      3.0665    0.746867   0.0796023   0.0107518    0.104163    0.193886    0.506835     1.68054     14.0719     36.6295      26.906     14.5689     5.02879    0.298793
   0.335207    0.195314   0.0894972     6.01507     59.8186     30.3005      1.4685    0.111108    0.156594    0.611564    0.897984    0.105865    0.426874     1.61823     6.02397      20.237     43.1903     19.7843     6.36027      1.7013    0.458963   0.0928875  0.00313432   0.0629437    0.369717     1.17491     2.71212     10.2404     40.3994     36.3323     8.09982    0.587906    0.017309
   0.526352    0.152818     3.02178     32.3444     41.6224     18.4656    0.698448   0.0698536     0.26982     1.12899     1.69956    0.118237     1.27087     4.32949     9.50174     18.6714     30.7339     19.1313     9.76469     4.74536     1.55021    0.182829   0.0162711     0.11096    0.246568    0.783259     1.89269     6.00092     21.8368     26.7707     27.1872     14.3572    0.797436
    12.4213     7.49739     1.48097     1.21822     6.24964     27.3378     16.9782     3.88102      1.8503     5.39372     15.6914     6.54996     7.87265     8.71094      9.8115     11.2204     13.3529     11.5303     10.2302     9.28084     6.76625     4.67401     0.53144     2.89555     9.62831     17.4063     21.9504     12.4198     19.1257      10.062       4.038     1.62887    0.313537
   0.532706    0.211343     1.49581     19.0001     51.9439     20.9409    0.460355   0.0509926    0.545448     2.30394     2.51447     0.15459     1.34826     5.22416     11.3907     18.7671     26.4988     18.6318     11.5509     5.15619     1.17643    0.101044   0.0114731   0.0790955    0.222291    0.589733      1.5193     7.20187     29.3882     33.5198     20.5915     6.49079    0.385916
    0.57528  0.00501817   0.0121713   0.0909902     1.80581     96.2056    0.602242  0.00898398  0.00521988   0.0217028    0.666983  0.00125892   0.0144994   0.0522501    0.389405     8.84939     81.4324     8.76984    0.416753   0.0580064   0.0152242 0.000942771 0.000228998  0.00348973   0.0333137    0.285866      4.6407      82.422     11.7206      0.6734    0.164841   0.0517243  0.00381907
    18.9328     19.7874     2.28324     1.63684      8.0198     18.3445     12.1379     2.34887     1.30879     6.29032     8.90961    0.523039     1.21968     3.16752     8.47454     17.9545      32.421     20.0437     9.66629     4.24771     1.51346     0.76854    0.208035     3.68501     12.5737     22.3505     22.2964     9.08566     12.9013     10.7447     4.43551     1.42671    0.292552
    17.6301   0.0147452   0.0351707    0.101869    0.243971     64.1284    0.180529  0.00940593  0.00617482   0.0466459     17.6029  0.00196577   0.0181603   0.0345505   0.0864208     1.48697     96.7858     1.44115   0.0907909   0.0344873   0.0177389  0.00196623 5.68489e-05 0.000803004   0.0168516    0.122619     2.02741     95.9871     1.39659    0.220261    0.120627   0.0922195   0.0154978
    8.90252     4.69579    0.564502    0.758286     5.75403     27.7492     25.5698     5.31099     1.58573     7.89024     11.2189     0.26859     1.19556     3.30364     8.65975     18.8663     33.7571      18.421     9.03905     4.29648     1.76173     0.43081     0.40442     3.38745     7.52575     17.8216     27.0883     12.8374     14.7066     9.28497      4.8677     1.92137    0.154432
   0.270811    0.113983    0.444484     14.3823     62.5578     18.8773    0.389098   0.0416328     0.37331     1.39863     1.15068   0.0708065    0.462112     2.29914      7.8618     20.5845     37.4879     20.4651     8.01861     2.25786    0.429909   0.0621594  0.00692537   0.0784261    0.229903    0.455428    0.831476     5.85174     31.4132     39.0715     19.0203     2.98008   0.0609997
    8.68763   0.0999305   0.0935625    0.348474     6.06082     48.7163    0.702185   0.0499384   0.0880926    0.819194     34.3339   0.0669853    0.114977    0.385793      2.7514     19.3493     55.8247     18.5477      2.4493     0.32606    0.114081   0.0697139    0.019781   0.0812909    0.116608    0.434184      5.8388     56.9889      30.426     5.07383    0.728387    0.246986    0.045186
   0.820022    0.557418    0.587641     3.24271     16.6018     44.8187      24.856     6.04534    0.708142    0.576829     1.18547     4.67282     9.40691     12.7392     14.2082      15.301     16.2398      11.502     7.20879     4.55943     2.45667     1.70508    0.276135     3.29123     10.0795     15.5321     19.8302     13.5894     18.7581     11.0376     5.20814     2.17984    0.217672
   0.403875  0.00766062  0.00590019   0.0421535     7.57854     90.9462    0.432696   0.0153267  0.00588673   0.0178568    0.543897  0.00455369   0.0101786   0.0587442    0.740613      15.845      66.843     15.6388    0.772636   0.0692287   0.0124373  0.00478937   0.0138384  0.00929381   0.0456329    0.253146     3.20543     64.6997      30.303     1.34911   0.0994151   0.0168643  0.00453071
    5.42501    0.268353    0.228792     1.13318     11.5367     37.3088    0.787687   0.0569277    0.205405     2.89534     40.1539   0.0692035     0.32345     1.06878     5.96478     21.3067     41.6062     22.1076     5.88803     1.14064    0.400661    0.124001  0.00763145   0.0626259    0.198631    0.761542     4.82117       34.76     41.2123     14.1264     3.06251    0.906239   0.0810293
   0.304423     0.10049    0.145014     5.33914      35.127     49.2637     8.47183    0.531206   0.0692457    0.191848    0.456116    0.330118     1.91037     5.87005     11.4424     18.1502     24.9676     17.8223     11.4119     5.88724     1.92605    0.281733   0.0284765     0.29508     1.11453     4.50726     15.0098     18.5425     31.8948      20.704     6.88773    0.962482   0.0533721
    0.30501    0.094452      2.8446     22.0549     37.4082     33.5269      1.4425    0.145353    0.266809    0.545157     1.36613    0.327077     2.57144     6.82665     11.4813     17.5228     25.4462     16.6831     10.4152     6.23533     2.22506     0.26583    0.018523    0.135652    0.305613    0.959463     4.21413      14.445     28.5317     23.2869     18.8133     8.68258     0.60711
    5.49661    0.972458     2.92279     4.52417     10.8104     31.4528     1.64243      2.2756     11.2474     16.3063     12.3491    0.522258     3.69314     7.24588     9.63626     15.3063     27.2654     15.9963     9.42959     6.72596     3.68061    0.498257     0.63088     1.68449    0.620913     1.92647      7.1079     21.6077     20.5892      14.126     14.6878     13.8977     3.12094
    5.74163    0.193703     6.32249      13.455     18.2365     37.5191    0.334777    0.105776    0.874755     1.80117     15.4151    0.600046     3.89131     5.65811      7.4146     13.5741     37.0482     13.8384     7.54772     5.84854      3.9459    0.633078   0.0228518    0.172091    0.194733    0.404465     2.99578     38.6327     23.2709     12.9871     10.8796     9.14105     1.29875
   0.276753   0.0488579    0.611554     11.9063     38.6578     45.8086    0.357644   0.0240128    0.182961    0.897066      1.2284    0.137287     2.69738       8.513     12.7134      15.984     20.7249     15.5699     12.4259     8.43054     2.67597    0.127574  0.00224881    0.037191   0.0988129    0.271703     1.85216     28.5237     31.4657     21.6184     13.0558     2.98713   0.0871843
   0.366237  0.00799866  0.00604028   0.0437357     4.59571     92.9628     1.39273   0.0465352   0.0057269   0.0190554    0.553413   0.0245316    0.100147    0.641043     4.17088     22.3756     45.4064     22.6769     3.92402    0.572318   0.0936613   0.0145036  0.00184215   0.0193146    0.121888    0.612568       10.18     67.0339     20.5626     1.31579    0.128425   0.0202244  0.00335751
   0.357344   0.0290187     0.34534     2.77485      13.618     81.8971    0.249198  0.00904418     0.03792    0.109399    0.572757   0.0185367    0.353512      1.2345     3.19274     9.95862     70.5397     10.0727     3.15737     1.15568    0.303053    0.013581  0.00638204   0.0274894    0.031961    0.138365     2.08314     69.4161      16.295     7.18451     3.42616     1.29698   0.0939311
   0.611447   0.0179493  0.00570674   0.0231752    0.836717     94.4141     3.53792   0.0223001   0.0031805   0.0224447    0.505104  0.00307088   0.0205574    0.112326     1.27552     16.2988     64.8227     15.9958     1.32893    0.121428   0.0174884  0.00338575 0.000121302   0.0041963   0.0859583     1.17379      20.752     71.1663     6.33412    0.408001   0.0597493   0.0142785  0.00150757
   0.306377    0.184195    0.216252     5.00984     25.9748      45.599     19.9862     1.82045    0.102196    0.322049    0.478577    0.749608     3.30777     7.20237     11.6116     16.2277     20.8517     15.7521     11.3455     7.68949     4.17029     1.09183   0.0543756    0.639293     4.04235     13.2736     20.7118     13.2141     21.0442     17.1075     8.11096     1.67648    0.125389
   0.643575    0.229718    0.108464     1.51874      21.625     59.7703     14.2771    0.785382    0.120747    0.214295    0.706729    0.518812     2.33838     8.04897     14.6207     19.0426     21.5112     16.4236     10.5811      5.1942     1.38813    0.332319   0.0428764    0.575463      1.5787     7.16233     24.2039     24.6051     27.0015     11.5751     2.76007    0.449929   0.0449463
    36.1048     5.32278     0.31745    0.303073     4.21154     32.5125     10.8191    0.579774    0.235505     1.55011     8.04337    0.575096      2.1803      7.1624     16.0083     22.3881      24.781     14.9032     7.84579     3.05337    0.755652    0.346782   0.0221186    0.361056     3.26973      15.938     37.8839     24.5383     13.1249     3.47361    0.963666    0.304152    0.120604
   0.357376    0.105259     2.69946      13.641     25.1079     55.3801     0.48356   0.0811074    0.453377    0.334541      1.3564    0.344639     3.16889     5.83207     8.50038     15.5539     32.9377     15.7201     8.63926     5.84636     3.10922    0.347514  0.00922933   0.0841794    0.151244    0.357042     2.49379     36.6112     28.7644     14.4733     10.7584     5.84444    0.452755
   0.331059   0.0650406   0.0786638     5.09573     31.3469     62.0088    0.520415   0.0260174   0.0248812    0.135114     0.36734    0.232092     2.32063     7.66595     12.3265     16.7008     20.9315     16.7475     12.4978     7.88906      2.4808     0.20744   0.0017247   0.0451962    0.118621    0.326561     3.48588     42.4632     31.3899     15.8589     5.74834    0.548283   0.0134352
    0.44513   0.0479154   0.0044757   0.0612157     21.6784     76.4934    0.486679   0.0145686  0.00775358   0.0339326     0.72659   0.0545474    0.084519    0.189918     1.11992     14.1135     68.9636     14.2052     1.04144    0.160799   0.0457988   0.0208501 0.000544403   0.0105705   0.0630866    0.291036     3.10548      38.745      54.807     2.82087    0.132819   0.0181057   0.0055137
   0.665427    0.483843     4.99019     10.7265     18.9553     48.1424     11.7268       1.643    0.563344    0.602925     1.50031     1.50924     4.25434     6.84386     10.1785     16.0804     24.3836     15.0116     9.73676     6.47906     4.11669     1.40603    0.435469     1.26735     2.99505     7.47309      15.292     21.9282     16.4688     11.1777     9.98094     9.39156     3.58991
    9.82578     3.28182     1.38647     3.17989     16.6383     36.5422     6.18124     1.60427      2.1619     5.38764     13.8105     24.1505     11.6855     9.42772     8.43293     8.75476     10.7382      8.8009     6.65536     4.14937     2.84832     4.35637    0.124822     1.07088     3.58762     7.34958     14.5822     18.9109      30.392     14.9228      5.3985     2.51343     1.14726
   0.816285     0.11538   0.0110689   0.0212828     1.06278     72.3574     24.7708    0.286868   0.0232484    0.106759     0.42815   0.0178081    0.112322    0.840892     6.88313     23.5853     37.4602     23.1664     6.90715    0.909132    0.107742  0.00992134   0.0107619    0.103964    0.712444     8.19627     40.8846     43.6477     5.64988    0.648631    0.111983   0.0313062   0.0024894
    3.46069    0.757332   0.0471091   0.0392086    0.454945     37.4897        51.7     3.32109   0.0378033    0.599059     2.09305  0.00644854   0.0671159     0.80396     3.39735     14.7659     62.9058     14.3202     2.87789    0.723685    0.101782   0.0299131   0.0048382    0.545712     3.38099     18.9747     59.1779     14.1386     2.68046    0.930893    0.109268   0.0551713  0.00137286
   0.380047   0.0380502   0.0208651    0.302902     12.1204     81.0659     5.52968   0.0820744   0.0141435   0.0653478    0.380539    0.119839    0.321471     1.50633      7.9737     22.4099     34.8557      22.358     8.35817     1.70986    0.330249   0.0567925   0.0115882   0.0436625    0.304689     2.36798     22.4173      39.516     28.9232     5.39224    0.901536    0.114531  0.00727784
     8.3665   0.0524325     1.34989     3.85717     6.44051      50.895    0.187265    0.118418     1.26875      4.2168     23.2473   0.0908512    0.932759     1.97981      3.5458     8.28804     70.1264     8.50064     3.50985     1.97807    0.955008   0.0927445   0.0189072    0.100576   0.0700842    0.155856     1.52847     67.8412     12.6064     7.01953     5.44232      4.4315    0.785113
    3.11502    0.397467   0.0361423   0.0372737     1.17715     58.3679     34.0625      1.5917   0.0508291    0.271583    0.892421   0.0249733   0.0744166     0.68113     4.52384     20.7055     49.3163     20.0753     4.03357    0.479582   0.0707837   0.0145933   0.0143742     0.40731     1.92613     12.5092     51.6871     28.1973     3.87304     0.94432    0.336972     0.10186  0.00234457
    2.81103     1.01603     2.71598     17.1083     36.4337      22.226    0.831373    0.361926     1.58783     5.67649     9.23128    0.578743     3.10689     7.88532     12.5058     16.7964     21.6666     16.3284     11.3852     6.76002     2.43022    0.556366   0.0991707    0.364903    0.687926     1.57373     3.24253     10.0744     29.9344     27.2691     17.5299     8.09285     1.13118
    1.28742    0.324973   0.0152094    0.039429     1.20067     58.5228     36.9049     1.13835   0.0245298    0.173363    0.368355   0.0407176     0.21921     2.37711     11.6577     22.7543     29.6235      20.905     10.1612     2.00442    0.197895   0.0589049   0.0197325    0.119858     1.67426     17.8865     39.3834     34.3713     5.72269    0.625952    0.137551   0.0472162   0.0115097
    15.2771     3.23625    0.388232    0.471792     5.55926     42.6825     14.1138     1.11869    0.464999     3.35571     13.3316    0.885743        2.07     5.37668     10.9757     17.6638     23.3353     18.3431     12.2521      6.2554     2.19149    0.650654    0.101511    0.700559     2.93148     10.4407     28.2837      29.954     19.2672     5.71532     2.03154    0.532536   0.0414283
    11.7258     8.13865     2.68174     5.81709     10.8657      21.235     15.1833     5.94065     2.51304     7.69208       8.207     9.56568     7.89178     7.25437     8.19027     9.89576      11.902     10.0368     8.76393     8.59753      9.5542     8.34766    0.275485     2.54864     10.8921     18.1846     19.8233     7.86907     12.8701      12.406     9.26036     5.09293    0.777494
    6.56251     1.62562     10.8953     14.3428     19.7986     26.7998     1.04382     1.28125     3.43622     4.41489     9.79915     1.93993     7.26949     8.41179     9.75107     14.2457     19.7759      13.536      9.2257     7.82696     6.51684     1.50066    0.859235     1.16427    0.928919     1.80607     6.30603     18.9121     22.5436     16.5933     14.1429     11.9107     4.83285
   0.195441   0.0773063   0.0210442     1.75806     55.1735     41.2182    0.556289   0.0604353   0.0250295    0.144573    0.770101   0.0231408   0.0850639    0.480977     3.48647     20.0788     51.3942     20.1108     3.74455    0.513098   0.0722742   0.0107276  0.00103013   0.0263835     0.12288    0.409195     1.87167     16.0949     53.7657     25.5006     2.10797   0.0972091  0.00247036
   0.948623    0.334887   0.0612973   0.0904048     2.27263      76.337     16.4819     1.61273    0.235571    0.647586    0.977388    0.103495    0.301906     1.19057     4.69949     15.9451     54.2052     16.5051      4.9998     1.51764    0.438119   0.0936136    0.124088    0.475927      2.5455     8.68775     22.1093     54.4891     9.36392     1.42571    0.590735    0.183991  0.00404857
    15.3052      1.2609    0.145094    0.524715     6.56241     52.4159     4.80106    0.286398    0.184883     1.81469     16.6987    0.505242     0.82565     1.89419     6.49202     21.1167     36.7693     22.0918     7.42974     1.97107    0.696832    0.207364    0.121092    0.443366    0.925973     3.48983     20.3231     44.3904     23.4435      5.0559     1.41651    0.346659   0.0437321
    4.05841     2.40938      2.0213     9.83852     22.9963     31.6327     16.1905     3.44033    0.592829     2.56202     4.25765     6.58692     9.35576     9.34481     9.57171     10.7583     12.3261     10.6692     9.26583      8.6474     7.99541     5.47855    0.054353    0.894695     5.79245     12.8212     18.4783     8.82409     18.5328      17.754     10.8792     5.44504    0.523862
   0.804538    0.048693   0.0159551   0.0549376     2.22754     87.4029     8.82449   0.0382759  0.00763516   0.0211247    0.553875  0.00596251   0.0644408    0.410144      3.4927     23.1371      46.302     22.5568     3.53588     0.42213   0.0623712   0.0104212  0.00326807   0.0244211    0.200277     2.23797     35.3417      50.425     10.2162      1.3203     0.18906   0.0370477  0.00472151
    0.71718   0.0450414 0.000571826   0.0172779     50.2926     46.0074    0.187768   0.0044378 0.000631006   0.0749312     2.65211  0.00489683  0.00476621   0.0277409    0.308156     7.62001     84.4458     7.30939    0.249001   0.0220973  0.00487772  0.00328906 1.17857e-05  0.00132578   0.0136525    0.196511     1.27787     17.6749     74.4032     6.40362   0.0280884 0.000764815 3.94315e-05
   0.253155  0.00777112  0.00848513   0.0815067     16.8557     81.7327    0.464185   0.0141518  0.00356371   0.0192544    0.559606   0.0134307   0.0268349    0.169635     2.61311     23.8773     47.2891     23.2384     2.55045    0.191286   0.0283419  0.00205018  0.00107753  0.00793987   0.0458285    0.247134     3.78681     53.2713     39.5706     2.88232    0.153665   0.0305305  0.00280483
    8.20367     6.89796      1.9329     5.37908      20.158     16.6945     5.09509     1.23085     3.51236     17.5136      13.382    0.522748    0.735882     3.06195     8.89871      19.247     38.1623     18.6648     7.40093     2.21364    0.694433    0.397607     0.31476     1.51678     4.68989     7.68736     11.4236     8.59881     22.2998     23.2158     15.4897     4.63609    0.127296
   0.394863   0.0509556   0.0386499     1.56695     28.9334     64.7025     3.45975    0.133098   0.0397469    0.118341    0.561737    0.135593    0.624228     3.83451     12.0855     20.7281     26.2025     20.4339      11.675     3.61629    0.587247   0.0771867   0.0228462    0.117036     0.34228     1.57974     13.9075     31.1196     36.2227      14.238     2.21311     0.21406   0.0232215
   0.161318   0.0637205    0.108191     3.01332     44.9855     49.9613     0.94088   0.0628366   0.0322531    0.121984     0.54871   0.0410868    0.204917     1.42277     8.02335     22.3735     36.2318     22.1539     7.98798     1.35001    0.184835   0.0258493   0.0107997   0.0670862    0.135934    0.570247     3.26816     24.8821       44.45     22.3107     3.76956    0.492612   0.0427219