   0.350346   0.0266331   0.0406038     2.08345     27.5448     68.1622    0.736632   0.0231723   0.0128711   0.0647964    0.954473   0.0295569    0.105831     1.00445     6.30967      19.818     45.8522     19.5723     6.21839     0.96484    0.113475   0.0112403  0.00233159   0.0236072    0.083138    0.404469     4.82801     46.5701     30.3836     14.7716     2.69782    0.223229   0.0121151
   0.197094    0.022531    0.025686    0.592575     17.3756     80.6786    0.690487   0.0411699   0.0117366   0.0272629    0.337267    0.175091    0.671868     3.17775      9.6995     19.9113      32.201     20.9156     9.56784     3.04407    0.591231   0.0448007   0.0033924   0.0175073   0.0918695    0.370753     5.39095     57.3943     28.6823     6.79711     1.13981    0.108984  0.00301179
    9.03944   0.0706888     2.04196      5.3281     8.43155     47.3899    0.199278    0.147554     1.48738     4.14276     21.7214    0.159318     1.37053     2.65089     4.33082     9.06791     64.8603     9.18171     4.23416     2.61907     1.37186    0.153472   0.0285167     0.14714   0.0900529    0.180092     1.70685      63.583     13.5104     7.91169     6.43936      5.5144    0.888455
   0.307605     0.13459     2.54566     11.3089     22.7976     61.1715    0.276913   0.0649512    0.318652    0.220542    0.852972    0.211873     2.32064     4.76381     7.34108     14.8282     41.1377     15.0372     7.37173     4.66642     2.15821     0.16311   0.0138928   0.0955175    0.126459    0.203513     2.32806     43.6777     25.6813     12.8891     9.48135      5.0734    0.429684
   0.365834    0.187924    0.141725     5.50594     42.0466     44.6172     6.02912    0.237945   0.0425988    0.201442    0.623679    0.252185     1.37518     4.24202     9.65228     19.2171     30.2793      18.805     10.1658     4.50672     1.32025    0.184121   0.0228504    0.141502    0.709431     3.46005     11.4243     16.3562     34.6691     24.9757     7.39444    0.801102    0.045269
    1.32955    0.527785   0.0370434    0.113768     5.10812     56.3122     33.5877     1.82345   0.0531409    0.329504    0.777724    0.126776     1.02885     6.25451     13.9353     19.6373     23.5039     17.9841     11.6804     4.89366    0.800697    0.154601  0.00964945    0.288699     2.73757     17.3543     35.5191     27.7153     13.6095      2.0926    0.511823    0.142264   0.0191871
    15.9139        6.76     1.06122     1.28727     7.09078     30.6616     13.6318     1.93834    0.965903     5.43892     15.2503     1.33487     2.67289     5.11303     9.75044     16.6504     23.6346     17.6858     11.6167      6.7109     3.19535     1.63497    0.272658     2.08325      5.4394     14.0016     25.5585     18.7989     19.1821     9.48477     3.90612     1.17607   0.0967326
    15.9565     1.94957    0.196511    0.714167     6.84698      45.927       8.432    0.537366    0.303702     3.27855     15.8576    0.717375     1.26007     3.81185     9.72589     19.6257     28.1015      19.759     10.7413     4.39253     1.44785     0.41694   0.0350184    0.219268     1.48952     6.17954     24.0218     36.7679     21.8555     6.70506     2.23385    0.461971   0.0305788
   0.439543  0.00483833  0.00400101   0.0279591     5.68028     92.9714    0.325762   0.0127007  0.00475072   0.0122078    0.516583  0.00410883  0.00800965   0.0430679    0.549479     14.1081     70.6966     13.9723    0.555865   0.0482177  0.00956602  0.00463736   0.0135547  0.00759738   0.0388856    0.207653     2.80833     67.9843     27.9484    0.910197   0.0665068   0.0109635  0.00361313
   0.413964    0.182931    0.305097     3.51492      18.242     39.4996     20.6922      13.885     1.74252    0.469018     1.05272     2.11073     3.75931     5.99348     8.99695     13.6905     17.7756     15.8801     11.9924     9.45323     7.06365     3.28399    0.724026     7.11323     12.5402     13.0377       15.66     13.8301     18.4199     11.4808     5.39862     1.66608    0.129391
   0.759018   0.0870368     6.80399     19.2011      23.595     44.2637    0.522062   0.0440994    0.553836     0.69245     3.47768     1.27589     6.35151     7.55432     9.20803     13.6363      23.406     14.1149     9.40575     7.53734     6.16598     1.34395  0.00385305   0.0530074    0.222887    0.577509     2.29986     30.6152     24.5768      15.243     13.5513      11.175     1.68161
   0.184228    0.127812    0.001868      2.3007      71.924     23.7351    0.198528   0.0106437  0.00247303     0.51732    0.997293  0.00861315   0.0262129   0.0956146    0.837397     11.1505     76.2137     10.6238       0.895     0.12081   0.0245094  0.00377222 0.000189919  0.00300101   0.0272488    0.297333    0.814717     8.03208     46.9384     42.1658     1.70983   0.0112767 0.000162412
   0.155377   0.0701913    0.100865     3.08796     46.2225     48.9464    0.648674   0.0373501   0.0296839    0.121804    0.579172   0.0382566    0.187359      1.4571     8.26404     22.4353     35.4817     22.3363      8.2464     1.36537    0.165701   0.0224518   0.0109192    0.049316    0.101958    0.415359     2.69471      24.291     45.0212      22.929     3.95737    0.488175   0.0410921
    4.13004    0.391225     1.12556     6.70372     20.8313     38.4161    0.543836    0.172523     1.08537     4.75465     21.8457    0.361358     1.84111     4.63395     9.42755     18.1907      31.138     18.2601     9.59152     4.77296     1.63247    0.150248   0.0178844    0.178019    0.284873    0.627378     3.94098       31.53     33.1278     17.2652     9.16328      3.5114      0.3532
   0.768139   0.0316976   0.0074279   0.0290527    0.915732     93.1793     4.38263   0.0497962  0.00641608   0.0391197    0.590689  0.00492718     0.02787    0.131386     1.36296     16.0721     65.0679     15.7732     1.38523    0.144307   0.0248763  0.00524936 0.000205627  0.00964849    0.157146     1.54281     22.4561     69.0629     6.18381    0.480686   0.0838982   0.0209903  0.00179338
   0.888414    0.277828      0.1242    0.278285     2.14718     48.9925     29.2011     15.8962     1.34971    0.246241    0.598291     1.09122      4.7633       8.103     10.5722     14.8963     20.4331     14.9448     10.9605     8.28464     4.93657     1.01425     1.19009     8.13739     13.4268     15.4844     25.1909     27.7072     6.19772     1.59955    0.725357    0.304451   0.0361357
   0.748295    0.119772   0.0413181    0.290529     8.77527     74.8846     14.0062    0.357796   0.0289508    0.131946    0.615286    0.255825    0.823968     3.09255      11.486     22.2649     28.1868     19.8325     9.96407     3.17703    0.789395    0.126991   0.0364186    0.167282     1.02425     6.47893      29.726      35.457     21.6719      4.1693     1.06566    0.169812   0.0334536
    24.3473     0.67958   0.0250451   0.0601906     1.25481     58.0237      4.0983    0.179005   0.0110807    0.157083     11.1639   0.0370793   0.0495803     0.15654     1.29471     13.9777     68.3936      14.569     1.32643    0.152762   0.0339967   0.0086902   0.0015997   0.0414527    0.467437     2.64844     23.4768     61.8504     10.6194    0.729863    0.130661   0.0282415  0.00573619
   0.641683  0.00167955  0.00629582   0.0296987    0.245079     98.2607    0.104541  0.00223434   0.0030823   0.0117729     0.69318 0.000196369  0.00392916   0.0116648   0.0487848     1.47548     96.8808     1.51398   0.0494605   0.0118175  0.00367431 0.000180019  0.00012284 0.000841218  0.00433672   0.0494576     1.40712     96.5836     1.74792    0.134932   0.0474292   0.0220777  0.00212195
    1.64109     0.25999     4.40961     22.9408     35.9094     26.0819    0.362475   0.0572285    0.593288     1.81414     5.93016    0.256358     2.54087     6.75291     11.2352     17.2504      25.258     17.1102     10.8228     6.44283      2.1579    0.172536   0.0106329   0.0893281    0.141644    0.506646     2.47101     12.5982     30.1242     24.1273     18.3669     10.4967     1.06749
    0.12846   0.0079542   0.0157486    0.307353     31.5584     66.8863    0.209535   0.0129017  0.00437552   0.0452587    0.823711  0.00601604   0.0280901    0.264901     6.26566     25.2288     36.7755     24.9876     6.11701    0.284156   0.0349313    0.007369  0.00270127   0.0117101   0.0336685    0.159933     1.41816     45.5925     41.7925     10.6022    0.327422   0.0521376  0.00709408
   0.461447   0.0290567    0.251213     2.18302     12.2106     83.7294    0.209987  0.00846639   0.0475566    0.151683     0.71754   0.0128479    0.252771    0.919245     2.62182     9.10652     74.1346     9.22301     2.62762    0.872268    0.220747  0.00857844  0.00505014   0.0194896     0.02906    0.135149     1.69548     72.2337     15.3659     6.43593     2.90311     1.09894   0.0781644
   0.369047   0.0439629    0.034236    0.496902     21.5804     72.6864     4.08094    0.100386   0.0361735   0.0957575    0.475736    0.217312    0.439701     2.13674     9.36997     21.5677     32.1395     21.9337      9.4886     2.17061    0.439121    0.097037  0.00539777   0.0565108    0.321051     1.98169     16.4033     33.5505     37.3525     9.10089     1.06099    0.153422   0.0137052
    0.47582   0.0397305   0.0234138    0.252839     9.66079     83.7815     5.10636   0.0793398   0.0176573   0.0656799     0.49689   0.0753885    0.169074    0.833922     5.72564     22.4479     41.3222     22.2572     6.04938     0.92194    0.169421   0.0279098  0.00495248   0.0449165    0.289016     2.15509     23.1533     42.2653     26.6857     4.58471    0.702785    0.106956  0.00719424
    6.64216    0.124034     5.84164     11.3376     15.4132     40.7081    0.138883    0.111693     1.02229     1.86015     16.8003    0.477046     3.43523     4.97807     6.41783     11.2199     46.7474     11.3211     6.45242     5.01637     3.43132    0.503268   0.0252217    0.208621    0.110589    0.216567     2.29109     48.6415      18.708     10.9332     9.34788     8.31607     1.20122
   0.817788    0.643905    0.371922     5.60121     40.9426     33.8987     12.4542     2.63404    0.219235    0.783643     1.63286     2.21262      3.5658     5.31601      9.4386      17.152     25.5231     16.8765     9.33976     5.42291     3.38388     1.76881    0.102256     1.35782     5.87942     9.07273     8.93832     8.50126     27.9058     28.0716     9.28309    0.834477    0.053226
    1.77473    0.644862     0.21162    0.114769     1.26064     61.4147     25.1773      7.3777    0.538731     0.47282     1.01217    0.493814     2.28019     5.54523     9.67998     16.7989     27.4952     17.1995     10.8252     6.64176     2.51321     0.52701    0.393345     3.07884     8.81012     13.2518     26.0011     41.1432     5.48176     1.02851    0.574122     0.21225   0.0249316
   0.446028   0.0459448  0.00401416   0.0661007     21.5475     76.6139    0.494927   0.0149505   0.0079854   0.0329029    0.725738   0.0342992    0.074457    0.186011     1.11891     14.0379     69.1435     14.1318     1.05161     0.15998   0.0438113   0.0177458 0.000587524   0.0107197   0.0639373    0.290539     3.14224     38.8432     54.6125     2.86575    0.143603   0.0209267   0.0060181
    10.3153     13.7621     5.72176     1.60007     2.60723     15.1909      21.962     13.9735     6.13817     4.36162     4.36748     2.10805     2.71539     4.62322     10.2246     16.9449     23.7132     17.3274     11.8737      6.2849     3.06096     1.12381     4.39972     13.5309     18.8814     21.0317     17.3367     6.52034     5.51259     4.73248     3.48934     3.36765     1.19723
   0.330548    0.198064    0.091933     5.94774     59.2182     31.0384     1.45167    0.104641    0.158929    0.579592     0.88023    0.124078    0.456473     1.74347     6.36396     20.2964     41.9333     19.9036     6.75304     1.82784    0.492647    0.105221  0.00312483   0.0603495    0.368221     1.18213     2.75888     10.4823     40.5488     35.8407     8.12639    0.608053   0.0210303
    2.40744     0.56933    0.018451   0.0232527    0.641569     49.8195     43.2508     2.46729   0.0384583    0.259771    0.504124   0.0360505    0.121613     1.49896     9.93092     23.0655     33.8647     21.3305     8.36486     1.46007    0.231414   0.0953005   0.0168823     0.18239     3.21902     21.9623     44.4473     26.1035     3.27942    0.564103    0.170701   0.0506314  0.00374391
   0.852175    0.576029    0.124494    0.500914     22.9365     59.9888      11.022     2.55298    0.256989    0.298338    0.890773    0.451739     0.93516     2.10359     6.69519     19.6882      39.069     20.7363      6.6636     2.23899     1.03821    0.380032    0.125778     1.27884     3.40204      6.7531      14.046     29.5455     33.0878     10.4171     1.12728     0.19984   0.0166543
    0.35947    0.150275     0.87609      16.557     26.7131     30.8501     15.9207      6.5496     1.30802     0.23381    0.481807     1.08512     2.79701     5.07373     9.06592     15.5992     22.2942     17.2701     12.0505     7.92513     4.75226     2.08685    0.782568     5.26249     8.08312     9.93221     10.5634     8.40453     15.5951     16.3957     17.0391     7.31525    0.626585
    17.4206     0.01727   0.0427188    0.121431    0.314485      63.892    0.194584   0.0105976  0.00925661   0.0650323      17.912  0.00235023    0.022364   0.0428125    0.106393     1.76245      96.113     1.76665    0.117283   0.0426382   0.0217086  0.00235986 0.000132031  0.00148167   0.0189713    0.135815     2.24116     95.1439     1.88573    0.292378    0.150752    0.111641   0.0180707
   0.824907    0.166247     2.30211     17.1052     31.5741     39.4554    0.606439    0.135604     0.84173     2.92539     4.06291     0.82179     5.68572     9.27116     11.3635      13.703     18.3922     13.6893     11.4586     9.32349     5.54549    0.745732   0.0198008   0.0828863    0.244318    0.638151     2.49861     24.1522     27.9733     20.3778     15.2933     7.98919    0.730513
    9.18547     1.68395     5.27411     10.0278     14.6714     31.3011     1.90655     2.18467     4.58811     6.50548     12.6713     2.46455     6.20228     7.26627     8.63771     13.4171     24.0619     14.1376     8.91932      7.2913     5.92271     1.67924    0.939655     1.28392     1.09896     2.54449     8.46946     26.3066     21.3189      14.036     11.5837     9.21345     3.20483
    0.10551   0.0180013   0.0183772     1.04376     37.8134     60.0665    0.251266   0.0222511  0.00483181   0.0650293    0.591072  0.00603403    0.034787    0.692346      9.4898     23.8382     31.6118     24.0103     9.58956    0.682765   0.0394758   0.0049256  0.00470302   0.0241005   0.0512101    0.195331     1.46979     39.8245     40.8917     16.4763    0.977404   0.0765981  0.00841227
    9.24822      5.0662      1.1157     1.52466      13.615     44.6164     3.48979    0.466036      2.0602     8.49556     10.3022     1.19567     2.84149      7.8038     13.0744     17.5869     22.6513     16.1688     10.1961     5.96064     2.09412    0.426786   0.0893222     1.04058     3.07875      5.9396     12.4628     30.5453     25.3036     12.5042      7.1101       1.785    0.140739
    1.47742    0.022859  0.00551955   0.0308652    0.354163     89.1689     8.16784  0.00329668 0.000437214   0.0161218    0.752542 0.000430846  0.00537607   0.0325081    0.362219      7.2975     84.5005     7.38238    0.382138   0.0299592  0.00656385 0.000445525 0.000180654  0.00127282   0.0116887     0.86016      42.719     53.8745     2.12878    0.325021   0.0495089    0.026549  0.00325851
   0.907686    0.237273    0.116355    0.802795       11.74     66.1754     18.6014    0.379332   0.0489278    0.281894    0.708914    0.131657    0.521972     1.89563     7.59862     20.7198      39.161      20.354     6.99478     1.91126    0.539942    0.171352   0.0342827    0.220796     1.10764     9.04828     35.5465     26.3889      17.071     7.97985      2.0283       0.515   0.0594887
   0.647799    0.072553     10.5122     28.5134     28.4881      27.277     1.93101    0.102203    0.305731    0.526729     1.62322    0.490423     3.03544     6.59511     10.5646     16.6203     24.0381     16.4459     10.7879     7.18863     3.57054    0.663091   0.0134938     0.10694    0.325631     1.39921      5.4999     10.9483      19.384     17.6873     20.1813     21.6184     2.83553
    11.4181    0.355024    0.105633    0.462664     7.48382     54.8343     1.79927    0.115813     0.16702      1.1382     22.1202    0.161022    0.222725    0.771887     3.88129     20.3141     49.4105     20.2733     3.94544    0.708472    0.226343   0.0849713   0.0335506    0.114593    0.287476      1.2562     11.3819     53.4546     26.9902     4.92677     1.11484    0.375122   0.0647193
     28.431      4.7646     0.21144    0.187997     3.63425     37.5846     15.0134    0.872507    0.241759     1.54584     7.51258    0.553428     1.64888     6.11515      14.065     20.7237     23.8166      17.029     10.3293      4.3453     1.07968    0.293916   0.0172577    0.446185     3.49143     15.3491     36.9892     27.0984     12.3799     3.01453    0.933499    0.226635   0.0539596
   0.283468   0.0490089    0.583185     11.6559     39.2936     45.4212    0.353397   0.0215077    0.163522    0.926622     1.24863    0.145324     2.62731     8.57246     12.8094     15.8906     20.5677     15.5848      12.578     8.50793     2.60233    0.114136  0.00241118   0.0368225    0.098957     0.28099     1.77098     28.2856     31.4675     21.9266     13.1432     2.90477   0.0822019
   0.443833   0.0799148    0.886961     11.9894     29.6516     54.3851    0.700732   0.0612961    0.268185    0.366216     1.16681    0.442298     3.56122     7.53183     10.8447     16.0968      23.546     15.7148     10.6509     7.46463     3.68156    0.465174   0.0025125   0.0854329     0.20191    0.482987     3.48511     35.4883     29.5504     16.7742     10.6759     3.10504    0.148197
    4.54239     2.62355     3.16085      13.582     30.8071     19.0492     2.06127    0.975877     2.83515     9.05307     11.3096     1.19993      3.7748     7.80143     11.5197     15.7426     22.0176     16.7277      10.672     6.08709     3.05482     1.40224    0.305189    0.971237     2.03134     3.53755     5.35627     8.41576     25.5752     25.8749     18.1195     8.19302     1.62006
    29.2194     2.47021   0.0732315   0.0955668     1.94036     41.4321     13.5324    0.649261   0.0885089    0.728671     9.77025    0.150105    0.187427    0.709519      4.8506     21.0177     46.1714     20.9516      5.1639    0.627451    0.118376   0.0519629   0.0127034    0.333718     1.45848     10.0953     39.7873     35.3384     10.7667     1.81444    0.289864   0.0856021   0.0175168
   0.293495   0.0657229    0.016559    0.459172     37.4337     59.8757    0.709057    0.055194   0.0108342   0.0706414     1.00987   0.0505848   0.0976034     0.42294     3.24677     21.5644     49.5503     21.2849     3.19718    0.463833    0.093668   0.0277778  0.00167215   0.0375889     0.16082    0.533076     2.84843     29.2454     53.9911     12.4207    0.681493   0.0723747   0.0072329
    10.2709     6.06622     2.07405     8.17327      15.407     23.4087     15.1593     4.09197     1.25253     6.50551     7.59056     6.63998     9.25995     8.54757     9.27784     10.9154     12.9342     11.3263     9.21227     8.22897     8.19273     5.46478    0.168003     1.08241     7.38027     15.7953     21.2872     8.91669      14.709     13.7206     10.3284     5.96983    0.642252
   0.336918   0.0182105  0.00999081    0.138939     13.6283     84.4789    0.670063   0.0235123   0.0067767   0.0319065    0.656487  0.00333379   0.0209253    0.159008     1.89765     19.8887        56.3     19.5253     1.98016      0.1936   0.0292543  0.00215359   0.0025614    0.013721   0.0675768    0.347036     4.49657     57.7592     33.2921     3.68695    0.293559   0.0367543  0.00404344
    5.82112    0.107145    0.153174    0.649786     8.22058     38.7328    0.609478   0.0425217    0.135315     2.12868     43.3994   0.0366396    0.148731    0.558048     4.14417     20.5733     47.9082     21.5247     4.16376    0.615506    0.233705   0.0931969  0.00594242    0.043193    0.125368    0.443892     3.95437     42.9387     39.3342     10.6597     1.85311    0.580007   0.0614669
   0.556526     0.42772    0.440153     3.17142     14.8634     43.2766     30.8221     4.96901    0.269732    0.542263    0.661146     1.22149     3.72849     7.87645     12.0748     16.6711     20.7328     15.5398     10.6398     6.86838      3.4711     1.17582   0.0728184     1.99384     9.50532     20.1633     24.0856     11.9333     13.3736     10.6894     5.94755       2.002    0.233322
    8.63177   0.0274902     0.19781    0.530168     2.25235     61.2197    0.286088    0.022224    0.133992    0.872962     25.8254   0.0239054    0.133212    0.294793     1.02362     9.68008     77.9695     9.40797     1.02202    0.297138     0.13254   0.0152139  0.00480009    0.020838   0.0401142     0.17136      3.7712      76.521     15.3555     2.38466     1.00377    0.627815   0.0989466
   0.304467   0.0614695   0.0540325     2.87504     32.1722     58.5892     5.07794    0.150221   0.0326241    0.145587    0.537211    0.142255    0.887065     4.70592     12.0606     19.8028     26.0895     19.4575     11.5832     4.39412    0.792065   0.0848513  0.00818057    0.100174    0.440643     2.27721     14.8464     25.7208      35.099     17.2985     3.83645    0.341795   0.0309302
    5.76852      1.3123    0.290749    0.147502     1.22593     62.9571     19.1642     4.30775    0.622545     1.41584     2.78755    0.288683    0.765151     2.14292      6.1452     14.6082     51.7599     14.7726     6.41604     2.33889    0.615999    0.146525    0.467848     1.56684     5.41881     11.1579     20.6553       52.64     5.17972     1.41265     1.11393    0.385414  0.00164303
    9.92987    0.574106     1.59464     4.41995      9.0284     36.5208     1.53454    0.692014     3.96863      9.6369     22.1002      0.2324     1.67733     3.89562     7.09965      18.041     42.4346     15.9409     6.06193     3.14208     1.30435    0.170151   0.0774504    0.639785    0.669652     1.46295     8.41803     36.2455     22.9642     12.1723     9.56131     6.74314     1.04573
   0.347346    0.171758     2.92554     16.8564     34.7305     41.6882    0.679801   0.0951663    0.458257    0.512385     1.53462    0.177637     1.55521     4.70614     9.29117     18.2648       32.41     18.2388     9.18941     4.65091     1.38027    0.135577   0.0232303    0.165657    0.211782    0.435789     3.90535     21.0408      31.993     20.1828     14.1363      7.2762    0.629076
   0.606079     0.23754     1.53668     19.4019     51.5348     20.4837    0.465652   0.0555702    0.574708     2.39902      2.7044    0.151049     1.35606     5.13103     11.2168     18.7709      27.052     18.6516     11.3673     5.03152     1.16698    0.104818   0.0126406   0.0905113    0.240392    0.619072     1.54019      6.9656     29.1435     33.5723     20.8117     6.61096    0.393112
   0.270446    0.106854     11.2495     16.4446     21.2099     45.7417      3.2998   0.0923034    0.375635    0.307586     0.90165    0.990377     4.85283     6.83933     9.29903     14.9922     26.9942     14.6751     9.19503     6.60119     4.58137    0.979329  0.00254106   0.0509946    0.463226     2.34374     9.51626     25.2023     17.0727     13.0573     12.8839     15.5681     3.83897
    1.81553    0.793898    0.412069     3.69786     23.8234     51.4067     13.7703      1.2158    0.288107    0.824162     1.95218     1.14423     1.52079     3.14471     6.07607     10.7626     16.7797     17.7373     17.2941     14.5622     8.35517     2.62326    0.116965    0.665897     2.86003     9.22021     21.1196     16.6861     25.0213     15.5069     6.52989     1.85463    0.418542
    5.10148     5.66843     7.50431     8.34262     13.0208     21.4864     12.3618     8.31787     4.19515     5.18385     8.81728      20.763     7.90213      6.4941     6.06552     6.22451      6.7986     5.00336     4.29606     4.97691      8.2535     23.2223    0.893839     8.53936      11.542      13.729     9.13707     4.64096     13.0267     18.7321     12.8764     5.49262     1.38988
   0.482806    0.153431     2.82573     32.4973     42.0369     18.4493    0.730515   0.0666572    0.245083     1.07347     1.43883    0.113042     1.23127      4.2939     9.57098     18.8573     30.8579     19.1031     9.65797     4.62979      1.5084    0.176323   0.0149928    0.105523    0.254121    0.824513     1.95387     5.83143      21.496     26.8926     27.6287     14.2472     0.75109
   0.262694    0.116922    0.425505     14.0766     62.8013     19.0057    0.389602   0.0411442    0.368111     1.37608     1.13634   0.0696885    0.451526     2.26187     7.80303     20.6392     37.6686     20.4797     7.93725      2.2148    0.413869   0.0605435  0.00686748   0.0773887    0.229816    0.453897    0.827342     5.89819     31.6441     39.1747     18.7484     2.88223   0.0570971
    3.53758    0.739437   0.0691025   0.0492498    0.590555     38.5549     49.8759     3.91682   0.0909766    0.587845     1.98759   0.0148187    0.143401     1.04785      3.8708     15.6119     59.6825     15.1452     3.36521    0.936976    0.144819   0.0364991   0.0138887    0.802618     3.92583     18.7686     57.7343     14.7761     2.71726    0.957053    0.216321   0.0853956  0.00253508
   0.737741  0.00637999   0.0112554   0.0717078     1.38966     96.1844    0.665616  0.00942814  0.00665196   0.0277954    0.889321  0.00136693    0.013514   0.0455279    0.356431     8.59531     82.1119     8.43357    0.378064   0.0496927   0.0137713 0.000905591 0.000203212  0.00349402    0.033526    0.304927     5.24317     83.6901     9.98259    0.558377    0.134803    0.044879  0.00391966
    21.1119     6.69262     1.63695    0.550043     2.32936     35.3204     13.0424     4.18868     2.44634     3.84452     8.83683    0.377439     2.35351     6.43379     9.80654     15.1264     23.2158     16.7292     11.8929     9.43754     3.90953    0.717415    0.508092     4.32126      8.1285     11.7909     22.8445       35.48     8.04292     3.46587     3.41316     1.83034    0.174513
   0.542619     0.18568    0.440052      10.303     48.2026     35.3477    0.839584    0.103796    0.363184     1.57806     2.09363     0.21484     1.33175      5.7713     12.7004     19.0073     23.4829      18.252     12.1672      5.5908     1.26481    0.216664   0.0235884    0.102182    0.298014    0.781655     2.57924     14.7578     37.3414     27.9638      13.432     2.63094   0.0893877
   0.287672   0.0474994   0.0445501     2.97424     28.9088     66.4967    0.670197   0.0269648   0.0222714    0.105433    0.415631    0.133323     1.36881     5.83611     11.9221     18.4659     24.3024     18.4183     12.0847     5.98138     1.40835   0.0786076   0.0023994       0.037    0.124507    0.402497     4.43675     44.2677     32.8589     14.0583     3.54639    0.257787  0.00780449
   0.319401    0.168782     1.69338     14.8402     45.3579     34.4947     0.52282   0.0542557    0.461904    0.538261     1.54839   0.0651337    0.636727     2.70966     8.21576     19.3456     39.1625     18.9466     7.84484     2.49425    0.536013   0.0428444   0.0115233    0.117839    0.192427    0.490782     1.75572     15.5266      36.565     26.6262     14.0019     4.46567    0.246338
   0.778415    0.252548   0.0863016     1.12044     19.6513     60.5442     15.8091     0.63717   0.0920059    0.239147    0.789312    0.505289     2.07707     7.52632     14.4125     19.0749     21.6382     16.8223     11.0683     5.28514     1.32083    0.269179   0.0305637    0.437912     1.44467      7.9741     26.2035     24.5463     26.2018     10.3899     2.31208    0.417042   0.0421659
    1.34705     0.82003    0.582701    0.286642     2.09055     28.3705     34.7363     26.8242     3.56696    0.547704    0.827317    0.958777     3.52539     7.14388     10.9511     14.9652       24.35     15.5509     10.7815     7.13515     3.73819    0.899933     3.08987      13.449     20.1782     20.6118     24.3372     10.9107     4.24923     1.94099    0.754158    0.370704    0.108165
      1.183     0.21451  0.00863839   0.0169229    0.929489     66.6412     29.8566    0.476199   0.0217634    0.150129      0.5016    0.027357    0.152303     1.31905      9.4174     23.4887     32.4027     22.5736     9.15172     1.32471    0.127372   0.0150731   0.0229223    0.115429    0.956196     12.2207     39.2426     41.2945     5.45927    0.559427   0.0958508   0.0286959   0.0044356
    1.21771    0.767062    0.525201     2.41398     15.4278     46.1541     24.0945     5.86602    0.772023    0.739711     2.02196     4.99997     10.7969     13.5835     14.3781     14.8751     15.4125     10.8056     6.62775     4.21243     2.35353     1.95475    0.277793     3.52171     10.1028     14.7883     19.4704     15.1075     20.5446      10.146     4.23146     1.66151    0.147872
   0.916813    0.077759   0.0152491   0.0339721     1.45255     84.4706     12.3471    0.114719   0.0144782    0.030722     0.52604   0.0174066   0.0717499    0.432634     3.67644     23.0048     45.5936     22.7289     3.85806    0.510261   0.0889127    0.017214  0.00772282   0.0434853    0.343405     3.37858     36.6328      51.071     7.51804    0.849274    0.122764   0.0292242  0.00378266
    2.24411     1.71096    0.360586    0.103194    0.845354     25.1445      54.944     12.2255      0.7612    0.770797      0.8899     0.11307    0.654269     3.73688     10.2224     19.1857     32.0052     18.9236     9.86188     4.05668    0.853944    0.386269    0.103656     4.07658     15.7885     31.8527      35.513     8.56703     2.12973     1.17056    0.594977    0.192272   0.0109598
    12.8963     3.97618    0.652545    0.183116     2.07463     32.5924     28.0798     10.2955     1.82423     2.19095     5.23431    0.228471    0.872898      4.1649      9.6727     18.7633     35.0373     17.2223     8.90207     3.94767    0.888708    0.299707    0.130875      3.8576     10.6844     19.1592     33.6122     20.4816     7.13337     2.57757     1.52892    0.778937   0.0553486
   0.818877    0.165127     0.74702     8.91782     34.3312     52.4536    0.789177   0.0518381    0.137137    0.277705     1.31049   0.0358473    0.455716     2.29745     7.21429     19.2416     41.4639     19.2541     7.43741     2.19473    0.381427   0.0234602   0.0195849    0.128255    0.197337    0.560504     4.21606     30.2768     33.7784     18.6988      9.4414     2.45951    0.223377
   0.202179   0.0809428   0.0184938     1.66975     55.4676     40.9817    0.540223   0.0618108   0.0256508    0.154573    0.797059   0.0233447    0.079524    0.447918     3.33005     19.9502      52.054     19.9821     3.56955    0.486746   0.0665897  0.00995881  0.00102153   0.0257095    0.125419    0.408273     1.84235     15.8865     54.1114       25.51     2.00028   0.0868897   0.0022006
    9.87529      2.0293     0.56857     2.41935     12.8987     30.5424     4.21154    0.387757    0.653113     6.46361     29.9504    0.795402     2.43228     5.31652     11.5317     19.3183     25.7145     18.2247     9.78566     4.27761     1.89034    0.712989   0.0698292    0.448441     1.42024     4.75567     13.5532     20.8472     32.3745     18.0379     6.35244     1.98825    0.152368
    1.53842    0.368933    0.102577    0.653398      10.964     58.0263     24.1771     2.26857    0.156872    0.358796     1.38511    0.758729     1.47429     3.68937     7.67813     13.7407     21.3203     20.7138     16.1719     9.95584     3.60847    0.888513    0.255615     1.53706     5.13802     15.2698     25.7532     21.7675      21.002     6.01658      2.3503    0.832564   0.0773702
     11.706     10.7184     1.56724     3.02459     13.8707      17.458     9.82242     1.87298     2.60462     14.4402     12.9149    0.497158    0.884764      2.7843     8.54612     19.4977     39.4043     18.7623     6.76141      1.9874    0.587615    0.286942    0.282442     2.05263     7.27673     13.4804     17.1403     8.54583     19.1712     18.5172     10.2959     3.11209    0.125244
   0.233801    0.218159     1.65592     16.9252     34.4865      35.448     9.22663    0.779668    0.234504    0.257234    0.534351    0.706943     3.56769     7.27496     11.0864      17.038     24.5438     16.0454     10.1185     6.12457     2.82449    0.669159    0.225483    0.671579     1.81852     5.98081     11.4078      10.827     22.3278     21.8415     17.8636     6.44138    0.594501
   0.719038    0.521228     3.11737     9.11717     18.3666     50.0629     13.3899     2.08524    0.582918    0.625994      1.4117     1.64608     4.23994     6.91954     10.2267     16.0315     24.2209     15.2196     9.75113     6.40834     3.94634     1.39002    0.490549     1.76688     3.61744     8.35142     16.8642     22.2652     15.7272     10.6583     9.59677     7.97647     2.68545
    10.5159     6.51607     2.18562     1.99819     7.63312     20.7567     10.3595     3.96411      2.1632     10.1557     23.7518      2.2052     4.90887     7.09184     9.29649     12.3558     16.7071     14.2835     12.2018     10.8666      7.7476     2.33513    0.522083     4.05809     7.93203     11.3346     14.2855     12.6083     22.1156     15.6464     8.17087     2.97512    0.351484
    1.13356    0.743332     1.77704     9.36272     25.3653     35.8736     18.6116     4.21131    0.547451    0.821795     1.55221     5.43971     8.60216     9.58954      10.093     11.2898     12.6231     10.6923     9.39719     8.72645     7.99293     5.55393   0.0497536     1.16934     6.54009     13.3417     16.8087     8.99925     19.0181     17.9921     10.9138     4.71959    0.447561
    2.00032   0.0435623 0.000885493  0.00419842    0.148163     68.1527     28.4637   0.0775232   0.0004096   0.0380235     1.07055 8.06265e-05  0.00108771   0.0132601    0.224827     4.76589     90.0057     4.76068    0.222005  0.00605265 0.000411548 3.61202e-05 0.000122444  0.00230388   0.0986307    0.915667     68.1015     28.9802      1.7467    0.145446  0.00670002  0.00257326 0.000238336
    1.40695     0.77057    0.163998    0.219993     2.93085     40.4266     44.2827     8.57136    0.416068    0.324932    0.486012    0.336638     1.67972     5.86814     11.8145     17.9072      23.866     17.5172     11.9524     6.47431     2.03256    0.551383   0.0947079     2.57945     12.3092     24.7425     34.3901     16.9275      5.6577     2.16493    0.869008    0.231203   0.0336667
    5.56601    0.980336     2.46501     4.42731     11.4012     25.1681     1.51882     1.10738     9.42671     17.4744     20.4647    0.806934     3.08854     7.09286     10.6283     16.2146     26.1183     16.1867     9.58884     6.18217     3.35617    0.736675     0.29573     1.63869     0.95461     2.02881     6.47958     16.0536     21.9958     17.8486     17.6569     13.3307     1.71695
   0.383623   0.0083802  0.00460789   0.0291139     3.38763     94.1582     1.45757   0.0552878  0.00467017   0.0152443    0.495684   0.0139489   0.0776379     0.49844     3.54707     22.1454     47.0614     22.7287     3.41052    0.434733   0.0703614   0.0117032  0.00162195   0.0232402    0.114862    0.612289     10.9237     68.9922      18.304    0.928504   0.0829703   0.0137321  0.00287312
   0.222532  0.00851693   0.0121618    0.139544     20.8779     77.7526    0.410571   0.0143575  0.00349813   0.0181099    0.540211   0.0296655   0.0434515    0.216576     3.22774     24.4528     45.0389     23.7346     3.02955    0.195426   0.0269314  0.00428759  0.00130704   0.0115557   0.0500015    0.240567     3.31506     50.7228     40.6461     4.72787    0.237162   0.0436051  0.00404407
   0.316448    0.104087     1.15024     5.73091     17.7664     73.6763    0.451008   0.0363876   0.0985871    0.161552    0.508124   0.0811182     1.04219      2.6604     5.15064     12.0717     58.2077     12.1981     5.03787     2.55791     0.94356   0.0488281   0.0153047    0.111675    0.120611    0.244297      3.1205     58.9099     19.2157     9.76598      5.7177     2.57526    0.203098
   0.641081    0.136153     0.99497     8.00686     21.6675      61.832     5.66065    0.139966    0.113269    0.203393    0.604179    0.349897     1.84753     4.52377     8.75546     18.1088     33.5908       18.01     8.55838      4.1632     1.65135    0.440848   0.0174212    0.123089    0.436154     2.89583     20.4721     28.7295     19.9854     13.2402     9.83099     3.88995    0.379345
     13.889     1.43685   0.0945939     0.10041      10.435     37.3862     8.11694     0.19003   0.0284821     1.79764     26.5249   0.0629689   0.0513412    0.173647     1.14336     11.6658     73.0203     12.1169     1.32099     0.20588   0.0841232    0.154698   0.0330927     0.27028    0.808715     3.82348     25.6011     24.9774      38.281     5.90757    0.210689   0.0492725   0.0373512
    2.82332    0.263699   0.0232777    0.023777    0.892263      63.806     30.2417    0.991799   0.0297195    0.126317    0.778148   0.0222635   0.0578502    0.512504     3.52928     19.8965     52.9973     19.3392     3.24715    0.346583   0.0450361  0.00628808   0.0120233    0.291402     1.26633     9.61476      52.218     32.1413     3.50912    0.666842    0.213111   0.0653824  0.00165854
   0.213248    0.112702    0.199023     5.55183      30.497     47.3316     14.4049      1.0539   0.0847305    0.217321    0.333763    0.615729     3.15008     8.00113     12.8911     17.3267     21.2831     15.8084     10.9446     6.68187     2.76182     0.53552   0.0607253    0.491825     2.52544     8.85965     17.8807      15.754     26.3352     18.9964     7.74969     1.26156   0.0847678
   0.730133   0.0468156 0.000637437   0.0166605     50.2743     45.9829    0.190656  0.00448623 0.000622541   0.0753341     2.67744  0.00641722  0.00587847   0.0275811    0.301294      7.5407     84.6031     7.24041    0.244186   0.0216768  0.00509621  0.00369567 1.28113e-05  0.00132384   0.0139877     0.19936     1.29132     17.6693     74.4621     6.33457   0.0272944  0.00073345 4.13814e-05
    7.41849     3.22908     1.39132     5.51325     19.6558     33.0494     7.23537     1.22277     1.38588      5.6883     14.2104     7.34109     8.26344      9.4946     10.7507     12.2833     14.2928     12.1692     10.0508     7.62831     4.86898     2.85679    0.197067     1.23459     3.09725     7.66824     14.9913     13.9113     27.3763     18.4644     8.84841     3.52397    0.687064
    5.71608    0.300338     9.11413     16.8895     22.9764     28.9944    0.334806    0.113618      1.0362     2.18402     12.3405    0.445979     3.28594     6.15567     8.91557     15.6239     30.9602     15.6695     9.13495     6.29464     3.20886    0.304797   0.0324767    0.244613     0.22835    0.426711     4.04868     25.3148      24.689     16.6577     14.3023     12.0991     1.95618
    13.7898     8.19681     2.05871     1.47134     5.79014      27.077      16.248     4.30697     2.40778     5.45321     13.2003     11.9285     8.73491     8.71622     9.09491     10.1885       12.18     9.90338     8.70137     7.73641     6.31151     6.50423    0.589389     3.44004     10.5465     18.5202     22.5706     11.0544     17.1177     9.77491     4.17492     1.80267    0.408613
   0.166961   0.0269092   0.0341011     4.63749     38.7648     54.9283    0.280188  0.00522002   0.0114318    0.293215    0.851379   0.0156895    0.369239     4.14081     12.7944     20.1344     25.2463     19.8663     12.8434     4.18646    0.387549   0.0153757  0.00116336  0.00910159   0.0363212    0.196077     2.20304     35.2657     36.0505     20.2452      5.6865    0.297398  0.00900917