  93.6483   43.4798   38.8336   35.6813  -3.10965   6.81336   2.91175   12.9741 -0.733188   -3.3575
  9.71876   27.1553   3.14967   11.3053  -15.0334   12.8536   3.45047   9.45197  -0.37804 -0.854849
  39.6041  -26.1677   29.1193   33.8228  -11.7519  -9.30323   12.0239   16.9184 -0.847328  -3.51125
  114.638   34.2425   24.4845   27.8825  -15.3473   4.32793   11.2834   9.62366 -0.302147  -4.58901
   21.701  -9.53035   23.4326   19.8325  -9.23182  -12.0527   2.97804   7.94882 -0.586014  -2.91579
  16.6931   65.0025  -16.2114   78.1525   -9.4874  -7.74304   13.6587   2.34258  0.359068  -6.19466
  68.6806  -36.9044   11.0528    71.296  -19.0338   10.5581   14.9603   5.08744 -0.859919 -0.862933
   63.657   4.84563   13.6654   34.2851   9.29122   11.6634    24.755    9.2387 -0.672036   5.37596
  44.1173   18.2252   44.8808   31.4141  -12.3258   5.54235   12.4709   3.99504 -0.297465  -4.22103
  33.6578   49.9243   33.7774   25.5956  -10.8734  -2.39413   17.0778   8.20455 -0.358753  -2.12401
  25.0474   19.9012   6.26239   15.9235   10.3627   8.29755   10.9591    3.4996 -0.301988   -11.982
  84.1299    6.8381   43.9696   33.6252  -17.0849    14.637    20.309   9.91698 -0.568091  -6.09104
  50.3354   53.0205   37.6899    45.981   1.61056   2.88081   4.94838   11.7381 -0.559964 -0.648674
    144.7   38.3467   10.1119   27.0058  -18.6121  -1.41263   10.0944   7.16454 -0.445159    -3.771
   14.525   51.8779   21.2552   40.0643  -12.2469  -1.96921   16.0418   8.35466 -0.780611  -4.06362
    83.33   28.8633   2.43544   19.3098   4.96447   4.89692   13.8402    8.7163 -0.616224  -5.53875
  126.002   29.3794  -17.0661   22.1068    5.8031   -2.3792   22.1407   8.68674  -0.69317   2.16378
 -1.93847   44.6028   -6.2812     33.49   -23.571   8.40179   13.6834   15.7643 -0.802835  -5.08276
   22.253   39.0745   20.7093    21.636  -17.2518   4.76933   11.9203   7.66703 -0.605621  -1.82433
   72.736   41.7056    41.888   21.8808  -8.87863   2.37617   12.5364   11.3351  -1.02772  -3.42335