    46.7994     34.9165     40.7607     40.7068    -10.1845    -8.60824    -6.03809      3.1073     1.68294    -1.01489      -11.11      8.5364      5.7754  -0.0158641     6.53233     5.63354    -4.05381     2.19887     1.67803    -3.85133     1.62223     7.99121    -3.87044    -4.65766    0.986935   -0.293597    -1.19853      1.8521   -0.379192   -0.193941     37.1099    -35.5377     9.33813
    23.9584     44.6957     14.2207     18.2458     -19.065    -5.87408    -11.8035     12.0236     2.38988     -12.525    -5.66362     7.64852   -0.340099    0.130005     4.35623  -0.0846406    -3.82938     1.02598     1.25943    -2.63781     1.42356     4.64026    -4.74556     -2.9901     2.32322   -0.907427   -0.333598     2.23745   -0.771528   -0.129771     37.1099    -35.5377     9.33813
    53.5355    -56.6303    -3.64086     81.6546    -17.6222     11.7288     3.53776     12.7295     3.45076    -26.0078    -10.7753    -1.20452     14.3055    0.168848     2.72229    -2.33887     -4.2429     2.15389     2.04227    -2.26053     3.83236     6.26564     -3.4697    0.904907  -0.0732924   -0.904706    -2.16335     3.33454    -1.63332    -0.19903     37.1099    -35.5377     9.33813
    11.9835     55.4444     21.5841     38.1687    -8.77182   -0.121968    -8.52743      7.5637     1.14804    -9.31995    -4.73845     3.28697     1.33607    0.370704      6.3532    -0.16471    -5.73388    0.296324    0.306902    -2.95428     1.75087     4.72955    -3.25561    -3.81584     1.70328   -0.624093   -0.187209     2.55717   -0.585711   -0.109982     37.1099    -35.5377     9.33813
    23.6931    -33.6835     20.0487     33.3403    -10.0201     16.1641   -0.700224      18.103     2.09336    -6.02476    -6.96178     6.32334     3.29544    0.247411     5.35387     1.06701    -5.21596   -0.268781   -0.487299    -4.06331     1.09007     3.75523    -5.37995    -3.33067     1.84382   -0.729486   -0.403349     2.30763   -0.976979   -0.146575     37.1099    -35.5377     9.33813
    116.668     9.08185     19.6083     45.1297    -20.6697    -22.8891    -14.0685    -4.53295   -0.870148    -4.39369    -4.80174     3.11511    -3.13595    0.595724     7.46347     1.40783    -8.39236    -0.39028    -2.54391    -4.40723     1.56326     2.23182    -4.19899    -2.27509     2.39057   -0.687055     1.53831     3.19123   -0.842099   -0.180988     37.1099    -35.5377     9.33813
    25.9852     13.9545      30.994     18.9562    -22.6216    -0.30773     1.01026     3.47611    0.852693    0.100045    -9.83986     12.5771     4.09475   -0.706352     2.87686  -0.0369533     -17.096    -1.42232     3.18672    -2.48058   -0.625306     7.60509    -2.20957    -4.68332     3.17322   -0.425736    0.201375     3.31613   -0.956121   -0.187532     37.1099    -35.5377     9.33813
    -5.3121     45.8217    -2.57624     36.2177    -23.7494    -1.54898    -17.3607     9.78601    0.355696    -1.34872    -10.3489     5.40659        2.68     1.02061     2.09315    -3.37584      -10.95   -0.354562    0.723202     -2.2386     3.47116     4.10624    -4.66185     -3.7004     1.49138   -0.692333    -0.91041     2.27144   -0.366047   -0.156173     37.1099    -35.5377     9.33813
    43.7798     55.2217     34.9451      29.758    -6.17601     2.52888    -12.2488     12.1135    0.106296    -4.58979    -6.91054    0.143143     3.59106    0.665261     5.93399    0.697307    -5.86909    0.202893   -0.107594    -3.80974     1.36262     5.09014    -1.88337    -4.08108    0.913918   -0.540798   -0.477112     2.86284    0.289818   -0.132694     37.1099    -35.5377     9.33813
    80.9974     45.0383     22.1328     26.6842     -12.779    -2.82745    -6.54487     10.7385     1.46865    -5.90159    -7.31416     4.57534      2.9754      0.9891       3.516   -0.177884    -5.83612    0.493764    0.852524    -3.25985     1.08557     5.28511    -4.19399    -3.72621     1.36569   -0.642474   -0.698251     2.17762   -0.650239   -0.183662     37.1099    -35.5377     9.33813
    131.835     26.6635    -19.8281     23.3403     2.87099     3.45328    -18.6205     9.43055     1.30277    -10.3934     -2.6735     3.09002     2.01401    0.397267     4.94724    0.646166    -8.09362     0.98033    0.913922    -3.26567     1.72458     5.85916    -3.59646    -3.91403     1.34919   -0.613484   -0.248915     2.56564   -0.486578     -0.1887     37.1099    -35.5377     9.33813
    68.7683    -4.64727     14.9224     38.3904     7.67973    -20.7994     -29.935     9.17293    0.263628    -1.15775     9.35814     6.16234     2.73106    0.580027     3.56689    -1.96784    -6.07167     3.13093     2.90245    -3.61705     1.82604     7.34667    -5.16086      -5.147    0.417411   -0.723306    0.580491     2.77761    -1.07509    -0.10501     37.1099    -35.5377     9.33813
    25.4045     11.2161     37.9849     27.0076    -15.3197     4.47736    -5.45958      2.4611     2.26873    -9.50038    -8.37205     8.06445     7.42783   -0.921134     4.01256      2.2748    -7.31867     1.73695    0.983803    -4.45324     1.67143     5.58792     -5.1219    -2.40553     2.14545   -0.968162    0.485601     2.77443   -0.670045   -0.363825     37.1099    -35.5377     9.33813
     2.6867   -0.881057     2.89186     2.12946     2.58597    -1.04031    -1.36454    -5.69342     -2.2056     1.10345    0.660542     8.13392     1.87712      2.3711    -6.43061     1.67148    -4.17993    -2.04102    -2.40978    0.241428    0.101169     3.97899      3.3498    -0.68338    0.498349    -1.26283    0.670995    0.747416    -1.13321  -0.0600415     37.1099    -35.5377     9.33813
    74.1171     34.1415     6.43756     17.3056    -18.2054    -7.12468    -2.65436     7.07211    0.356195    -5.91956    -4.37107      -1.315     5.22462    0.014307     3.53264     1.63915    -5.70253    -1.94926    0.761307    -3.70506     2.69211     5.32774    -4.42444    -4.07789     1.45667   -0.530157   -0.119915      2.4612   -0.441476   -0.129534     37.1099    -35.5377     9.33813
    17.3549     14.8381     -5.2973     6.54915     4.02667    -13.4553     2.75063     4.06449    -1.49489     2.47013    -14.9197    -5.49426     5.09501    0.889324     10.0297    -6.87621    -4.05653     2.87325     1.85831    -3.46655     2.12303     6.93861    -3.51296    -1.00064     4.85198    -1.04588    0.448803      2.6349   -0.345185   -0.339466     37.1099    -35.5377     9.33813
    39.8825     48.1667     21.8956     35.1931     -10.481    -3.67054     -8.8773     10.9351    0.373015    -4.18699    -7.31068      4.1655     2.80059    0.716621     4.19233  -0.0716546    -7.03383    0.261419    0.687587    -2.97221      1.9328     4.97468    -3.68102    -3.92219     1.42647   -0.597052   -0.715627     2.33397   -0.344201    -0.16257     37.1099    -35.5377     9.33813
     50.541     57.1745     34.7902     37.3315     1.21207   -0.050157    -7.13118     17.4184    0.698891    -3.37881    -5.99752   -0.954909     2.78134    0.402165     1.06873   -0.948236    -6.64149    -0.10753   -0.294327     -3.9186    0.298856     4.46398    -4.04996     -2.6518     1.50875   -0.606651    0.132047      2.5594   -0.570405   -0.156595     37.1099    -35.5377     9.33813
      39.37     12.3367      19.831     26.6831     11.3246    -9.55055    -17.9237     6.00435      2.1298     -6.3963    -4.15705     7.99596      4.9044    0.292692     5.96624    0.991968    -5.54855     1.86377    0.592993    -3.28813      1.3578     5.05365    -3.93174    -3.93895    0.745811    -0.33684   -0.713927     2.57577   -0.622586   -0.148015     37.1099    -35.5377     9.33813
    129.909     30.6148     17.9017     25.9329    -19.8496    -5.57427    -9.98881     7.99777      1.0043    -4.35603    -8.00492     3.46141     2.02068    0.960919     4.31609    0.823527    -5.87939    0.419079   -0.116766    -3.79503     1.01286     4.28778    -4.00397    -2.96493     1.64144   -0.777347 -0.00767887     2.54697   -0.799186   -0.135227     37.1099    -35.5377     9.33813
    25.8988     64.2725     6.24449     72.7465      1.4854     4.14881     -1.9783      5.1728   -0.463548    -3.98528    -2.73464    -3.45153     1.83283    0.191917     2.61957    0.609092    -7.17337   0.0416937     -1.2007    -5.58226   -0.495991     3.97816    -4.65933    -2.16053     1.85548   -0.762142    0.870385      2.5851    -1.12534   0.0320714     37.1099    -35.5377     9.33813
    4.41066      35.829     2.69461     20.2621     -23.678    -11.5875    -7.71519     12.9203     2.40795    -11.5052    -5.08307     7.78897      1.0546    0.346845     3.69083    0.366127    -6.95654     1.27889   -0.254629    -4.48697    0.695653     5.84104    -3.52387    -3.01919     1.39303   -0.878048   -0.714333     2.32037   -0.450995   -0.177821     37.1099    -35.5377     9.33813
     12.827      46.132     14.9513      20.218    -16.1828    -1.61849    -10.1333     2.72842    0.240209    -10.7328    -4.33373     1.79776     2.37871     0.75927     1.59486    -2.26836    -7.99845    0.405134    0.144537    -4.54394    0.426492     4.61116    -5.31568    -2.98032     1.14282   -0.672025   -0.740623     2.46284   -0.229703   -0.195291     37.1099    -35.5377     9.33813
      9.077     46.9848     6.87875     33.5512    -17.6603    -5.86675    -10.6715     11.4031     1.42687    -8.09043    -6.93172     6.78235     0.64545    0.953304     4.82037    0.384418    -5.06171    0.913259     0.85965    -2.63736     2.29465     4.92062      -3.593    -3.68894     2.04525   -0.484423   -0.412655     2.37492    -0.51269   -0.160121     37.1099    -35.5377     9.33813
    16.8065     41.5053      10.213     20.7318    -14.5795    -7.10169    -7.78496     12.5535     1.50995    -7.31502    -5.36736     1.70718     2.78603    0.242661      6.7579     1.29063    -5.46975  -0.0694304     0.70889    -3.08948     1.42317     5.16341    -3.97805    -3.39758     1.51446    -0.76293   -0.209993     2.36532   -0.924269   -0.185702     37.1099    -35.5377     9.33813
    30.9956     54.6483     30.2796     21.6295    -10.4741     4.97129    -15.1043     7.83733    0.860219    -9.58629    -5.45238     1.03965     2.15732    0.687376      7.1274   -0.595649    -5.60873 -0.00154579    0.351321    -3.15649     1.08736     4.65439    -3.56698    -3.31464     1.56219     -0.6988   -0.180722     2.17856    -1.50419   -0.158583     37.1099    -35.5377     9.33813
    96.3229     45.1686     34.5227     38.1026    -1.92543    -10.2544     7.16141     9.23694      1.0606    -8.61624     -5.4377      7.7523     2.71739    0.890902     4.58236   -0.385022    -5.54557    0.753712     1.62424    -2.96554     1.57436     5.59402    -4.30796    -4.42059     1.31419   -0.733888   -0.932637     1.86589   -0.824033  -0.0958815     37.1099    -35.5377     9.33813
    49.0766      39.031      19.357     22.2013    -13.4668    -9.02014    -3.27141     9.70259    0.682402    -6.82405    -5.46433     2.82371     3.28724    0.756273     2.95691    0.261943    -6.63751     1.27533    0.436935    -3.10711    0.976517     4.79231    -4.03225    -3.96907     1.62965    -0.61086   -0.619426      2.5471   -0.674432   -0.201552     37.1099    -35.5377     9.33813
    66.3275     -23.737     32.6654     52.4747    -15.2011    -23.1007    -21.7333      6.8611    0.591845    -6.43799    -5.17488    -1.91703    -1.37975    0.975394      2.9113     -1.3802    -5.41563   -0.271072     1.25488    -3.14848    0.112353     5.13859    -3.78667    -3.93464     1.95146    -0.75107  -0.0978972     2.29358    -1.00418   -0.112215     37.1099    -35.5377     9.33813
    8.28863     21.8414     18.8915     22.0002    -21.7836    0.591986    -7.80581     2.66027   -0.160179    -7.99777    -7.61933     8.25278     4.54485     1.15882    0.655287    0.128309     -9.4853    0.765162     1.20366    -3.27726     1.62833     5.45933    -5.21195    -3.19245     2.02679   -0.472522   -0.533218     2.56539   -0.362055  -0.0647342     37.1099    -35.5377     9.33813
   -1.62522     41.8169    -15.3143     38.1378    -24.5671    -14.0001     -9.7694      21.645     1.19214     -5.4207    -8.74228      10.107   0.0313006     1.01107     2.33293   -0.928501    -6.93896    0.426372  -0.0161822    -3.09401     2.65511     4.75885    -3.07872    -3.37554     1.51527   -0.507299    -0.38189     2.40743   -0.395851   -0.168626     37.1099    -35.5377     9.33813
    130.204     39.4485     11.3611     26.9126    -17.0429   -0.708474    -4.83941     7.76131    0.734799    -6.53426    -7.14527     4.49822     3.01522    0.473471     5.06933    0.249879    -5.72391    0.530997    0.505573    -3.34445      1.0847     5.12311     -3.6816    -3.77925     1.34838    -0.65915   -0.553494     2.25348   -0.615234   -0.151709     37.1099    -35.5377     9.33813
    92.6574     25.5763     47.5436     15.5371    -15.8074    -11.5273    -16.8761     13.9174     1.83096    -1.21651    -10.2286      3.1875     2.20063     1.23476     2.90134     1.34775    -5.15488    0.555104    0.158451    -3.56348    0.956079     4.61697    -3.96807    -3.03416     1.68927   -0.614695  -0.0572016     2.58112   -0.749743   -0.202556     37.1099    -35.5377     9.33813
    62.4395    -42.9606     19.5973      69.362    -21.4262    -11.4608    -12.2259     6.62268     1.76977    -17.8135    -8.90843    -7.77751    -1.80303    0.829418     3.73721    -3.20588    -4.84448    -1.89755     2.45493    -1.76778   -0.635219     6.40704    -1.93001    -5.62462     2.25435    -0.56685    -1.47052     1.26319   -0.485218   -0.113823     37.1099    -35.5377     9.33813
    42.7098    -29.5745     35.4517     35.9657    -15.9519      6.3847    -11.4562      21.769     1.42175    -11.5401    -12.2747    0.597046     7.81089    0.254181     3.01122    0.304315    -5.24922     1.90137    0.271573     -3.5662     3.42763     4.88045    -3.50734    -2.68278    0.490131    -0.81356   -0.241641     2.84852   -0.199304  -0.0739875     37.1099    -35.5377     9.33813
    86.7642     49.2752     37.4582     29.6092    -1.20877    -5.89405    -1.82961     18.4921    0.984951    -4.81676    -6.55755     3.32211     2.71023    0.658314     0.15461    -1.41486    -5.76927    0.356235    0.985988    -3.34465    0.508648     4.81271    -5.18573    -3.00743     1.71255   -0.823247   -0.340654     2.09782    -1.26624   -0.108407     37.1099    -35.5377     9.33813
    45.4516     4.86839     32.7823     15.8966    -8.66109    -3.20906    -10.3891     5.46948    0.745296     -5.9451    -7.34082     4.83731     2.77361      0.6877     3.04405   -0.316093    -4.66978   -0.404667   -0.133981       -4.11    0.468776     3.88989    -2.87486    -3.15812     1.30678   -0.312745   -0.170382     2.70487   -0.867297  -0.0253609     37.1099    -35.5377     9.33813
    27.1777    -13.4896     18.2128     22.7665     7.22359   -0.707313    -21.4603     9.47094   -0.383435     -1.0039     9.90869     15.5499     10.4452    0.186436     7.26086   -0.501999    -6.51285     1.70417    0.876167    -3.88246    0.655333     5.11806    -3.78298    -3.89532     2.57269   -0.589174    0.455833     3.09257   -0.457885  -0.0684232     37.1099    -35.5377     9.33813
    87.2263     28.8773   -0.980328     15.4215     24.4558    -3.05088    -18.5857     14.2536    0.683684    -15.1898    -20.9555     1.70918    -2.82275   -0.323803     2.47385     7.41025    -11.6942    -1.27819    -1.87216    -3.73931     2.21531     3.23836     -3.9876    -1.00371     3.41992    -0.84057   -0.383254     2.48067   -0.495151    -0.15718     37.1099    -35.5377     9.33813
    21.7933     31.8794     12.8892     11.1672    -1.44438    -4.56235    -10.1555   0.0979209   -0.167396     -8.9921    -13.4572     4.26514     3.93065     1.51173     4.28458    -5.79605    -3.31532    0.601851    0.183026    -3.80506    -2.11858     3.92551    -5.24808    -4.49649    -1.33096   -0.602039    0.338125     3.29094    -0.60652  -0.0923413     37.1099    -35.5377     9.33813
    15.7137     36.2226     25.7799     34.8183    -18.1904    0.241247    -14.2961     2.36109    0.471656    -3.22211    -10.1838     5.89026     4.49374   -0.049087     4.97233        2.33     -7.4084     1.03643     1.46414    -3.42502     2.14352     6.06266    -4.53536      -3.773     1.74752   -0.907991   -0.737962     2.07407   -0.680971   0.0359391     37.1099    -35.5377     9.33813
    14.0749     22.0413    -4.75444     6.24241     -11.796    -17.0787     2.35295     9.61556   -0.175957    -5.27484    -1.17159    -9.08951     10.2598   -0.928993     5.33258      7.6106    -6.02274    -7.13048     2.37378    -1.34775     3.22722     4.10316    -7.89648     -6.2647   -0.318149   -0.694125    0.567613     2.71013   -0.522354  -0.0757275     37.1099    -35.5377     9.33813
    88.2298     10.4311     40.8421     33.2679    -19.0414    -23.4447    -18.4402     5.56125   -0.783185   0.0963724    -7.41245     2.72134   -0.865354    0.576544     3.54116     1.38797    -6.90519    0.196754    -1.25113    -4.28993     1.06748     3.26737    -4.89165    -2.13978     2.14822   -0.795229     1.05136     2.91397    -1.10818   -0.150042     37.1099    -35.5377     9.33813
    54.8992     55.4232     33.7132     52.1059     7.62065    -6.90841     8.17368     9.47138    0.918183    -10.2787   -0.996048     3.07008      1.5606     0.75461     4.55788     -2.7995    -7.82281   -0.324746   -0.203169    -3.15633     1.37744     3.97182    -3.81338    -3.24712     1.31641    -0.63167    0.180218     2.53195   -0.558593   -0.110437     37.1099    -35.5377     9.33813
    83.0472     43.1007     47.2735     5.69324    -10.4039   -0.792993    -13.5727     13.2555     1.62653    -6.95269    -8.05705      2.8305     3.50608     1.09134     5.06288 -0.00498816    -5.12657    0.363905    0.853672     -3.1934     1.09169     5.25863    -3.23662     -3.7214     1.21933   -0.769286   -0.812554     2.28185   -0.629803   -0.131947     37.1099    -35.5377     9.33813
    122.018     22.1584    -31.2562     21.4794     15.0468     4.41646    -23.7404     10.7989     1.69705    -12.2831    -2.28203     2.49243     1.37511    0.418813     4.41296      1.1357    -9.44228     1.20808     1.14134    -3.19654     1.99571     6.10784    -3.69933    -4.00456      1.4909   -0.623256   -0.247867     2.58724   -0.467274   -0.183349     37.1099    -35.5377     9.33813
    34.0062     31.9791     11.3354     19.5436     18.9136    -7.58911    -10.1013     5.00363     1.58609    -14.0816    -19.1404     5.19655   -0.212607    0.454384     3.59299     5.78391    -7.58288  -0.0947193   -0.328936    -3.82046     1.70284     5.07609    -3.51357    -3.36151     1.90186   -0.507112   -0.954233     2.14537     -0.4111   -0.157136     37.1099    -35.5377     9.33813
   -0.54336     24.6536    -7.17311     9.49492    -10.8627    -16.1037    -1.76216     10.9212    0.871185    -8.63444    -8.19973     2.19204     3.95272    0.347422     6.43231     1.83363    -5.93729   -0.750324    0.380581    -4.27843   0.0620697     5.46464    -4.03508    -3.46607      1.0183   -0.701175   -0.216824      2.2419   -0.687287   -0.219388     37.1099    -35.5377     9.33813
    13.8849     -17.252     14.2278     12.6012    -7.21562     13.2742     7.47197      10.655   -0.258161     6.60823    -1.96849     2.31689    -13.6031     1.01539     8.74709    0.894701    -5.16588      2.9576   -0.600657    -5.24872     4.06618     6.23893    -5.74932    -2.26522   -0.322705    -1.11259    -1.35732     2.79056   -0.703731   -0.153063     37.1099    -35.5377     9.33813
    72.6545     46.1456     47.2766     37.9777     1.56979    -12.8406      7.6907      10.061    -1.15511    -8.24955    -6.53157     8.59865     2.86505   -0.685875     5.00597    0.149841    -5.16667    0.908153     1.59439    -2.58343     1.74086     6.29794    -4.03188    -4.86361     1.14171   -0.438075    -1.15838      1.8142   -0.571619   -0.159079     37.1099    -35.5377     9.33813
    38.9929     31.1152     44.9918     25.5869    -13.8826    -6.97599      -13.19   0.0213089  -0.0331509    -9.17832    -5.52014     3.02032     1.85831    0.353587     7.00549     0.41294    -6.69481    0.268908  0.00322369    -3.88334     1.29939     4.81173    -3.93742    -3.24454     1.64199   -0.638033   -0.252121     2.34556   -0.958421   -0.254936     37.1099    -35.5377     9.33813
    44.7538    -27.0125     21.9496     45.9543    -7.26404    -4.05131    -14.4868     12.4757     1.75645    -8.75688    -4.95174     3.61029     5.22916     0.33233     5.09746   -0.947642    -4.52326   -0.504383   0.0135762    -2.91197   -0.209919     4.07746      -2.778    -4.20432     2.53729    -0.35551     -1.2458     1.28218    -0.28738   -0.155593     37.1099    -35.5377     9.33813
    21.7128     50.5704      18.492     25.9371    -14.3939   -0.489329    -13.3716      11.509     1.67512    -8.54092    -6.46042     4.34103     1.25541     0.49793     6.17895     0.23235    -4.85142    0.542972    0.655539    -2.38535     1.83514      4.6988    -3.23747    -3.72089      1.8869   -0.636529   -0.208713     2.31467    -1.13261  -0.0715789     37.1099    -35.5377     9.33813
    54.1224     48.4788     42.7288     10.4071    -9.24997     2.74648    -12.3075     4.79093     1.97852     -11.999    -4.07881     1.40698     2.32471   -0.320806     4.19629    -1.07845    -5.37969     0.34949    0.713647    -4.03865    0.284141      4.8536    -4.74444    -2.87664     1.63144   -0.869234   -0.619849     2.39142   -0.533305   -0.233179     37.1099    -35.5377     9.33813
    59.6917     23.6917    -6.47345     11.4753     5.91952    -6.48636    -8.35486     5.95003    0.808703    -7.41541    -9.99373   -0.158282      3.1725    0.542507     2.97794    -1.15053    -5.22833    0.910011    0.546987    -4.28791     2.60219     5.92029    -3.42967    -3.63946     2.75127   -0.468049  -0.0702335     2.34122   -0.556875   -0.145239     37.1099    -35.5377     9.33813
    20.4503     32.4182     6.28232     9.72889    -15.5619    -12.3549    -2.44257     8.12458     1.64838    -11.7739    -2.32552 -0.00615047     3.93101   -0.136352   0.0811766     4.24625    -4.78894    0.669323    0.082892    -4.08653    0.261219     4.30201     -3.2426     -4.4459    0.780829   -0.170337    -0.28609     3.07966   -0.127111   -0.105236     37.1099    -35.5377     9.33813
   -2.64101     29.1063    -11.8646     13.6358    -24.0961    -24.5281   -0.181675     24.1956     2.77145    -12.2409    -2.62515     3.42127     3.58002   -0.147186     9.34923     5.84319    -8.28785     4.85367     -2.3104    -6.38693    -4.06943     5.82309   -0.956711    -3.16856    0.666865    -0.61475   -0.240035     2.77454     -1.3302   -0.121673     37.1099    -35.5377     9.33813
    66.5834     49.4284     37.9736     25.4772    -6.32948    -2.46711    -7.42633      13.303     1.16487    -5.14913    -7.44552     2.96453     3.31874     0.18238     3.87882   0.0228034    -5.59891    0.548216    0.598091    -3.05252     1.01632     5.43675    -3.55283    -3.85904     1.24608   -0.499493   -0.632529     2.31886   -0.503933   -0.172274     37.1099    -35.5377     9.33813
    102.239     37.1557     10.0896      24.466    -17.5795    -3.11981    -6.18391     8.33199    0.289618    -6.24338    -6.55865     3.28958     3.31826    0.303884     4.50063     0.70044    -6.35855    0.210516    0.266091    -3.23305      0.9972     4.85178    -4.09245    -3.71923     1.33009   -0.660942    -0.40502     2.41169   -0.531268   -0.179076     37.1099    -35.5377     9.33813
    151.774     37.1797     2.73418      25.401    -21.2881     1.92033    -6.41848     6.02627     0.62003    -7.31537    -6.80498      3.6147     2.69951    0.519156     5.84212    0.196537    -5.82882    0.376495  -0.0317183    -3.42655     1.14026     4.63253    -3.37881    -3.46789     1.37126   -0.643584    -0.29444     2.49799   -0.564453   -0.166599     37.1099    -35.5377     9.33813
    144.465      36.434     8.56756     25.2072    -20.1852    -0.31365    -6.90221     7.22689    0.756411    -6.30525    -7.37358     3.78289     2.62465    0.637042     5.12113    0.401441    -5.69218     0.43883   0.0935744    -3.50808     1.05688     4.65229    -3.66066    -3.35031     1.44183   -0.687517   -0.281571     2.44375   -0.677256   -0.155236     37.1099    -35.5377     9.33813
    18.0916     52.9636    -38.1975     81.8626    -16.8404     1.61745     -7.5943   -0.287347    -1.22124     -2.2793    -9.13604     6.05608     0.53398    0.134944     4.79759     3.76519   -0.524624      1.6178    0.513663    -3.29357   -0.613476      3.5497    -4.52059    -3.83959      1.8228   -0.456094    0.745867     2.72576   -0.725359   -0.151117     37.1099    -35.5377     9.33813
    91.8943     26.9628     7.75852     37.5102     15.6597     -12.132    -6.03443     6.60797     1.28778    -13.1059    -7.93638     6.21582   -0.952264     0.83338     5.05166     2.92029    -9.60191   0.0676077  -0.0789732    -3.41571     2.44313     4.45334     -4.4457    -2.94017     2.30432   -0.766309   -0.187444     2.32085   -0.740506   -0.136504     37.1099    -35.5377     9.33813
    13.5241     42.2632    -39.2715     59.6533    -25.4729    -17.7523   -0.316383     18.1731      1.3723    -8.88191    -6.50395     13.1177    -2.18174     0.92228       3.661    0.634907    -3.75505    0.425307    0.206789    -2.79555     2.90139     4.20347    -3.21053    -3.66846     2.09851   -0.453357    0.497232     2.56947   -0.386742   -0.190379     37.1099    -35.5377     9.33813
    133.822     31.8745    -4.40463     24.8006    -8.78652    0.917115     -11.234     7.45252    0.842529    -8.41419    -6.33898     3.62797       2.297    0.504056     5.42066     0.55715    -6.83727    0.667725    0.353375    -3.34749      1.3252     5.00014    -3.54905    -3.67919     1.48386   -0.655418   -0.294196     2.48958   -0.530979   -0.169775     37.1099    -35.5377     9.33813
    18.9463    -9.37314     27.5723     18.5152    -15.9239     17.1744     3.46208     8.88367    0.371033      -6.006    -7.41466     8.34461   -0.977559     1.01751     1.37859     2.04477     -10.275    -1.39453       3.946    -2.20603     -2.8769     8.33981    -2.30909     -4.7563     3.33089   -0.587091     1.25129     3.88888     -1.2417   -0.175445     37.1099    -35.5377     9.33813
    65.3584     9.73157     51.9254     27.0411    -16.7824    -14.4781    -14.7385       6.523     1.21459    -4.66206    -9.05675     4.76351     3.36363    0.485437     6.96306     1.95034    -6.43271    0.806752    -1.20608    -3.63202     2.65827     4.07326    -3.11699    -2.41235     1.35061   -0.459969    0.477119     3.39341   -0.412228   -0.295641     37.1099    -35.5377     9.33813
    13.1282      20.243   -0.135246     14.3766     12.3935    -9.39997    -10.5667      1.3538      1.3962    -5.92956    -24.2437     8.37093     2.57333     1.16822      5.6434    -1.81547    -5.87941   -0.143906    0.987608    -2.59849  -0.0438101     4.49148    -4.32736    -4.77637   -0.596158   -0.809976   -0.388147     2.63973   -0.880937   -0.194661     37.1099    -35.5377     9.33813
    15.2322    -2.19684     5.34795     17.5459     2.02615  -0.0183592    -4.11311     7.57112    -0.33784     5.09452    0.385641     10.3125     5.25302   -0.200776     8.63203    0.366502    -1.65077    -7.62152    -2.01276     -2.8881    -2.61545     0.75802    -2.89977    0.348696     4.41432   -0.536691    -3.80999     1.61388   -0.336035   -0.222916     37.1099    -35.5377     9.33813
    76.1563     7.08104     1.30554     24.5172   -0.882593     2.80976    -14.3645     11.0154    0.747735   -0.129601     3.05773     11.5244     6.37269  -0.0848079     7.19784   -0.137282    -4.15262    -1.93003    -1.22367    -2.87643    -1.00963     2.14987    -3.25112    -3.64494       3.407   -0.342715    -2.49876    0.902329   -0.078695   -0.221928     37.1099    -35.5377     9.33813
    36.8742     52.2654      43.854     30.4484    -2.62125    -2.32806    -2.13602     4.02061    0.541098    -11.9067    -3.29238     3.40132     2.44122    0.600227     6.72072   -0.963364    -6.54793    0.137094    0.391279    -3.32126     1.40553     5.04747    -3.41931    -3.95573     1.31472   -0.637558   -0.552096     2.35848   -0.378173   -0.143836     37.1099    -35.5377     9.33813
    46.3568      9.5696     47.2621     32.0618    -12.9756    -6.44023    -9.33575     7.63347    -1.12042    -9.15767    -8.80124     4.29529     4.52903  -0.0928624     6.80685    0.955637    -6.43056    0.697573     0.23539    -3.49504     2.35235     5.09007    -2.90198    -3.17748     1.30804   -0.772589   -0.106694      2.9479   -0.478125   -0.118682     37.1099    -35.5377     9.33813
    25.5745     43.2067     35.5819      32.696    -11.0577    -2.16845    -9.42057     2.41234    0.404285    -8.30774    -5.42457     3.06786     2.41479    0.701465     6.83352     0.45465    -7.13858    0.293483    0.231028    -3.62695     1.19735     5.32664    -3.70202    -3.66812     1.67104   -0.482054   -0.326903     2.33147   -0.758057   -0.190154     37.1099    -35.5377     9.33813
    70.0275     4.93294      19.243       23.23     -12.779     6.74528    0.670404     10.0292     1.83218    -2.38967    -7.16305     4.43898    -3.09184    0.931582     6.44184  -0.0441576    -5.50158    0.134291    0.901751    -4.21186     1.44235     5.97692    -4.19678    -3.29666     2.08617   -0.836044     0.18519     3.39195    -0.50675   -0.168206     37.1099    -35.5377     9.33813
     38.075    -14.4527     39.9037     23.7199     -14.968     7.00983     -8.2031     12.0878      1.1978    -11.3927    -8.58681     3.99227     4.77174     1.19032     6.10204    0.634188    -6.06372    0.733058   -0.470179    -3.72678     1.55516     4.57174    -4.41155    -3.79791     1.76937   -0.551094    0.569784     2.02413   -0.606591   -0.189093     37.1099    -35.5377     9.33813
    20.6943      60.248     22.7543     53.8984   -0.875098     1.94825    -6.02704      10.239    0.516386     -3.3719    -4.92493   -0.862713     2.46535    0.777374     3.17699    0.662259    -6.39125    0.323518   -0.237809    -4.28831    0.661031     4.67721    -3.55996    -3.34336     1.56816   -0.821093    0.128504     2.78509   -0.361689   -0.164252     37.1099    -35.5377     9.33813
    69.2199     52.7908     39.1139     37.9302     2.83781    -5.90227     1.34681     16.6519    0.851757    -7.09565    -3.89504     1.74801     1.94102    0.749749     1.56608    -2.72759     -7.1256   -0.276016   -0.128707    -3.28493    0.879341     3.83336    -4.38893    -2.74869     1.62339   -0.708044    0.167143     2.60765   -0.842645   -0.144793     37.1099    -35.5377     9.33813
    28.1788     7.21657     -22.795     54.2522     6.21512    -7.18228    -3.10409     2.19158   -0.153252     1.21762    -21.4289     15.4075     8.97905    0.814189     7.77838    -5.35388     6.75831   -0.567802   -0.600044    -2.23931    -5.36933   -0.361084    -5.85891    -4.53757    -4.04925   -0.630612    0.340313     3.56486    -1.53757   -0.271196     37.1099    -35.5377     9.33813
    95.2892      27.196     -7.1536     16.5756    0.510766    -2.58775    -9.52369     6.15084    0.953112    -7.50025    -11.9382     1.59703     2.65811    0.787193     4.92528    -1.54807    -6.22381       2.155    0.201761    -3.80104     1.30626     5.01593    -3.58094    -3.84503     2.38832   -0.602182   -0.277377     2.35946   -0.536622   -0.138179     37.1099    -35.5377     9.33813
    14.6984     19.7515     21.4727     18.1834    -8.68063     1.46802    -3.07849    -3.16288     -2.9142    -6.11075    -2.80706     2.82725     2.88473     5.79485    -6.79659     3.24145    -4.11499     2.97088     -8.3443     1.21769     2.67842     6.86526    0.334614    -7.46908    0.683877    -6.58019   -0.509732     2.31186    -2.95433    -2.28338     37.1099    -35.5377     9.33813
    101.752     15.9826      1.5382     32.5705     3.30436    -8.72996    -20.1699      9.0516    0.215608    -4.43818     6.63286     6.74637     3.98914  -0.0127164     4.64465    -1.74593    -6.12803     2.74031     2.57964    -3.18987     1.88295     7.34302    -4.57594    -5.18248    0.467634   -0.617369  -0.0429736     2.53881   -0.844091   -0.137952     37.1099    -35.5377     9.33813
      5.145     60.6433    -7.80564     68.0523    -12.8423     7.73857    -18.8258     4.58649   -0.267323     6.34603    -11.2235    -1.53322     3.78192    0.484383    0.916587     5.84411    -3.78811     1.59758     1.21626    -5.55288    -1.10701     6.50815    -5.41097     -3.2481     1.75399    -0.90237   -0.132307     1.86931    -1.08441  -0.0244512     37.1099    -35.5377     9.33813
    108.285     26.1915     27.8128     29.1179    -16.9375    -11.4065     -11.115     7.13172    0.101804    -3.44636     -8.2538     4.18713     1.48914    0.163692     4.32902     1.41593    -5.95081      0.5868   -0.213607     -3.6299     1.18324     4.62672       -4.28    -3.06806     1.67596   -0.574099   0.0160065     2.49176   -0.829461   -0.205821     37.1099    -35.5377     9.33813
    4.13257     51.8656     9.27264     44.6903    -15.8121     3.28563    -16.9184     6.61601    0.696061    -1.39433    -9.15777     2.11405     3.16063    0.523474     3.92064     1.66923    -6.32736    0.645985      0.7695    -3.51092     1.68787     5.59984    -4.10336    -3.67896     1.63514   -0.610079   -0.480568     2.29923   -0.513513   -0.189652     37.1099    -35.5377     9.33813
    21.9712     32.6915     27.8227     24.5332    -18.8368    -7.30039    -12.2203     2.41654   -0.299386    -10.2846    -5.47521     5.03468    0.942954     1.07857     3.42662    0.505666    -6.02953    0.938002    0.538501    -3.50416     1.38059     4.82972    -4.60754    -3.13235     1.91836   -0.623933   -0.522583     2.65035   -0.204143  -0.0909367     37.1099    -35.5377     9.33813
    11.8982      5.4325     17.9185     11.7802    -11.3882     3.29475    -0.31125    -1.34778     4.67072    -3.63443    -4.47832     5.22774    0.171947     -4.4989    -4.59127     1.05508    -7.68484     1.01751     3.41117    -6.93336     2.10825     1.89404     0.72562    -3.86348    0.260968     3.71639   0.0836993     2.23018    -1.75355    0.796851     37.1099    -35.5377     9.33813
    23.4775      25.797     6.28361     4.77855    -8.21484    -9.45684   0.0916451     1.31486   -0.207925     -4.2196    -6.85683    -3.86299     4.65149    0.627978   -0.518786    -2.71884    -1.93356       3.263   -0.300632    -4.32841     4.44247     5.11275    -1.61132    -5.00757     3.79963  -0.0524728   -0.615016     1.47411   -0.795447  -0.0150846     37.1099    -35.5377     9.33813
    73.0166    -6.86442     43.4289      33.708    -17.7074    -14.4292    -20.4065     15.6282    0.720066    -5.74533    -11.2932    -3.74568    -1.15201    0.687742     1.08547   -0.719317     -4.6523   -0.928016     1.54901    -2.84282   -0.596435     5.51371    -3.07971    -4.45204     2.29951   -0.805256   -0.821049     1.85242   -0.565566  -0.0713046     37.1099    -35.5377     9.33813
    108.081     41.4085      32.496     27.0387    -9.46073     -7.1412    -2.09308     12.0579     1.48976    -5.24995    -7.95581     5.81635     3.08053     1.25678     3.32158    0.442646    -4.98207    0.773281      1.4199    -3.35034     1.06713     5.40382    -4.26657    -3.88324      1.4385   -0.827754   -0.773794     2.00063   -0.868633   -0.100465     37.1099    -35.5377     9.33813
    71.7103     24.4451     19.5249     29.7878     19.0019    -14.3139    -14.8306     13.7583       1.852    -8.09616    -7.22743     5.11265   -0.104637     1.07018     1.94574     2.56011    -8.47459    0.830507     1.16572    -3.49043     1.62865     5.32046    -5.12727    -3.27763     2.18878   -0.860024   -0.215343     2.20188    -1.04203   -0.109818     37.1099    -35.5377     9.33813
    117.761     42.5113     19.4878     35.1818    -9.69855    -5.03717     2.21136     7.24997    0.550456    -8.14393    -5.15133     6.27028     2.78754    0.561889       5.251   -0.415117    -5.78227    0.648858    0.937668    -3.11905     1.47536     5.28186    -4.01536    -4.05332     1.29064   -0.651969   -0.623044     2.13068   -0.739021   -0.140843     37.1099    -35.5377     9.33813
    28.9359    -16.6249     28.9455        18.3    -10.7002     10.5488    -2.94377     12.5048  0.00963592    -3.75306    -4.99689       3.104    -3.78131     1.47799     6.61358     1.24301    -5.56773     2.13032    -2.06935    -4.76737     2.25771     3.22408    -7.04529    -5.62152    0.358132   -0.573489    0.144883     1.79385   -0.111078  -0.0894038     37.1099    -35.5377     9.33813
    33.3858     48.6474     24.0079     17.2867    -13.9166   -0.868792    -13.4338     10.5463    0.632735    -11.4785    -5.86623     4.78377    0.688705     1.26796     4.51013    0.021618    -3.76476    0.915586      1.2358    -2.94743    0.910584     4.53513    -4.51046    -2.97389     2.19212   -0.667893    -0.25066     2.39048   -0.932534   -0.196247     37.1099    -35.5377     9.33813
    7.70937     34.3012    0.935692     16.1931    -16.4175    -11.1299    -3.62746     11.5529    0.437726    -6.77726    -5.18227   -0.555596     4.25985    0.480532     6.88978    0.770151    -5.35025    0.477931    0.992015    -3.50815     2.06662     5.59918    -4.81029    -3.45363     2.63112   -0.904299   -0.324279     2.15259   -0.666639   -0.202574     37.1099    -35.5377     9.33813
     29.738     12.2999     27.2333     9.36162    -17.5986    -1.54983     2.15003     3.95982    -3.37123   -0.411149    -2.88256    -7.65995     2.64316    0.569788     6.00162     5.59493    -16.8608     12.1156     9.45957     10.3636    -5.28776   -0.724995    -1.26081    0.650345    -1.92337   -0.985726   -0.117484    -1.88747     1.05573   -0.341932     37.1099    -35.5377     9.33813
    57.2547     32.0841     53.2768     30.0431    -7.47336    -12.7629     -6.2196     5.43768     3.18365    -7.44366      -6.253     4.75471     1.99264    0.249108     7.49702    0.450516    -6.26176    0.241876   -0.402003    -3.01675     2.14012      4.9448    -2.69062    -4.03261     1.26971   -0.391209   -0.212418     2.72505  -0.0469781    -0.24949     37.1099    -35.5377     9.33813
    23.4728     56.5754     24.3311     36.0183     -9.7939     5.10964    -16.2421     8.75168    0.795883    -3.17381    -7.69864   -0.127382     3.40088     0.28272     6.37954     1.41551    -5.79096    0.261036   -0.216575    -3.58793     1.36543      5.4399    -2.26189    -4.13534     1.04585   -0.317868   -0.367501     2.65277   -0.117239     -0.2327     37.1099    -35.5377     9.33813
    117.413     37.1637     34.2438     10.2139    -15.1674    -3.56999    -14.8797     18.5217   -0.013082    -1.23465    -10.7603     3.08989     3.32268   -0.215158    0.871409    0.851061    -4.44976    0.772095    0.591536     -3.3252    0.385124     5.35396     -4.5164    -2.95674     1.58106   -0.542197   -0.465184     2.26507   -0.975394   -0.213144     37.1099    -35.5377     9.33813
   -8.56226     36.6686    -11.7533     22.1008    -21.6911     -12.934    -9.66741     15.2498     1.20399    -5.73296    -10.0782      5.5436     3.10054     1.12912     5.54864    -3.87209    -9.05275    0.641341   -0.804793    -4.09625    0.507499     4.90142    -3.32198    -3.82706  -0.0146676   -0.840888   -0.392039     2.34545   -0.835236   -0.194205     37.1099    -35.5377     9.33813
    84.7002     29.9016     43.5806     32.6152    -10.9943    -14.8347    -4.72139     8.09218     1.35091    -3.26085    -8.76111     7.14699     2.61014     1.01146     4.54985     1.92863    -5.40493    0.946062     1.00707    -3.52284     1.60864     5.29635    -4.23064    -3.81967     1.56476   -0.804339   -0.355695     2.21002   -0.747444  -0.0676197     37.1099    -35.5377     9.33813