     9.9209    0.603157   0.0686437     1.19202     10.2374     46.3382     1.61025   0.0460528    0.110042     1.98857     27.8848    0.147011    0.247009     1.21009     5.34387     20.9109     44.5392     21.1572     5.18152     1.02109    0.167482   0.0746451 0.000349867   0.0179877     0.21567     1.32986     10.3047     43.1381      34.778      8.1424     1.80153    0.264314  0.00707339
    1.16141  0.00508626 0.000708968   0.0187079    0.242052     93.1135     4.86774    0.020154 0.000148583  0.00378109    0.566675 6.89826e-06  0.00123362   0.0135285     0.18829      6.1537     87.1426     6.31501    0.170582   0.0130855  0.00193881 5.89725e-05 9.20765e-08 0.000207086    0.026591    0.593291      35.006      62.543     1.66922    0.127283   0.0285335   0.0058231 1.86838e-05
   0.425774 0.000396371 0.000136987  0.00862405    0.188912     98.8076   0.0892738 0.000353683 0.000227234  0.00268596    0.475976 2.76197e-05 0.000347887  0.00291867    0.024111     1.45652     97.0176     1.47072    0.024074  0.00304822 0.000587887 4.98804e-05 2.24992e-05 6.83154e-05 0.000943435   0.0204962     1.52295      96.436     1.94587   0.0599438   0.0126424  0.00108891 1.75097e-05
  0.0974212  0.00395488   0.0015911   0.0526044     25.3947     73.8333    0.183202   0.0051781 0.000743287    0.006421    0.420848   0.0111423   0.0151744   0.0795769     2.59268     25.8712     43.1097     25.7196      2.5306   0.0648395  0.00449887 0.000979855 0.000242104  0.00337724   0.0115439   0.0827739     1.32475     50.5645     44.0364     3.89325   0.0764837  0.00655633 0.000205451
    23.0829    0.354845   0.0150381    0.186301     1.55772     56.6173     5.71452    0.173627   0.0575472    0.572185      11.668     0.13667    0.101523    0.263569     1.67055     15.6719     63.7059     16.3443      1.7858    0.257579   0.0479608   0.0143033  0.00211435   0.0237716    0.254579      2.1817     24.7108     60.7461     10.4738     1.13296    0.406494   0.0658836  0.00170804
    1.91045    0.408312   0.0101783    0.030755    0.754002      49.034     44.2305     2.48822   0.0163251    0.243424    0.873813   0.0547494   0.0983855     0.95049     6.62055     21.7214     41.7634     21.2412     6.39614    0.960132     0.14603   0.0474244  0.00356105    0.119609     2.85846     19.5286     52.3789     21.5282     2.74735    0.672876    0.148066   0.0129894  0.00139144
   0.152551   0.0179085  0.00533557    0.998917     34.6678     63.0027    0.504423  0.00504762  0.00351454   0.0564426    0.585299     0.02431   0.0478361    0.760207     8.09729     23.8215       34.38     23.8073     8.17497    0.829392   0.0501451  0.00698066 6.79293e-05   0.0019082   0.0276931    0.226322     2.59648      39.308     42.7649     13.9197     1.09989   0.0543353 0.000641926
     2.3524     1.87541    0.263386    0.128726     1.06771       29.97     51.3211     10.8084    0.418351    0.862063    0.932448    0.246912    0.602934     2.80511     9.52692     19.8396     34.9436     19.2228     9.19877     2.77786     0.60088    0.234616    0.238721     3.03143     13.6554     30.6422     37.2086     10.2387     2.67261     1.36792    0.728439    0.195118   0.0208995
   0.341683  0.00595159  0.00128741   0.0226228     5.17284     93.2859    0.707083   0.0047832 0.000501383  0.00638347    0.450973   0.0217649   0.0226626     0.14727     1.73674     21.1216     54.0167     21.0376     1.72275    0.150302   0.0202169  0.00241723 3.21861e-05  0.00132211   0.0164611    0.214203     6.60562     69.4924     22.8459    0.775449   0.0425831  0.00528889 0.000781724
   0.925029    0.130701   0.0506573    0.606687     10.0655     65.9123     20.3818    0.812091   0.0321841    0.159755    0.923341    0.245798    0.885145     3.76018     10.6435     19.6206     28.5087     20.1172      11.092     4.05836    0.907776    0.160743  0.00475335    0.225049     1.55668     9.91342     31.8293     29.6639     20.4269     4.83609     1.24728    0.285744   0.0109914
    16.5195     5.94956    0.327868     1.20238      10.707     26.8216     12.2052     1.33667    0.655525     7.32758     16.9472    0.101864    0.338415     1.55895     5.65593     18.3845     47.3082     18.8679     5.78587     1.41477     0.33301    0.250557   0.0200828    0.506211      3.6706     11.7784      27.905      14.095     24.5505     12.6932     4.15944     0.58627   0.0353585
    15.0594  0.00502036  0.00404819   0.0897809    0.492404     66.1673    0.197709  0.00298154 0.000764732   0.0208744     17.9597 0.000221084  0.00387096   0.0251388   0.0977318      2.1737     95.3663     2.20527    0.100098   0.0235758  0.00381447 0.000323953 1.95422e-05 0.000440412  0.00458804   0.0713324     2.27731     94.0908     3.16928    0.263879    0.099374   0.0229575 1.63322e-05
   0.228608   0.0356353    0.012418    0.552802     32.8562     65.0209    0.528467    0.014481  0.00368523   0.0333394    0.713478   0.0152991   0.0320991    0.214942     1.97815     19.2676     56.8467     19.3538     2.05628    0.200967   0.0237857    0.010354 0.000384179  0.00559532   0.0452165    0.269354      2.4557     33.5488     54.8582     8.03147    0.716375    0.066897  0.00201678
   0.951657   0.0660603   0.0110265   0.0308607     1.29085     79.2361     17.7087    0.139426   0.0078911   0.0609382    0.496501    0.020355   0.0648286     0.46334     5.30559     24.5861     40.1479     23.6405     5.14514    0.533186   0.0801524   0.0129394  0.00212153    0.055089    0.303386     4.00507     37.9617     50.2131     6.79091    0.548617    0.101702   0.0157633  0.00256727
   0.497296  0.00508162 0.000821922    0.045953      1.6271      96.493    0.749805  0.00597978  0.00123366   0.0155691    0.558198 0.000959166  0.00436555   0.0303419     0.31477     10.1676     79.0363     10.0882    0.324066   0.0290496  0.00392638 0.000395316 0.000562665  0.00142647   0.0149571    0.206919     6.04245     83.0595     10.1739    0.420115     0.07382  0.00603926 0.000351511
      1.208    0.326956    0.202808     10.2538     46.6134     37.6535    0.791506   0.0385342    0.102752    0.871972     1.93681   0.0555049    0.429161     3.52772     11.4169     20.5181     29.3757     20.0419     10.9469     3.29803     0.33837    0.051687    0.001222   0.0262787    0.209072     0.81448     2.99724     15.9932     41.5104     27.2762      10.182    0.981434  0.00844457
   0.388173   0.0896922   0.0584963     3.37522     46.0255     48.1727    0.821755    0.019756   0.0181684    0.165631    0.864955   0.0264291    0.104679    0.827863     5.35021     20.8921     45.7033     20.7376     5.41176    0.820329     0.09713   0.0286692 0.000576173  0.00615853   0.0762284    0.497506     2.63922     20.9138     51.5315     20.5088     3.49646    0.322759  0.00700656
   0.264598  0.00699291  0.00247829    0.177149     8.55363     90.2087      0.2733  0.00418773  0.00102403  0.00752843    0.500442 0.000813691  0.00707854   0.0752901    0.676597     12.2623     74.0335     12.1884     0.67611   0.0740164  0.00541411  0.00050714  3.3675e-05  0.00146907    0.013874    0.110294     2.50218      67.382     28.0369      1.6771    0.254615   0.0203126  0.00124662
   0.271873   0.0434953   0.0271965     5.41568     37.9698     54.8728    0.381551   0.0101426   0.0283707    0.232026    0.747071   0.0186409     0.38892     4.59534     12.8306     19.6438     25.2834     19.6143     12.7592     4.48095    0.366099   0.0187122 0.000422501  0.00931495   0.0528663    0.258731     1.90237     35.6169      35.829     20.1111     5.95729    0.261558 0.000533048
    21.8191     3.58463    0.236563    0.365366     4.10815     43.8823      10.283    0.767903    0.275106     2.60686     12.0711    0.312155    0.624698     2.92818     10.0078     21.4644     30.7604     20.5291     9.71087     2.91568    0.576115    0.170634   0.0105428    0.312831     1.97959     8.51119     30.0443     37.6775     15.7517     4.11668     1.39812    0.189576  0.00792209
   0.360003    0.110901   0.0363902     7.31045     63.4875     27.4082    0.271897   0.0127482   0.0287075    0.305606    0.667523   0.0121982   0.0975625    0.909441     5.64857     20.7453     45.4005     20.6997     5.63498    0.787589   0.0587045   0.0054404 0.000366462   0.0129469   0.0733754    0.334502    0.962983     8.32305     47.2397     34.7831      7.9256    0.343866 0.000589506
    0.45256    0.032783  0.00609568   0.0250148     1.13474     91.2971     6.58231   0.0726023   0.0045949   0.0380181    0.354212   0.0170458    0.037699    0.174112     1.81188     19.8105     56.0839     19.9482     1.90733    0.179734   0.0272865  0.00231171  0.00115486    0.026294     0.13167     1.39806     27.1839     64.3218     6.47622    0.396411   0.0574685   0.0065773 0.000386049
    1.06306    0.196386    0.874458     14.9854     34.5479     45.2277    0.439784    0.022725    0.157028     0.71027     1.77537   0.0824695     2.00074     7.54048     12.2425     17.0469      22.562     16.8189      12.208     7.50484     1.93144   0.0616602  0.00469521   0.0425593    0.177536    0.546281     2.33264     27.7192     31.4164     21.1404     13.1262     3.40413   0.0898964
   0.540753   0.0275553  0.00022146   0.0141919     20.5725     77.0532    0.205891  0.00304166 0.000277993  0.00576449      1.5766 0.000835502  0.00153989   0.0190181    0.233567     7.69176      84.217     7.59049    0.217039   0.0242339  0.00258786  0.00193877 1.24824e-06   0.0018386   0.0139948     0.11008      1.5309     37.3399     59.8587     1.11875   0.0252939 0.000501606 4.91463e-06
    8.72761   0.0377866   0.0420644    0.926511     5.96845      56.699    0.428505  0.00853387   0.0218696      0.4178     26.7181   0.0111701   0.0570396    0.310885     1.30749     11.7715      72.915     11.9703     1.28259    0.304969   0.0537944   0.0115025 5.74361e-05  0.00390165   0.0287387    0.186041     4.19903     70.2581     21.0188     3.00591     1.06379    0.230531  0.00141737
   0.750802    0.351443    0.247261     6.01888     30.6825     46.7451     11.9215     1.03283    0.148075    0.595479     1.50608     1.05428     3.50968     7.19665     11.0767     16.4589     22.2757     16.6383      11.064     6.75931      3.1497    0.816747   0.0223345    0.459718     2.10022     7.45287     17.3405     15.3486     28.6088     19.7664     7.56959     1.24037   0.0906461
   0.182262  0.00523326  0.00111359   0.0499988     16.1328     82.5796     0.38592  0.00806322 0.000687169  0.00770109    0.646649   0.0051423   0.0131672   0.0944628     1.51576     21.9574     53.1135     21.7782     1.42468   0.0857548   0.0101757  0.00178477 4.09354e-05  0.00222817   0.0202206    0.168251     2.58799     58.1716     36.8744     2.07849   0.0867283  0.00992364 0.000213513
   0.604113    0.212425   0.0492396     1.52642     24.7177     62.6833     8.83531      0.2554   0.0468337    0.244202    0.825069     0.27789    0.863531      4.3748     11.5026     19.6483     27.1436     19.5061     11.2988     4.36234    0.875128    0.146906  0.00704806   0.0985262    0.572645     3.67282     19.8874     29.2671     32.1884     11.8711     2.16156    0.262243   0.0111945
    2.00521    0.124158     0.83732      12.071      24.728     54.7783     1.24948   0.0372145    0.113124    0.378174     3.67798   0.0615354      1.2074      4.7878     8.67232     16.7862     36.9648     16.8029     8.67871     4.76931     1.21425   0.0548427 0.000642976   0.0376068    0.267176    0.980157     4.67958     38.2022     27.3334     15.1189     10.3081     3.02943   0.0427749
     1.1351    0.323082   0.0395182    0.368014     2.78702     50.9581     35.3252     8.04362    0.152044     0.16118    0.707126    0.271515     1.79969     6.43206     11.9106     17.6906     23.1387     18.0778     12.1163     6.51652     1.87032    0.175923   0.0654174     2.24402     9.71867     19.8509     31.5432     26.7767     6.95477     1.78048    0.796532    0.251963    0.017323
   0.313322    0.102622   0.0141492     1.29156     24.8602     72.1107     0.77539  0.00743389   0.0083385   0.0941115    0.422167   0.0432799    0.233804     2.23309     9.87272     21.4113     32.7951        21.3     9.71774     2.18488     0.19546    0.012684  0.00118123   0.0140426   0.0856433    0.396572     5.09203     49.5184     32.3786     10.7532     1.67035   0.0894471 0.000528026
    2.83603   0.0862628  0.00122151   0.0198996    0.583853     69.0964     26.0255    0.268789  0.00206601   0.0890025    0.990902  0.00180177   0.0150947    0.161223     2.03784     18.8894     59.3501     17.7433     1.63125    0.138986   0.0274265  0.00366858 0.000303244   0.0190262    0.338172     5.33985     53.4501     37.3285     3.04444    0.379133   0.0902021   0.0101172 0.000158478
    0.18447   0.0178175  0.00035073    0.171119      52.299     46.3213    0.163505  0.00223172 0.000354136   0.0391348     0.80078  0.00219449  0.00594356   0.0459376    0.520529     10.1258     78.7151     9.92087    0.601754   0.0559473  0.00563177 0.000290058 1.64604e-05 0.000140663  0.00764478   0.0822152    0.900198     16.8968     71.8116     10.1176    0.179584  0.00414358 3.40224e-05
   0.551643   0.0592247   0.0143006     0.30741     11.3977     80.3699     6.45259    0.148823  0.00913243   0.0802309     0.60906    0.046698    0.200271     1.28553     7.32965     22.5031     37.8542     22.0943      7.1443       1.313    0.199478   0.0294182  0.00234874   0.0459774    0.314214     2.44231     22.0681     42.9113     27.1801     4.19722    0.754007   0.0821465  0.00238677
    1.12896    0.513476    0.124899     2.76136      17.728      46.596     25.7214     3.50822    0.168699    0.565963     1.18306     1.26457     4.52209     8.26293     11.8578     15.7513     18.7596     15.5062     11.4707     7.86271     3.81809    0.923891   0.0454581     1.02379     5.49377     15.9092     24.8371     15.9818      21.042     10.8503     3.94252     0.78315   0.0908546
    1.10688   0.0391488    0.123764     4.37291     21.0887     70.1599     0.46487   0.0107465   0.0217655    0.131794     2.47954  0.00752331    0.186141       1.688     5.45899     14.8477     55.6445      14.918     5.42737     1.64574    0.170504  0.00547538 3.09448e-05  0.00704859    0.036956    0.195315     3.46287     55.6173     24.0385     11.3975     4.57034    0.668103  0.00604244
    0.68708    0.293588    0.771964     20.2502     49.1788     25.5223     1.04309     0.17319    0.151114    0.676984     1.25168    0.113776    0.558784     3.19477     9.24119     19.6236     33.6984       19.82     9.37424     3.45816    0.704629     0.21245  0.00768301    0.180597    0.435945    0.982402      2.5217     8.29817     31.9384     31.7858     19.9656     3.76752    0.116139
    1.73363    0.318916   0.0184395   0.0337591    0.937218     64.6619     29.3841     1.95719   0.0329941    0.213863    0.708026   0.0515558    0.239662     2.02021     9.91207     21.7946     32.3009     21.0714     9.98745     2.29022    0.289259    0.042655   0.0118384    0.349598     2.51232     13.7164     35.6277     42.3214     4.74811     0.50926    0.170237   0.0268608  0.00625851
    11.2053      3.1468    0.683805     3.80865     16.1081     34.9429     3.81163    0.576027     1.01548      7.1393      17.562    0.992643     2.16169     6.30262     11.5898      17.589     24.6121     17.6918     10.8717     5.64977     1.83129    0.707495    0.029763    0.372073     1.87457      5.3949     13.7419     24.5836     28.5331     16.4299     7.52535     1.41699   0.0978253
    12.5454     5.41832     1.08962     1.95216     7.98184     30.4802     17.2885      3.8298     1.46778      5.0942     12.8521     8.20033     6.52756     8.22744     10.3858     12.9828     15.5671     12.4587     9.75178     7.69532     4.86894     3.33416    0.258546     2.01805     7.33059     16.8775     23.9428     13.7521     18.5539     10.5924     4.73374     1.53111    0.409183