     131.852      34.1078      36.7677      24.3567       14.153      24.2919      3.31884      2.22772   -0.0148277     -6.28233      11.8258      17.0633      2.18808      1.59525     -10.4138      1.04713     -4.08511     -2.24759      -6.4886     -6.42121
       114.8      26.6182      49.0523      22.4463       11.476      27.5657      1.12156        4.361     0.022755      -6.1632      11.4298      16.3389      2.44191      1.22848     -10.7425      1.11353     -4.07247     -2.16459     -6.56229     -6.62814
      38.808      57.9081      39.0508      50.1093      0.86355      20.3942       5.1647      2.68993      0.13513     -3.39423      13.4256      16.2025      2.07145      1.30444     -10.5821      1.53179     -3.60369     -2.41307     -6.74848     -6.50369
     56.9218      49.2152      36.3048        40.77      8.45965      22.5154      3.09203      1.98361      0.38291     -6.50517      10.4745      18.2148       2.1656      1.41182     -10.3612    0.0938977     -4.49284     -2.30666     -7.00007     -6.14138
     67.2292     -1.01101      52.1728      30.5132      11.4657      25.7389    -0.919423     -2.13132     0.614008     -6.62813      13.4895      18.3407      2.47277      2.96693     -9.89548      1.17434     -4.55011     -1.94151     -6.59194     -5.90654
     60.2185     -4.82456      28.9562      26.3463      7.57571      17.6172      12.0634      1.71063     0.564394     -5.19531      8.61068      14.8432      2.23398      5.01015     -11.1032 -0.000175102      -4.2568      -2.1558      -6.7691     -6.74415
      57.205      26.2599     -4.96003      56.0085     -18.4742       20.423     -8.19182     -4.52735    -0.401305     -7.19677      12.7466      19.3663      2.67067      3.14622     -11.6622     0.664519     -5.69661     -2.19589       -6.892      -5.9055
     91.0373      44.2717      35.3057      31.5667      11.2942      21.8014      3.82043      1.15928     0.484326     -6.30732      11.3139      18.5093      2.08381      1.83987     -10.4477     0.362723     -4.09698     -2.28509     -6.91673     -6.00525
     131.278      39.5013     -2.88014      16.1839     -6.06804      28.6483      5.20325     -3.66657     -0.80875     -1.55528      13.2195      18.8136      2.45844      2.00889      -11.328     0.223354     -4.81213     -2.30861     -7.51678     -5.60433
     93.4652      10.6531      54.0426       28.007      11.5358      31.2471     -3.78828      3.65245     -0.36191     -6.23113      11.6955      15.5442      2.30067      1.75826     -10.7717      1.56776     -4.32231     -2.18483      -6.4446     -6.62877
     14.7899      36.1256      24.7503      10.7002      14.3243      11.6159     -5.76127    -0.830177    -0.538768     -4.84532      15.7366      17.3199      2.20264    -0.177953     -11.4108    -0.287768     -4.00732     -2.25586     -5.68835     -6.98617
     111.067      16.6591      39.4913      33.9525      15.3978      28.1765     -3.29315      1.31296     0.223879     -6.40495       11.743      15.9275      2.06212      2.07626      -10.519      1.90593      -4.4544     -2.23851     -6.34303     -6.62279
     111.487      41.8053      41.1274      36.0637      7.80871      16.7036       1.8246        3.004   -0.0514383     -6.12532      10.7364       19.123      2.44396      1.42453     -10.7284    -0.226392     -4.11047     -2.27944     -6.87786     -6.15047
     43.8862       41.396       36.323      23.1335      13.0743      21.7931     0.904271     0.318852    -0.529933     -6.11632      13.0016      19.5867       2.5861      2.96373     -12.0368     0.163741     -4.10065     -2.07956     -6.18547     -6.28843
     30.3013     -25.5305      24.3124      33.4137      9.36387      13.3556       21.271      1.52954    -0.171584     -7.38649      12.4996      20.2006      2.38978      1.89737       -10.64      1.91009     -5.09312     -2.41617     -7.32786     -7.14241
     52.3273      35.3184       52.712      45.1862      3.21465      17.1274     -1.70632     0.453675     0.530466     -5.75621      10.9212      19.3329      2.22661      2.62052     -10.3606     0.212953     -4.57351     -2.31475     -6.86876     -5.76353
     35.0069      49.3061      47.6449      26.5633      7.71783      28.8031      8.36008     -1.80556    -0.311731     -5.61166       13.765      17.6867      2.18306      3.74854     -8.57655     0.694008     -4.71255      -1.9068     -6.17365       -5.266
     47.9157     -26.0185      29.4627      36.5051      8.91379      24.8201      16.5955      5.05333    -0.739434     -6.51962      17.5518      23.0968       2.4852     0.309994     -8.86157      1.06696     -4.05009     -2.06779     -6.24444     -5.55306
     20.1101     -35.6349      4.58624      38.0549      5.01441      10.1347      33.4562      11.1344      1.61002     -7.44004      8.80473        18.37      2.43433      4.89863     -10.9689      1.23633     -5.48213     -2.45622     -6.76875     -7.12433
     125.332      39.1296     -14.9659      10.2377      -17.119      32.5371      5.20272     -4.73608    -0.761088     -1.19525       14.408      18.6048      2.41968      1.99219     -12.0394     0.392405     -5.25209     -2.37612     -7.86176     -5.46644
      19.242      41.2749      32.7924      13.6394      19.0015      17.9752     0.436166     -5.37975     -1.25874     -4.78945       15.148      18.2054       2.4061      1.50349     -13.3702     0.990074     -2.92976      -2.6491     -6.83706     -7.24864
     1.74497       32.457      7.93018      12.2002      18.8737      10.9493     -11.4886      11.8716      0.89106    -0.853157      17.1194      18.4838      2.05421      3.51323     -7.24012     0.279102      -7.1276      -2.2444     -6.96945     -6.60738
     70.2615       41.607      42.5378      31.3948      10.2135      24.0978      2.84123      1.13177   -0.0613818     -6.58059      10.9741       18.134      2.28296      1.76334     -10.3373     0.229689     -4.37508     -2.31987     -6.88381     -6.09469
     108.393      3.50847      15.7277      64.7458      24.0688      24.5709     -14.2822     -7.24423    -0.767879     -7.73411      12.6936      15.6191        2.115      4.64199     -9.92509      2.25195     -5.10113     -2.08238     -6.06478     -6.27565
    -3.84256      43.6062      15.7045        19.51      20.8637      20.5349     -1.63836    0.0629438     -1.07426     -6.98026      11.9383      19.4822      2.06831      2.41632     -11.5192     0.943742     -2.61108     -2.25995     -7.01065     -6.18026
     73.7089      28.2495      24.1096      25.2241     -14.4929      27.8731     -3.59578     0.673453     0.324056     -7.93674      12.1488      18.0519      2.24616      1.94489     -11.8232     0.757349     -5.09721     -2.39735     -7.25688     -6.13721
     17.1024      61.2481      25.2743      46.9205      10.6621      26.7862      6.24341     0.289734    0.0390151     -6.53365      10.9752      17.1562      2.14758      1.13172     -9.98667     0.344764     -4.69603     -2.30994     -6.71411     -6.37321
     111.766      12.2441      24.9401      48.4524      18.8692      26.3092     -8.33756     -3.11037     -0.25798     -6.39802      12.0348      15.9478      2.02206      3.21324     -10.3011      1.90163     -4.72483     -2.21841     -6.32772     -6.41447
     66.3158      45.8131      53.5535      35.7101     0.860769      22.6984      3.99058      5.71457     0.077595     -3.40265      13.3339      16.1919       2.0987      1.09401     -10.9903      1.30736     -3.29716     -2.31397     -6.72253     -6.47294
       92.33      3.34519      45.0208      41.8401      16.3358      31.9298     -10.3098     0.933925     0.129062     -6.70668      11.0746      14.5473      2.03305      2.48291      -10.754      2.62539      -4.8001     -2.26216     -6.25892     -6.88401
     86.5874     -20.0462     -7.43086      82.0973      22.2021      26.5144     -9.27013     -7.18163    -0.764026     -6.90891      21.5234      15.7899       2.0438      2.92875     -10.1704     -4.48566     -1.89345     -2.14465     -6.87886     -4.92234
     72.6553      45.5509      45.2478      56.2827     -1.28855      7.87776     -4.24726      1.88432     0.177328     -6.23655      8.88835      21.6714      2.58223      2.02863     -11.0557     -1.39516     -4.63205     -2.35417     -7.34946     -5.72065
     123.359       39.605      38.7541      29.8004      10.5875      19.4983      3.12568      2.68805   0.00694094     -6.27916       11.121       18.545      2.33289      1.44428     -10.5559    0.0735926     -4.08507     -2.27539     -6.74099     -6.20021
     103.018       37.747      50.2325      30.7172      6.04626      20.4188      1.56821       5.1291     0.443249     -5.88544      10.6236      18.2747      2.22097     0.887647     -11.0179    -0.146883     -3.96651     -2.37535     -6.89721     -6.33335
     104.666      23.5915      8.16405      27.5948     -4.30492      31.3627    -0.767734     -3.29736    -0.592093      6.46535      7.98362      20.0278       2.5923      1.38256     -11.3923    -0.558142     -4.61735     -2.42354     -7.80725     -5.78062
     58.8197      -17.404      40.9149      34.3169      10.5549      28.3044      7.64411      2.30586    -0.110714     -6.84358      17.9747       20.052      2.58097      1.52351     -9.31247    -0.442516     -3.46389     -1.92413     -6.49582      -5.3152
     87.0157      7.89598      32.3779      35.2318      11.4368      22.4693      6.82774      3.32138     0.969124      -6.8504      12.5019      19.1372      2.45078      1.57525     -10.0037      1.43888     -4.28748     -2.21952     -6.54849     -6.25665
     49.6129      45.4695      44.0364      28.1592      9.42346      27.5507      5.66166   -0.0133826    -0.315836     -6.80567      11.8152      18.0871       2.2128      2.53089     -9.48659     0.120688     -4.86241     -2.14665     -6.46027      -5.7632
     86.3382     -9.37042      17.2063      60.3906      17.2046       29.235     -8.37822     -2.51838    -0.144486     -5.96617      15.2974      16.1275      2.03135        2.326     -10.3927   -0.0314974     -3.77662     -2.21222     -6.50218     -6.05788
     6.81398    -0.132554      10.2555      15.6225    -0.805457      7.55405      1.36806     -6.18506    -0.067351     -5.53785     0.296383      12.6182      1.84107     -3.43427     -8.53225      4.14529     -2.37805   -0.0314474    -0.941811     -2.25847
     68.6233      55.8967      36.6831      56.3311     0.888426      11.2732      1.66972     0.952494    -0.238404     -3.71382      12.9975      18.7297      2.27648      2.26329     -10.6996     0.644926     -3.67168     -2.29533     -6.85302     -5.99683
     80.6789      38.2394      58.5199      36.2168      1.66759      17.7421    -0.276511      5.52424     0.333724     -5.73694      10.0168      19.1838      2.60837      1.08513     -11.1027    -0.688427     -4.09047     -2.31445     -7.07278     -6.14622
     65.2974      5.00529      46.9441      51.7418      14.0725      25.4035     -12.4554    -0.867773       -1.071     -7.73364      9.15027       17.469      2.23966      3.12931     -10.4288       2.0154     -5.66429     -2.24286     -6.57456     -6.38048
     39.3206     -14.2427      38.4213      33.4355      8.88321      16.2541      12.4049        -4.36     -1.01007     -6.78024      17.0143      21.6422      2.29344      1.14412     -9.77889     0.812845     -4.19468     -2.35935     -6.95506     -6.96446
     7.90516      18.4897      21.6573       25.066      20.1394      14.2644      3.88423     -1.51065    -0.347596     -7.18691      10.2058       17.459      2.71227    -0.165938     -12.9632      2.03794     -4.44784     -2.66151     -7.33591     -5.00069
     20.0817     -20.7238      9.55241      26.3722      4.37674      5.39032      22.8683      5.75513      1.64063     -5.09172     -0.74808      4.32104      1.10306      14.0144     -12.5939     -3.02232     -5.51521     -2.44159     -6.52774     -6.74276
     24.0357      27.1216       21.233      10.5487      14.4275      9.31439     -8.51646      4.34386     0.145367     -1.51866       15.948      14.1255      1.98254     -1.43623     -4.68068     0.132023       -7.411      -2.5712     -7.86824     -5.47767
     22.3858      74.3532      14.0161      63.8124      5.08612      21.1643      7.64538     -1.20037    -0.451678     -4.01394      13.9816      15.3288      2.02912      1.24005     -9.84077      2.09307     -3.95645     -2.37318     -6.65377     -6.72506
    -8.45451      46.4156      1.66191      17.9338      26.1509      22.3469     -6.54959      11.7744      1.53798      -4.1044      14.3128      21.4369      2.86065      5.09079     -13.2446       1.3052     -3.31057     -1.67533     -5.73938     -5.41711
     123.873      43.0585      33.3142      37.1706      10.6617      15.1207      2.16729     0.909699    0.0784828     -6.50251       10.851      19.6692       2.3736      1.94779     -10.3961    -0.196665     -4.29201     -2.24401      -6.7847     -5.98029
     3.15552      68.6456      5.00876      47.5737      20.1064      35.0428      8.25445      0.92932     0.370306     -9.59686      7.44482       16.395      2.31256    -0.947954     -9.85965    -0.303675      -5.2141     -2.50588     -6.89542     -6.96637
      110.11      43.1147      28.2228      29.5013      14.6914      19.9848      3.73374     0.764637    0.0309486     -6.32381      11.8482      18.6786       2.2998      2.22469     -10.2194     0.672096     -4.07721     -2.24909      -7.0054     -5.89153
     133.129      42.8044      28.8536      31.4996      13.6702      17.8396      4.03397     0.309424    -0.159128     -6.58317       11.588      18.9506      2.34341      2.05704     -10.1565     0.238665     -4.19276     -2.20818     -6.67177     -6.00715
     39.7574      33.8306      29.9922      19.2045      15.4847      13.9734     -4.39015       2.7303     0.313424     -3.18757      14.8277      17.4045      2.16859      1.14256     -9.74908     0.320885     -5.46171     -2.30982     -6.70433     -6.49885
     32.2992      34.6637      34.3812      36.9405       14.457      24.4097     0.721328    -0.664516   -0.0694577     -7.85057      9.46154       19.179      2.45112      2.64268     -10.5729     0.554598     -4.80027     -2.21399     -7.25504     -5.70239
     38.0034      35.9775      51.4138      28.8504      9.86733      21.7346      2.64845     -6.76079     -1.39676     -6.14618      13.0778       18.935      2.18799       3.8997     -9.47256      0.44614     -4.75453      -2.1835      -6.7679     -5.85675
     38.7465     -14.7439      30.0509      21.2185      9.08566      8.75102      16.7579     -2.05787      0.45981     -6.29004      7.15532      7.73139      1.93175      5.88634     -13.6788      -2.3567     -5.01065     -2.91224     -7.64596      -6.3436
     99.6301      38.3739      3.41204      16.6102     -14.9857       25.773    -0.265479     0.135589   -0.0515846     -14.9268      16.6786      16.6248      2.24033      2.79681     -11.1971      2.33923     -5.38227     -2.26096      -6.9782     -6.20533
     72.5173      20.5237      55.5529      37.8043      7.08901      22.7112     -3.81966      2.01505    -0.850012     -6.34898      10.8227      18.2591      2.51839      2.53713     -10.4999     0.723099     -4.62386     -2.21285     -6.71235     -6.03671
     89.0682      45.1059      46.1112      39.0306      3.32563      17.8442      2.22597      4.41167   -0.0993398     -4.74953      11.7214      18.0428      2.41148      1.14792     -11.0071     0.290811     -3.70236     -2.29547     -6.90519     -6.32603
     26.2259      54.5457      37.7202      34.6148      9.58527      28.5818      6.88793     0.442077     0.540276     -6.12155      11.9587      17.4645      2.01552      2.23079     -9.41041     0.395528     -4.69239     -2.15214     -6.57519     -5.80802
     135.113      32.5874      26.2429       32.658      17.1804      22.1166      1.30949     -0.96348    -0.353294     -6.75746      12.0505      17.4444      2.24632      2.55499     -10.0477      1.53202     -4.45951     -2.15417     -6.36149     -6.27088
     22.9255      23.1304      39.3435      29.5697       16.405      19.5465     0.756835     -9.46845     -2.34862     -7.11946      13.0579       18.498      1.50902      1.61493     -11.0837     0.481136     -4.43284     -2.50952     -7.24207     -6.89459
     45.3918      49.5383      50.5262      32.9035       2.8919      26.7783      6.82494      3.09857     0.207729     -3.77885      14.0329       15.938      1.92445      1.93261     -9.98795      1.52073      -3.7088     -2.19385     -6.51363     -6.07478
     76.8709     -7.64134      42.2402      39.3797      12.5609      33.7578     -2.06668      4.15867     0.212694     -6.30363        15.75       15.433      2.19344     0.807014     -10.7448    -0.686151      -3.0616     -2.21892     -6.66702     -6.18579
     44.1092      13.5087      53.6834      37.5535      9.44301      18.9625     -2.19305     -6.94049    0.0877814     -6.77164      12.9708      19.9712      3.19391      4.14088      -9.4844     0.702172      -4.9936     -1.95429     -6.72055     -5.46658
     57.9997      33.7207      7.13658       10.575     -3.47362      19.2735     -4.23338      1.73971   -0.0421777     -7.33612      15.0868      16.3885       2.0175      1.43855     -7.51718     0.428967     -4.08069     -2.55777     -7.41958     -6.38874
     58.8286     -23.2689      21.0798      53.8529      12.5884      29.4314      2.88032      3.37441     0.428809     -6.05589      16.8712      17.6631      2.00912     0.902249     -10.4159      -1.0048     -3.22093     -2.15719     -6.81896     -5.90491
     27.3348      46.7206      42.4253      45.6295      6.00599      17.1608      1.29944     -2.69224   -0.0966665     -6.39276       10.965      19.5792      2.37359      2.55691      -10.089  -0.00969764     -4.80924     -2.09187     -7.05933     -5.84317
     26.3593      45.8924      41.5343      22.2793      13.2965      25.6597      5.65958     -5.56181     -0.77872     -6.97817      13.1948      19.4573      2.56947      4.10099     -9.75516    0.0957126     -4.54982     -2.03359     -6.46038     -5.85678
     34.1499      87.1055     -5.39415      83.3409     -2.79822      8.67357      8.71118     -7.72126     -1.90005      1.17364      22.1634       14.199      2.01031      4.95158     -9.73392      5.91427     -2.52555     -1.95621     -5.94659     -6.19404
     5.30728      54.3104      15.3115       35.442      19.5759      27.9258      3.44434      1.83365    -0.425816     -7.84274      9.83063       19.085      2.51222       1.6969     -11.1746    0.0970556     -4.56185     -2.13907     -6.52856     -5.99181
     11.7873       83.154     -23.4188      61.1095      27.0771      34.9294      10.5288     -3.40023    -0.562106     -11.8365      6.00777      16.3956      2.11059     -1.72626     -8.37841     -1.56154     -6.84478     -2.63289     -6.16436     -7.68887
      33.123     -13.2208      14.3792       26.326     -8.46878      28.1032      1.18981     -6.42783     -2.10518      9.09311      2.72966       22.234      2.83597      2.52242     -9.58382      3.20476     -5.23752     -2.13018     -5.42376     -7.47945
     25.8157      4.05909      36.2431      33.2144       13.272      13.7518      6.17591     -6.04461      1.28674     -7.61755      11.1841      19.3476      3.79215    0.0325027     -10.6127      2.60317     -5.05349     -2.86272     -7.59988     -6.13555
     39.9184       38.049      48.6995      14.0672      14.2327      19.0293      4.21503     -10.4347     -1.19634     -5.43874      14.4606       16.783      2.58256     0.365295     -11.8288     0.510749     -3.68381     -2.73183     -6.93715     -7.54289
      101.32      47.0134      39.4318      48.6274      4.09313      9.18458    -0.828324      1.71348    0.0131798     -6.14842      9.65219      21.1892      2.60384        1.843     -10.8127     -1.18133      -4.3947     -2.28865     -7.12818     -5.78425
     96.2754      25.9393      42.0147      39.6251      10.8742      21.9059     -2.70964      1.72985     0.461666     -6.58453      10.6574      18.0104      2.16227      1.99354     -10.5689     0.949559     -4.57247     -2.29612     -6.67259     -6.31116
       55.98      24.4015      42.3639      33.6804      14.1083      24.9863      -1.5246     -1.09246   -0.0175186     -7.35546      10.6607      18.4004      1.96534      2.43796     -10.4695      1.11672     -4.46763     -2.32878     -7.26468     -5.81672
     15.1458     -3.83656      23.6801       26.588      13.9247      6.61241      13.7798     -1.41438    -0.894971     -8.07914       6.9035      14.4002     0.942236     0.235591     -12.6866      1.98394     -5.48292     -1.53591     -8.21825     -4.79319
     148.845      42.1851      22.6852      27.0935      17.1272      19.7028      5.92764     -1.07759    -0.344276     -6.57003      12.5959      18.2954        2.267      2.41373     -9.82914     0.847877     -4.14734     -2.14026     -6.41349      -6.0289
     70.2463       4.4552      11.6442      30.9837     -10.0509      35.7906      -3.9475     -2.63059     0.161916      9.08199      6.58669       20.351      2.42767      1.33665     -11.5718    -0.510763     -4.84632     -2.49093     -7.71638     -5.88034
     92.1808      28.0599      60.1269      22.4815      6.72324      25.0663     0.876953      3.90553      1.27293     -5.82043      11.3444      17.6007      1.71462      1.65831     -10.7162     0.420399     -4.14139     -2.39427     -6.66942      -6.2321
     63.9126      34.8736      59.8498      20.0701       6.9935      21.4258      3.96845     -3.99254   -0.0665154     -5.33315      13.7967      18.4718      1.97522      3.26027     -9.87052     0.464669     -4.16307     -2.18789     -6.74804      -5.9533
     16.0683      19.7889      9.84026       15.262     -3.21305      14.0976     -7.92863      1.33299    -0.176037     -11.2674       5.2621      17.9071      1.17828      2.67961     -4.00484     0.550788      4.75579     -2.30735     -6.25909     -7.03686
      50.907     -34.5162     -9.54628      69.3254      10.9876      24.3045      13.3253      5.70388     0.593938     -7.28642      21.1147      20.5021      2.20226     -1.36506     -9.96138     -3.27809     -1.90095     -2.21611     -6.66878     -5.69016
     54.8588      68.7562      25.0369      72.0728     -2.29187      4.91471      2.15711     -1.84919    -0.576881     -2.23697      14.6645      18.8998      2.37892      3.16635     -10.5116      1.50552     -3.46087      -2.1948     -6.73401     -5.89476
     17.2652      45.3472      19.9157      26.7377      16.7315      20.4039     -2.71712      5.45903     0.993242      -4.5042       13.755      19.6169      2.41003       3.5692     -10.9069     0.389259     -4.89456     -1.98916     -6.31811      -6.0823
     142.697      40.2824      26.0282      28.0575      16.2539      20.1906       4.7226    -0.377842    -0.171665     -6.62572      12.2596      18.1409        2.219      2.26746     -9.98086      0.86265     -4.18071     -2.18173     -6.45361     -6.10894
     37.4668     -34.3879      13.4996      47.2494        8.348      22.7272      18.4341      7.43953     0.880627     -6.32106      15.2659      20.9375      2.25227      1.00095     -9.79152     0.890811     -4.22155     -2.18259     -6.25218     -6.19949
     52.9824      37.0345      14.5237      23.2037     -33.8632       24.691     -6.16389      2.53873     0.203445     -24.3522      16.3813      17.4087      2.40443       2.6371     -12.8708      1.78385     -7.23113     -2.29747     -6.91664     -6.25111
     -11.286      57.4626      1.79035      27.3013      28.0493       33.532      2.30094      5.54564     0.747604     -8.40614      9.24351      19.1387      2.36748      2.39489     -12.2804      1.55268     -2.50125     -2.16141     -7.44769     -5.23275
     78.7428      40.5712      27.5072       22.408      16.4733      17.5931     0.437878       1.6471    -0.141857     -4.56165      13.7017      18.1687       2.2378      2.12688     -10.0407     0.545431     -4.60496     -2.30643     -6.92628     -6.32878
     114.327      37.3876      16.6461      24.4546     -2.08188      23.2815      1.02997   -0.0430947   0.00388591     -9.67485       13.287      17.9254      2.22508       2.2491     -10.8778      1.12008     -4.63441     -2.27614     -6.90388      -6.1175
     138.787       40.463      10.6278      22.2874      5.60714      24.0388      5.25369     -2.29505    -0.516153     -4.00949      12.6928      18.6192      2.35186      2.19689      -10.561     0.511363      -4.4639     -2.23531     -6.96632     -5.82966
     10.1071      45.7947       31.927      30.3896       16.787      24.5142      3.96703     -5.03194    -0.508199     -7.41959      11.6958      19.2595      2.53047      2.72764     -10.6206     0.463368     -4.34251     -2.26491     -7.18617     -5.97513
      33.348      8.51115      24.1618      18.9285     -7.82472      22.2059     -2.31552     -6.99065     -1.07315     -4.58624      8.30276      19.6885      2.73287      2.01072     -9.47014      1.00055     -2.24018     -2.24481     -5.55152     -7.00909
     26.3618       30.538      14.6892      21.5149     -16.7887      20.7113     -8.19244    -0.195825    -0.451592     -19.8878      10.2564      20.2637      2.31904      2.54488     -9.72758    -0.065803     -3.27012     -2.29329     -6.83313     -6.21768
     122.709      25.9002      32.6283      32.7184      15.2916      24.6455    -0.253569     0.531321   -0.0762011     -6.55518      11.8251      16.9529      2.17007      2.16066     -10.3328      1.59606     -4.44628     -2.20983     -6.41163     -6.42247
     44.1498     -1.13846      37.2635      42.6679      13.7502      22.4465     0.146827     -0.75425     -1.51308     -8.03219      11.5997      20.0844      2.18012      1.87346     -9.85163      2.09844      -5.0387     -2.51879     -7.04546     -5.80696