    7.57662     76.3765    -9.49979     55.0563     23.4132     35.0915     9.61899     -1.3525   0.0152833    -10.6678     6.75781     16.2271     2.11242    -1.46176    -9.06086   -0.864496    -6.04847    -2.62102    -6.55176    -7.38021    -1.01217     -6.4234   -0.735803     4.14304     3.06195    -2.17965    -4.18973    0.212761    -8.85863    -2.60285      52.132    -1.03203    -2.90937
    91.8275      43.941     44.0517     44.7402     3.48754     13.4793   -0.283378     3.06291     0.14591    -5.74971     10.2325     19.8656     2.49206     1.52252    -10.9338   -0.566093    -4.20006    -2.30922    -7.06125     -6.0339   -0.652554    -5.80777   -0.788206     4.43028     3.10792    -2.43182    -4.07236    0.206662     -8.8448    -2.64088      52.132    -1.03203    -2.90937
    64.3687     4.35239     12.7093     30.2482    -9.46804     32.9839     -3.1986    -3.79515   -0.640276     7.56575     6.38452     20.6907     2.51414     1.85262    -11.1143    0.235637    -4.98032    -2.40536    -7.25433    -6.06641   -0.952329    -6.05219   -0.889624      4.4174      3.2817    -2.15032     -4.1916    0.175113    -8.83381    -2.61709      52.132    -1.03203    -2.90937
    31.7638     39.7071     41.5714     20.0703     14.6131     21.4831     2.59021    -5.98562    -1.06569    -6.07218     13.6106     18.7636     2.49397     2.57472    -11.4949    0.322348    -3.98024    -2.35834     -6.6472    -6.76696   -0.587174    -5.75998   -0.576177     4.50564     2.81704    -2.13546     -4.0323    0.186681    -8.79177    -2.65666      52.132    -1.03203    -2.90937
    45.6837      50.455     48.4605     35.0541     2.96841     26.0722     6.43494     3.25509    0.131113    -3.92573     13.7216     16.0035     1.98112     1.71765    -10.1172     1.43864     -3.7277    -2.22881     -6.5861    -6.16827    -0.69249    -6.09021   -0.887147     4.41436     3.21422    -2.12991    -4.14455    0.181934    -8.85678    -2.60602      52.132    -1.03203    -2.90937
    30.3828     30.2147       19.99     12.0893     9.83911     11.9997    -7.29835     3.22244    0.219306    -3.45872     15.1047     15.4235     1.97197   -0.166292    -6.29041  -0.0201172     -5.6167    -2.49392    -7.41511    -6.08767   -0.660106    -5.25177   -0.979955     5.20234     3.70318    -2.06984    -3.92357   0.0107982    -8.93847    -2.62031      52.132    -1.03203    -2.90937
    105.199     4.61649     19.8452     58.2168     20.9878     25.9471    -11.6239    -5.05666   -0.435692    -6.97908     12.6237     15.8207      2.0592     3.81024    -10.1401        1.94    -4.85898    -2.15145     -6.2192    -6.32652   -0.868344    -6.23806   -0.959626     4.58272     3.30943    -1.84307    -4.11061    0.103635     -8.8674    -2.56713      52.132    -1.03203    -2.90937
    112.406     40.7972     40.4589     34.2252     8.29447     17.9218     2.07405     2.88159   0.0310182    -6.22623     10.8546     18.9046     2.38321     1.44399     -10.684   -0.082811    -4.13527    -2.28826    -6.84569    -6.16306   -0.646643    -5.87415   -0.781072      4.4069     3.10192    -2.36655    -4.08541    0.203929    -8.85561    -2.64642      52.132    -1.03203    -2.90937
    34.0552     48.8336     45.3117     27.3191     9.05636     28.2636     7.57011    -2.14667   -0.218105    -6.13879     13.0852     18.0829     2.21472     3.57057    -8.78233    0.397932    -4.84153     -1.9544    -6.27932    -5.39827   -0.704257    -6.16042    -1.14803     4.37915     3.50937    -2.20097     -4.0861    0.136278    -8.88309    -2.60792      52.132    -1.03203    -2.90937
    58.7608     33.7758     57.5143     22.1567      8.1154     21.2056     3.24281    -4.79631   -0.366422    -5.55602      13.551     18.3917     2.07487      3.0639    -9.96921    0.536179    -4.23443     -2.2118    -6.79511    -6.01499     -0.6236    -6.02975   -0.737364     4.43758     3.08835    -2.29446    -4.07475    0.202947    -8.87076    -2.61449      52.132    -1.03203    -2.90937
    146.761     41.5152     23.4092     27.4862     16.7549     19.8843     5.49364   -0.924328    -0.30942    -6.56622      12.494     18.2539     2.25899      2.3818    -9.88012    0.859518    -4.16989    -2.15162    -6.43177    -6.04981   -0.703419    -5.96638    -0.86954     4.38769     3.22801    -2.21599    -4.10882     0.17775    -8.85861    -2.62816      52.132    -1.03203    -2.90937
    60.5026    -14.7605     36.8576     39.8795     11.6752     28.2391     4.79363     2.41405  -0.0126892    -6.88669     16.6163      19.027       2.399     1.39148    -9.69633   -0.153583    -3.60466    -2.01521     -6.5649    -5.64805   -0.493788    -5.72762   -0.883162     4.12087     3.32479    -2.26953    -4.05329    0.145182    -8.88005    -2.63796      52.132    -1.03203    -2.90937
    96.2993     26.4721     55.3892     26.1457      7.8678     25.2946  -0.0296841     4.23405    0.988662    -5.98759     11.1071     17.3017      1.9274     1.44463    -10.8183    0.626381     -4.1748    -2.35501    -6.67005    -6.38129   -0.694484    -5.99962   -0.766227     4.45846      3.0671    -2.20772    -4.09597    0.194546    -8.85429    -2.62314      52.132    -1.03203    -2.90937
    41.3355     32.1406     14.4114     24.4378    -22.4768      22.976    -6.86573     1.01599   -0.181163    -18.9952     12.8436     18.8983     2.39428     2.71532    -10.8281    0.688162    -4.54824    -2.29193    -6.93433    -6.20196   -0.868536    -6.09341   -0.909952     4.43895     3.18608    -2.24984    -4.12853    0.224497     -8.8338    -2.64743      52.132    -1.03203    -2.90937
   -6.10065     53.5333     6.59082     27.2209     24.7902     28.6041    0.768253     4.93188    0.421812    -7.41851     10.5009     19.6355     2.53402     2.68717       -12.2     1.08145    -3.08089    -2.03088    -6.83956    -5.53151   -0.660499    -5.50646   -0.739798     4.64653     3.21605    -2.21546    -3.94877     0.13374    -8.88087    -2.64463      52.132    -1.03203    -2.90937
    41.4087    -15.1794     33.2865     29.0542     8.49324     15.1174     14.3149    -2.12814   -0.185911    -6.33399     12.8338     18.6107     2.54543     2.24773    -10.6615    0.983179    -4.63995    -2.45058      -7.045    -6.83357    -1.04394    -6.07615   -0.723918     4.45918     3.03957    -2.06663    -4.17348    0.179313    -8.86412    -2.59796      52.132    -1.03203    -2.90937
    12.4541     8.75889       24.64     25.9982     16.8386     10.8606     7.94737     -3.0542   -0.417739    -7.60953      8.7851     15.9205     2.18554   -0.786237    -12.2857     2.18772    -4.99649    -2.30419    -7.54329    -4.68434    -0.65304    -6.48338    -1.30943     4.13056     3.22775    -1.97473     -4.1237    0.199007    -8.74213    -2.63186      52.132    -1.03203    -2.90937
    129.916     30.8793     32.3852     29.4248     15.4177     23.8726     1.45574    0.729998   -0.155229    -6.61858     11.9193     17.0699      2.2063      2.0835    -10.2818     1.42344    -4.32293     -2.1999    -6.41365    -6.39101   -0.812338    -6.04304   -0.828068     4.44402     3.15951    -2.07366    -4.12169    0.165136    -8.85998    -2.60923      52.132    -1.03203    -2.90937
    125.627     38.3373    -8.65631     13.7712     -12.314     30.7836     4.65631    -4.10384   -0.769014    -1.38583     13.7079     18.6916     2.44957     1.99369    -11.7439    0.362556    -5.08997    -2.34571    -7.70901    -5.55766    -0.81997    -6.08537    -0.89184     4.39123     3.14716    -2.07649    -3.97672    0.139795    -8.84084    -2.62174      52.132    -1.03203    -2.90937
    128.291     42.5326     30.9234     32.1605     12.7532     17.7638     3.56194    0.795244  -0.0764161    -6.52381     11.3854     19.0122     2.34429     1.95358    -10.2621    0.160115    -4.18584     -2.2309    -6.73798    -6.01294   -0.661244    -5.89089    -0.82578     4.39014     3.17577    -2.35673    -4.09152    0.197642    -8.86162     -2.6427      52.132    -1.03203    -2.90937
    88.3947     40.8636     30.9077      27.374     13.8669     20.1823     2.57699     1.15504     0.15561    -5.73506     12.2724     18.4065     2.21391      2.1306    -10.2642    0.578134    -4.22899    -2.27631    -6.96399     -6.1091   -0.612125    -5.88426   -0.779896     4.41551     3.15872    -2.36832    -4.12117    0.205736    -8.91002    -2.60898      52.132    -1.03203    -2.90937
    22.1256    -26.0552     11.4907     30.8289     5.86691     8.17113     25.5605     5.91766     1.19626     -6.1704     4.86224     11.7921     1.78509     8.36263    -12.0605   -0.705423     -5.5006    -2.40719    -6.97681    -6.92823    -1.20849    -6.16964   -0.740155     5.11269     3.04298    -2.20178     -3.9867    0.157846    -8.89674    -2.55661      52.132    -1.03203    -2.90937
    42.3982    -31.1013     16.9799     46.4495     8.69989     24.2966     16.1857     6.40371   0.0975737    -6.17185     16.5125     21.6162     2.28564    0.223457    -9.60083    0.575645    -3.91737     -2.2292    -6.41388    -5.92166    -1.25034    -5.50213   -0.759439     4.38434     3.32757    -2.47917    -4.09924    0.214481    -8.91752    -2.67132      52.132    -1.03203    -2.90937
    61.0332     59.5191     33.7005     61.8846   -0.925923     9.08921     1.24651     0.20058   -0.251855    -3.37298     13.0669     19.0286     2.32993     2.45653    -10.7078     0.72344    -3.71033    -2.29715    -6.87423     -5.9649   -0.711742    -5.82584   -0.830263     4.48757     3.20409    -2.27773    -4.11896    0.198708    -8.85258    -2.64216      52.132    -1.03203    -2.90937
    72.6779     43.3329     52.9439       36.21     1.78141     21.0158     2.60436     5.23143 -0.00765097    -4.35318      12.222     17.2289     2.31193     1.14857    -10.9842    0.663556    -3.61068    -2.31569    -6.83862    -6.36469   -0.635083    -5.92493   -0.754665     4.44613     3.04193    -2.25548    -4.11754    0.207864    -8.84635    -2.63083      52.132    -1.03203    -2.90937
     20.671     64.2946     24.4038     51.1119     7.95894     25.1934     6.56013     0.50027   -0.031299    -5.57574     11.9428     16.4319     2.13107     1.05237    -10.0096    0.943235    -4.36553    -2.36785    -6.70155    -6.51698   -0.807754    -6.10759   -0.794225      4.3661     3.13597    -2.13616    -4.12864    0.194186    -8.86608    -2.60939      52.132    -1.03203    -2.90937
    109.551     19.1571     36.9433     35.1178     14.1324     26.5938    -2.69192     1.00502     0.04646    -6.15039     11.4549     16.6039      2.1632      2.0892    -10.5147     1.63882    -4.50865    -2.23385    -6.47132    -6.50188   -0.892623    -6.11183   -0.828106     4.50184     3.15406    -1.96682    -4.12044    0.151456    -8.86449    -2.59258      52.132    -1.03203    -2.90937
    130.518     38.5546      9.3906     22.3011     1.72937     25.1387     3.92274    -2.18688   -0.423765    -3.90381     12.4925     18.6297     2.36355     2.12456    -10.8056    0.517551    -4.60717    -2.26801     -7.1023    -5.84774    -0.79376    -6.03303   -0.877732     4.40837     3.18628    -2.15582    -4.05511       0.164    -8.85433    -2.62399      52.132    -1.03203    -2.90937
    15.3693      48.395     28.1772     32.6139     15.8808       25.52     3.38825   -0.932951   -0.261874    -7.11772     11.2971     19.0555     2.42385     2.58043    -10.4911    0.304857    -4.60353    -2.16431    -6.90205    -5.89146   -0.647881     -5.7708   -0.779446     4.42383     3.13354    -2.28549    -4.00135    0.155131    -8.85514    -2.65195      52.132    -1.03203    -2.90937
    84.8565     2.45644     46.2157     37.5893      13.368     30.8857    -5.45576     2.17667  -0.0475187    -6.53123     12.3479     15.6871     2.20395     1.95518    -10.6456     1.47186    -4.33869    -2.20872    -6.44668    -6.53279   -0.730636    -6.13239   -0.832854     4.49914     3.13608    -1.98374    -4.08298    0.143195    -8.86142    -2.57919      52.132    -1.03203    -2.90937
    34.6881     83.5447    0.322713     80.0523    -2.39861     9.62953     7.73619    -6.24141    -1.34723    0.212087     20.4515     14.8292     1.95351      4.3009    -9.88627     5.00245    -2.79114    -2.06282    -6.11924    -6.23034    -1.03534    -6.03879    -0.96562     4.56893     3.34802    -1.60383    -4.26719    0.134723     -8.8447    -2.57153      52.132    -1.03203    -2.90937
    57.0778     41.9273     38.5435     31.1543     11.2738     24.4038     2.35079    0.933852   0.0461447    -6.75736     11.1104      18.424     2.23713     2.07263    -10.3496    0.212051    -4.59904    -2.25701    -6.79992    -5.97311   -0.644031    -5.89366   -0.841083     4.43213     3.21854    -2.31944    -4.05423    0.166058    -8.87697    -2.62815      52.132    -1.03203    -2.90937
    15.9388     38.4175     27.8699     15.2361     17.9154      15.514    -2.64294     -2.3779   -0.886885    -4.77099     14.9577     18.2382     2.30444     1.10198    -12.5151    0.447361    -3.56108    -2.41996    -6.34181    -6.98295   -0.855447    -6.12124   -0.833549     4.29113     3.36284    -2.24663    -4.08832   0.0945231    -8.83106    -2.61505      52.132    -1.03203    -2.90937
    38.7833     42.2209     44.3061     45.9348     5.09586     17.3556    0.366794    -1.11966     0.15343    -6.03899     10.9464     19.2542      2.2092     2.50835    -10.2191    0.191233    -4.65752    -2.25088    -6.95218    -5.84531   -0.728349    -5.97328   -0.877946      4.4332     3.19552    -2.33003    -4.08389    0.169798     -8.8833    -2.63912      52.132    -1.03203    -2.90937
    61.9332     15.2724     51.4853     40.3059     9.65402     22.3648    -4.74715   -0.765692   -0.318815     -7.0492     10.6938     18.8743     2.51179     3.17238    -10.1496    0.974047    -4.94788    -2.17028    -6.78025    -5.84655   -0.881466    -6.01854    -0.94214     4.51447     3.32912    -2.09976    -4.07827    0.141814    -8.89482    -2.59813      52.132    -1.03203    -2.90937
    16.0095     6.40127      12.011     17.5345     -5.7536     14.7111    -2.56471    -4.40579    -0.56592    -6.89575      2.8197     17.3796      1.8527    0.815132    -7.26487     2.50951   0.0467269    -1.55544    -3.66071    -6.27755    0.685098    -5.92334   -0.804729     3.96737      3.1019    -2.63056    -4.30751    0.278282    -8.95369    -2.59868      52.132    -1.03203    -2.90937
    87.3294     35.0421     9.31567     18.4597    -12.4372     24.9702    -1.79991    0.421591   -0.124067    -11.1983     14.8499      17.152     2.23557     2.30631    -10.7023     1.41955    -4.90239    -2.35724    -7.18229    -6.21525   -0.847527    -6.08927   -0.822996     4.41362     3.12268    -2.12918    -3.98633    0.139391    -8.86227    -2.63543      52.132    -1.03203    -2.90937
   0.166022     36.3479     8.01243     14.8822     20.0623     14.4593    -9.06032     10.2624    0.982025    -2.76054     15.6204     19.5453     2.33141     3.84848    -9.57363    0.546328     -5.3297    -2.06855    -6.37616    -6.26109   -0.831025    -6.54863   -0.738852     4.13565     2.79361    -2.20493    -4.29964    0.332013    -8.87512    -2.61628      52.132    -1.03203    -2.90937
    81.3706    -20.0718    -1.83608     76.1962     19.4762      27.518    -7.00489    -4.53669   -0.489555    -6.96487     20.6007     16.0826     2.02623     2.19061    -10.2786    -3.73841    -2.09576    -2.17822    -6.79532    -5.23634    0.956693    -5.96381    -0.96676     4.23439     3.19819    -2.82584    -3.90865    0.174253    -8.78192    -2.64149      52.132    -1.03203    -2.90937
    32.8898     13.2907     41.1635     34.6141     13.2942     19.4405    0.390155    -6.31776   -0.898035    -7.31424      12.093      19.402     2.38375     2.24095    -10.1546     1.25984    -4.76018    -2.34715    -7.26077    -6.10291   -0.842309    -5.93757   -0.746884     4.27265     3.02856    -2.19819    -4.08402    0.211617    -8.86014    -2.62158      52.132    -1.03203    -2.90937