     65.5917     -16.6191      31.9059      45.1604      8.88771       31.482      14.9124    -0.257859     -7.72474      14.4079    -0.966035     0.306271     -24.8242       1.1958     -8.34441      -13.078     -6.16423     -11.3459     0.801602     -8.70599    -0.322291       3.1989      6.02851     -3.75901     -3.51689      1.49114     -6.55981     -4.73583     -10.3904     -9.15729     -51.6724  4.90324e-07  -1.8539e-07
     55.4313      41.7495       57.605      34.0276      1.74694      26.3625      15.7634     0.203787     -7.17061      12.1522     0.367476      0.27115     -21.9886      2.66288     -9.17076      -13.487     -6.28162     -11.5058     0.815072     -8.94881    -0.659921      3.09032      6.15551     -3.74372     -3.45942      1.47808     -6.54857       -4.765     -10.3848     -9.15443     -51.6725  5.11369e-07 -1.69364e-07
      26.918      54.7692      36.9241      39.5808      8.79446      27.2975      14.4381     0.272223     -8.50974      13.7038      2.94955     0.149684     -22.8309      2.26897     -8.86568     -13.7542     -6.16228     -11.3266     0.644145     -8.66979    -0.698734      3.10674      6.11492     -3.74633     -3.51228      1.47764     -6.57039     -4.75171     -10.3926     -9.15472     -51.6723  4.18762e-07 -2.02288e-07
     -3.4793      54.9463      14.9951       21.178      22.3178      32.6882      13.5576     0.269269     -2.75035      12.3063      3.15293     0.265778     -23.9783      2.67328     -8.71702     -13.9135      -5.9691     -11.2454     0.882347     -9.10854    -0.485394      3.03462      6.08053     -3.82464     -3.48419      1.49085     -6.53866      -4.7475     -10.3809     -9.15945     -51.6724  4.89668e-07 -2.08582e-07
     38.9989      36.3365      51.4944      22.6716      10.9474      24.7561       12.077     0.150857     -11.8982      15.0622      2.79855     0.160459     -23.9558      3.43577     -8.58569     -13.6832      -5.9527      -11.159     0.777231     -8.68997    -0.633808      3.02256      6.13098     -3.80361     -3.50578      1.48629     -6.55081     -4.74611     -10.3897     -9.15338     -51.6725  4.76935e-07 -2.05958e-07
     19.8929      33.5222      35.3792      15.0107       17.413      20.6684      5.51816   -0.0633053      -7.5681      12.4617     -1.15523     0.197286      -23.205      2.01881     -9.12033     -13.9666     -6.53581      -11.709     0.496939     -8.97918    -0.666119      3.26601      6.13035     -3.61741     -3.48016      1.48474     -6.55091     -4.76645     -10.3933      -9.1502     -51.6725  5.22294e-07 -1.61451e-07
     107.585      37.9814      45.5712      36.1502      8.00829      22.2754      10.6027    0.0700624     -6.16521      12.2023       2.4825      0.21603      -23.688      2.11509     -8.78023     -13.7697     -6.21988     -11.4505     0.783301     -8.87189    -0.577084      3.13243       6.0621     -3.72937     -3.54024      1.48123     -6.56036     -4.75346     -10.3844     -9.15462     -51.6724  5.99672e-07 -4.25604e-07
     50.0215      8.86043      50.2479      37.2551      9.94533      23.9255      6.45141    0.0736646     -10.7345      14.4277      1.93425     0.155544     -23.9336      3.55377      -8.9725     -13.8154     -6.02745     -11.3386      1.09223      -8.7561    -0.598355      3.04694      6.10454     -3.79686     -3.48647      1.50029     -6.53684     -4.75456     -10.3893     -9.15448     -51.6724  4.50037e-07 -2.01353e-07
     126.449      29.9597      40.6663      31.3405      11.5645      25.4871      11.4497     0.188781     -7.38072       13.111      1.87268     0.207175     -22.6367      2.64693     -9.01585     -13.6644     -6.22237     -11.4238     0.684435     -8.91819    -0.657313      3.10027      6.13987     -3.74076     -3.47008      1.48124     -6.55225     -4.75747     -10.3859     -9.15453     -51.6725  5.94149e-07 -3.79844e-07
     29.4428      83.7564      13.5136       61.793       6.5668      24.0375      16.1784     0.126655     -13.4337       14.283     -1.89601     0.101547     -20.9949      3.48347     -9.38576     -13.1064     -6.30922      -11.548     0.786472     -8.88457    -0.763694      3.06909      6.23103     -3.74519     -3.36208      1.48435     -6.54454     -4.77787     -10.3901     -9.15505     -51.6724  3.93098e-07 -8.06638e-08
     143.235       37.498      34.4078       28.103      12.9974      22.9932      12.9549     0.111677     -8.52715      13.4883      1.51009     0.221523     -23.0757      2.71949     -8.96261     -13.4707     -6.16929     -11.3562     0.728111     -8.86974    -0.618985      3.07912      6.11923     -3.77444     -3.48406      1.48478     -6.55632     -4.75743      -10.387     -9.15559     -51.6724  3.71137e-07  6.13223e-08
     109.327      10.8468      24.7063       53.496      17.4082      33.9116      2.75295     0.534438     -9.65863       14.412      1.23298     0.145153     -20.6898      4.05514     -9.05423     -14.0171       -6.229     -11.4673     0.606916     -9.06432    -0.813089      3.06155       6.3363     -3.74213     -3.34242      1.48042     -6.52065       -4.761     -10.3851     -9.14954     -51.6726  6.97764e-07 -4.08092e-07
     122.252      36.5098       11.466      14.9648     -11.6237      27.6878      11.3335    0.0394219     -10.4718      12.8953       1.0786     0.167546     -23.3759      2.43971     -9.00363     -14.5313     -6.15199     -11.5025      1.09319     -8.76798    -0.625302      3.10078      6.13453     -3.73855     -3.46599      1.49045     -6.53014     -4.73735     -10.3853     -9.15138     -51.6726  5.93537e-07 -7.19293e-07
     32.1265     -31.5889      6.23052      45.9434      6.17379      11.7619      29.7563     0.198694     -3.35502      12.2807      3.18032     0.388249     -23.6568      4.04147     -8.76067     -14.2449     -6.14387     -11.4458     0.603251     -9.15107     -1.01139      2.98602      6.14682     -3.53812     -3.64822      1.44135     -6.53957     -4.79002     -10.3936     -9.12524     -51.6733  5.39588e-07 -1.70607e-07
     69.1773      28.9384      22.6328      21.6281     -15.8967      28.0921      6.01193     0.199339     -5.62185      16.0239      2.02511     0.167489     -23.2899      2.73307     -8.95222     -14.3237      -6.2355     -11.5335       0.8968      -8.8268    -0.731915      3.09667      6.15319     -3.71436     -3.45848      1.48527     -6.54508     -4.74189     -10.3865     -9.15258     -51.6725  4.19334e-07  2.83783e-07
     19.9738      6.36665      16.4127      20.7615     -4.28606      17.6351      2.34924   -0.0100053     -8.65487      9.36005      6.13055     0.404126      -19.562       2.0072     -9.79757     -10.0869     -6.02283     -11.0477      0.38397      -8.9166    -0.173706      3.01935      6.07693     -3.98061     -3.56161      1.47714      -6.6304     -4.71327     -10.3705     -9.17131     -51.6723  3.37156e-07  3.03851e-08
       81.86       33.511      55.7246      33.8168      5.22831      24.4835      11.6309     0.122263     -5.80266      12.0062      2.20856     0.228395     -23.1869      2.22518     -8.87832     -13.7932     -6.24112     -11.4695     0.787203     -8.90438    -0.605692      3.12934      6.08965     -3.72241     -3.52371      1.47928     -6.55643     -4.75556     -10.3845     -9.15458     -51.6724  5.61549e-07 -2.81452e-07
      37.272     -13.9989      30.8216      32.2712      9.01041      11.2219      16.6837     0.377095     -10.1569      13.3621      2.38619   -0.0230856     -21.9613      2.84997      -9.2249     -14.6306     -6.44655     -11.6699     0.885115     -8.99485    -0.907211      3.06784      6.14756     -3.78521     -3.39518      1.48129     -6.55496     -4.77919     -10.3825     -9.16966      -51.672  3.81891e-07 -2.14312e-07
     92.5692      6.46014      49.9665      35.0073       9.7417      31.8081      9.79578     0.404678     -6.62093      13.1624      1.64895     0.180221     -21.8334      2.81128      -9.0162     -13.8184     -6.23223     -11.4709     0.632168     -8.96848    -0.685062      3.10627      6.20485     -3.72819      -3.4169      1.48305     -6.53582     -4.75553     -10.3855     -9.15297     -51.6725  5.19083e-07 -3.59338e-07
     69.9871      59.5717      36.8851      59.2902      3.70647      17.0729      7.09098     0.108011     -7.39465      11.7317      1.62314     0.210818     -24.4853      2.36211     -8.61799     -13.7871     -6.19083     -11.4938     0.961605     -8.88462    -0.503084      3.12209      6.02262     -3.74838     -3.56442      1.48963     -6.55486     -4.75401     -10.3834     -9.15567     -51.6724  4.68007e-07 -2.35367e-07