    54.3059     16.8488     51.4034     40.6933     9.31949     21.0431     -3.8956    -2.09885   -0.353434    -6.99815     10.9897     19.3688     2.59661       3.352    -9.98886    0.899285    -5.00978    -2.17751    -6.82571    -5.69458   -0.899977    -6.00379   -0.949109     4.50859      3.3462    -2.13613    -4.07711    0.143663    -8.89852    -2.59888      52.132    -1.03203    -2.90937
    132.737     39.0974     9.10643     22.0525     2.40343      25.054     4.33559    -2.31688   -0.481447    -3.68944     12.5421     18.6571     2.37342     2.12715    -10.7712     0.47148    -4.57594    -2.26151    -7.09972    -5.82418   -0.789893    -6.03366   -0.882303     4.40718     3.18987    -2.15301    -4.05647    0.164132    -8.85437    -2.62369      52.132    -1.03203    -2.90937
    37.2368     53.0667     40.3973     46.2939     3.43314        20.9     4.06985     1.60661    0.140032    -4.70476     12.2889     17.2993     2.12433     1.65122    -10.3514    0.887618    -4.09061    -2.32647    -6.83243    -6.23409   -0.707942    -6.01082    -0.82396     4.40892      3.1338    -2.21354      -4.127    0.195298    -8.86122    -2.62436      52.132    -1.03203    -2.90937
    58.4104     33.4544     56.9005     20.8004     8.89558     20.8413     3.32464    -5.55285     -0.3864    -5.64816     13.5763     18.2642     2.07155     2.77573    -10.1458    0.525052    -4.17521    -2.22888    -6.86682    -6.17281   -0.611011    -6.01015   -0.701323     4.42523     3.06527    -2.31381    -4.06522    0.207236    -8.86678    -2.61393      52.132    -1.03203    -2.90937
    5.91471     74.9274    -9.20175     52.7353     24.5468     35.8625      9.2965   -0.896707    0.195641    -10.9908      6.3575     16.4989     2.14921    -1.43517    -9.26174   -0.917502    -5.96956    -2.61894    -6.63761    -7.24987   -0.972217    -6.34111   -0.729599     4.17503     3.08113    -2.21228    -4.15757    0.204293    -8.86004    -2.60782      52.132    -1.03203    -2.90937
    127.463      38.789    -9.61086     13.0996    -12.2422     31.0648     5.11671    -4.35653   -0.842997   -0.606802      13.583     18.8293     2.46906     1.94067    -11.7414     0.18759     -5.0232    -2.35131    -7.76198    -5.50737   -0.823669    -6.09576   -0.900649     4.39313     3.15107    -2.07043    -3.97763    0.140543    -8.84101    -2.62162      52.132    -1.03203    -2.90937
    10.2684     5.15195     20.3653     22.9215     13.1841     8.56451     7.68335      -2.981   -0.208644    -7.19069     6.43134     13.9958     2.00604     -1.1592    -12.0189     2.47594    -4.55093    -1.68561    -6.09188    -3.60408    -0.19504    -6.57712    -1.31894     4.04718     2.97305    -2.15818    -4.15213    0.271789    -8.82757    -2.60009      52.132    -1.03203    -2.90937
    146.746     41.5118     23.4531     27.5193     16.7832     19.8691     5.48591    -0.91991   -0.308635    -6.57339     12.4911     18.2538     2.25886     2.38238    -9.87868    0.860199    -4.16971    -2.15147    -6.43067    -6.05047   -0.703424    -5.96616   -0.869478     4.38776     3.22807    -2.21618    -4.10893    0.177773    -8.85865    -2.62816      52.132    -1.03203    -2.90937
    109.937     19.1158       37.62     35.1496     14.5291     26.5081    -2.67185     1.13317   0.0360878    -6.40282     11.5419     16.5237     2.16431     2.09603    -10.4962     1.68279    -4.49917    -2.22698    -6.43917    -6.52124   -0.887657    -6.10735   -0.825016     4.49965     3.15148    -1.96808    -4.12045    0.151592    -8.86462    -2.59265      52.132    -1.03203    -2.90937
    48.1752     33.5259     14.9603     26.7169    -27.0349     23.9932    -6.61993      1.1904    0.069084    -19.9042     14.2778     18.3726     2.45514     2.67735    -12.0362     1.15752    -6.17085    -2.29056    -7.02036    -6.10199   -0.622325    -5.81071   -0.817438     4.34625     3.09629    -2.38019    -4.00243    0.185418    -8.84939     -2.6356      52.132    -1.03203    -2.90937
     37.962     49.2761     47.0273     28.8481     7.01617     28.2909     7.59533   -0.335101  -0.0921956    -5.44822     13.3759     17.3235     2.11195     3.05439     -9.0381    0.749707    -4.54403    -2.02524    -6.31858    -5.54897   -0.706926    -6.16883    -1.11209     4.37947     3.49109    -2.18415    -4.10327    0.144433    -8.88184    -2.60392      52.132    -1.03203    -2.90937
    95.8536      26.383      55.711     25.7683     7.83557     25.4459   0.0300768     4.21663     0.84225     -6.0057     11.1776     17.2599     1.95395     1.47922    -10.7998    0.649633    -4.16884    -2.34539    -6.66052    -6.37326   -0.691215    -6.00202   -0.772809     4.45851      3.0701    -2.20597    -4.09567    0.192582    -8.85461    -2.62273      52.132    -1.03203    -2.90937
    22.1967    -26.7118     11.3327     31.2977     5.98541      8.2394     26.0625     6.30322     1.16563    -6.44321      5.1486     12.0506     1.75539     8.32673    -11.9926   -0.673323    -5.45984    -2.39539    -6.99681    -7.01071    -1.19295    -6.17592   -0.738748     5.15778     3.07392    -2.20928    -4.01994    0.152709    -8.89211    -2.54471      52.132    -1.03203    -2.90937
    128.016      42.398     31.2077     31.9283     12.6683     17.9118     3.57154    0.879743  -0.0790125    -6.52079     11.3906     18.9747     2.34559     1.93196    -10.2726    0.166902    -4.17884    -2.23193    -6.73882    -6.02181   -0.660109    -5.89256   -0.823984     4.38969     3.17222    -2.35558     -4.0917    0.197857    -8.86135    -2.64251      52.132    -1.03203    -2.90937
    41.7966    -15.3112       34.34     30.0418     9.69038     14.7775     14.7907    -1.65584   -0.192725    -7.05689     13.3016     18.7729     2.59246     2.16842    -10.6299     1.06104    -4.74177    -2.47661    -7.13048    -6.72446    -1.10649     -6.1025   -0.736622     4.48153     3.07674    -2.02003    -4.15121    0.178713    -8.87941    -2.60969      52.132    -1.03203    -2.90937
    29.8027     42.4167     42.4212     23.1592     13.3729     23.6707     4.06382    -5.80225     -0.9017    -6.64288     13.1345     19.1184     2.46526      3.4096    -10.3803    0.172942    -4.41003    -2.19991    -6.62604    -6.26512   -0.611128    -5.86841   -0.711663     4.49186     2.91981    -2.15047    -4.04606    0.197643    -8.81776    -2.64785      52.132    -1.03203    -2.90937
    17.6242     20.0976     12.5207     16.5049    -6.20695     15.7636    -7.10572    -1.35958   -0.553402    -12.5936     6.11083     18.6522     1.64796     1.92798    -6.31825     0.44947     2.17328    -2.23703    -5.71154    -6.71884    -1.20207     -6.5339     -1.0458     4.34242     3.40658    -2.00586    -4.14121    0.174511    -8.80097    -2.70632      52.132    -1.03203    -2.90937
    43.4278    -31.0195     17.3761     46.7999     9.04978     24.6707     15.8243     6.46059    0.183413    -6.28583     16.8148     21.4877      2.2627    0.163251    -9.60289    0.423712    -3.82178    -2.23083    -6.42987    -5.86958    -1.23205    -5.48412      -0.752      4.3556     3.33358    -2.48422    -4.09876     0.21527     -8.9182    -2.67425      52.132    -1.03203    -2.90937
    62.6054     45.4013     52.6675     35.5693     1.73776     22.9973     3.96331      4.7611 -0.00987211    -3.86314     13.0557     16.5558     2.12661     1.36365    -10.7418     1.12834    -3.54121    -2.28756    -6.71601    -6.32165   -0.656053    -5.98807   -0.787524     4.44795     3.09311    -2.18134    -4.13253    0.200379    -8.84919    -2.61944      52.132    -1.03203    -2.90937
    20.7686     37.9855     29.9515     15.3571     17.2232     15.5627     -2.2661      -2.459   -0.749728    -4.59187     14.9682     18.0115     2.31422     0.97123    -12.3988    0.431778    -3.71563    -2.42028    -6.33303    -6.92893   -0.799956    -5.99283   -0.876968     4.34632     3.37376    -2.22955    -4.03866    0.058386     -8.8567    -2.60677      52.132    -1.03203    -2.90937
    35.5965    -6.74508     16.5473     24.8534    -8.30012      26.251    0.443914    -6.13602    -1.21375     4.77041     4.55912     20.7595     2.76121     2.51348    -9.63456     2.21815    -4.49883    -2.07159    -5.44503    -7.13927    0.133221    -5.56135   -0.698392     4.00583     3.25593    -2.68512     -4.2073    0.195518    -8.87829    -2.67895      52.132    -1.03203    -2.90937
    87.0131     41.8501     48.4646     40.8503     3.15669     16.2896    0.302571     4.14984    0.205008    -5.55136     10.5617       19.07     2.48039     1.26855    -11.0034   -0.275195    -4.05633    -2.31692    -7.01355    -6.17746   -0.644781    -5.84229   -0.764632     4.43225     3.06967    -2.38761    -4.08279    0.208495    -8.84616    -2.63757      52.132    -1.03203    -2.90937
    99.0905     37.1613     8.08014     18.7509     -12.614     25.4116   -0.475721    0.269279   -0.159801    -13.1375     15.4925     17.0355     2.27543     2.56185    -11.1577     1.85393    -5.14483    -2.29222    -7.02837    -6.19498    -0.76433    -6.04221   -0.791768     4.35092     3.08266    -2.18188    -4.00032     0.15741    -8.81536     -2.6525      52.132    -1.03203    -2.90937
    111.344     41.5127     40.0677     36.0142      7.9908     16.9095     1.77192     2.67416   0.0484212    -6.19149     10.7249     19.1718     2.39718     1.50525    -10.6839   -0.188608    -4.16999    -2.28823    -6.87212    -6.11942   -0.650823    -5.86062   -0.787635     4.40946      3.1126     -2.3815    -4.08247    0.203798    -8.85609    -2.64787      52.132    -1.03203    -2.90937
    81.4859    -19.8114    -2.04394     76.2954     19.3422     27.4822    -7.16592    -4.66819   -0.508747    -6.90223     20.5622     16.0885     2.03197     2.22949     -10.289    -3.74086    -2.11452    -2.17803    -6.80527    -5.22723     0.95602    -5.96945   -0.970278     4.23827     3.20008    -2.82083    -3.90717    0.172941    -8.78195    -2.64088      52.132    -1.03203    -2.90937
     13.787     49.7464     26.8527     33.3426     16.0778     26.0895      3.7684   -0.675995    -0.26274     -7.2562     11.0441     18.9458     2.39045     2.37976    -10.5101    0.305157    -4.60659    -2.18343    -6.88758    -5.88399   -0.655472    -5.79662   -0.792361     4.41059     3.16209    -2.29409    -3.99513     0.15117    -8.86107    -2.64732      52.132    -1.03203    -2.90937
    56.1813     41.2346     38.5181     31.5276      11.519     24.0373     1.95426    0.810513   0.0730458    -6.75449      11.052     18.5024     2.22853     2.08399    -10.3945    0.207003    -4.60663    -2.26368    -6.82679    -5.97482   -0.655035    -5.88677   -0.839589      4.4398     3.21381    -2.31984    -4.05251    0.162145    -8.87854    -2.62727      52.132    -1.03203    -2.90937
    18.0107     67.0143      20.264     53.3468     8.69498     25.4717     7.02123    0.174913   -0.130082    -5.62336     11.9621     16.1968     2.14903     0.94065    -9.95019      1.0277    -4.36848    -2.35193    -6.68138    -6.60222   -0.834014    -6.12547   -0.796661     4.36086     3.12843    -2.11032    -4.13933    0.188144    -8.86549     -2.6068      52.132    -1.03203    -2.90937
    65.6977     57.9241     33.9941     61.6292   -0.676078     8.20833    0.452108   0.0359909   -0.261405    -3.77687     12.5741     19.5732     2.39084      2.5395    -10.7119    0.403463    -3.84661    -2.27693     -6.9251     -5.8754   -0.707139    -5.80073   -0.846279     4.48532     3.21732     -2.3249    -4.10694    0.195778    -8.85301    -2.64963      52.132    -1.03203    -2.90937
    105.104     4.48578     20.0489     58.2572     21.1381     25.9502    -11.6343    -5.01278   -0.414722    -7.05232     12.6529     15.7908     2.04735     3.80619    -10.1335     1.95347    -4.85399    -2.15328    -6.20968    -6.33262   -0.865003    -6.23791   -0.957419      4.5803     3.30933     -1.8454    -4.11044     0.10444    -8.86723    -2.56712      52.132    -1.03203    -2.90937
    129.669     30.9188     32.4416     29.3834      15.271     23.8672     1.45669    0.754661    -0.14669    -6.59518     11.9033     17.0882     2.20679     2.07127    -10.2909     1.40469    -4.32039    -2.20229    -6.42192     -6.3886   -0.811129    -6.04244   -0.827445     4.44373      3.1584    -2.07604    -4.12145    0.165569    -8.85984    -2.60955      52.132    -1.03203    -2.90937
    88.1752     40.9382     31.0085     27.5435     13.6704     20.2417     2.61592     1.13866     0.17559    -5.80933     12.2662     18.3884     2.20346     2.13416     -10.273    0.568061    -4.22652    -2.28002    -6.96616    -6.10365   -0.615911    -5.88681   -0.780449     4.42105     3.15969    -2.36244    -4.12201    0.205738    -8.90623    -2.60753      52.132    -1.03203    -2.90937
    83.3224     3.98541     47.1729     37.7848     13.1334     30.0452     -5.6808     1.91833  -0.0019031    -6.64734     11.9831     15.9612     2.17616     2.09722    -10.6135     1.52704    -4.46329    -2.21736    -6.46879    -6.49606   -0.771517    -6.12747    -0.83974     4.50618     3.15217    -1.97587    -4.08405     0.14057    -8.86614    -2.58055      52.132    -1.03203    -2.90937
    35.3969     83.3071    0.526567     80.1888    -2.63381     9.27122     7.59418    -6.26618    -1.34867      0.2585     20.4691      14.917      1.9618     4.36067    -9.90067     5.00641    -2.78426    -2.05494    -6.10947    -6.21266    -1.02402    -6.02515   -0.968477     4.57017     3.35338    -1.61561    -4.26419     0.13407    -8.84399    -2.57301      52.132    -1.03203    -2.90937
    53.3149     32.8686      11.396     11.7683    -1.00062     18.7216    -4.40638     1.93355   0.0741387    -6.85772     14.6287     16.5475     2.07187     1.36656    -7.84516    0.373212     -4.0962    -2.50238    -7.27072    -6.33936    -0.81454    -5.76725   -0.878181     4.84962     3.42526    -1.93552    -3.96636   0.0573468    -9.13841    -2.50606      52.132    -1.03203    -2.90937
    27.8262     14.9615     37.8942     32.8845     14.7769     18.4282     1.44171    -6.27381   -0.946928    -7.41728     11.9491     19.0815     2.29446     1.53189    -10.4929     1.36729    -4.74505    -2.45251      -7.451    -6.30062   -0.806237    -5.92865   -0.702167     4.20275      2.9743    -2.21521    -4.07894    0.212406    -8.81069    -2.64707      52.132    -1.03203    -2.90937
   -5.88013     49.5262     6.29657      23.134     24.5497     25.2983     -1.9633     6.64408    0.616582     -6.2152     11.9749     20.1813     2.56673     3.45497    -12.3384     1.15365    -3.16347    -1.95305    -6.54291    -5.58761   -0.715212    -5.72752   -0.745226     4.52534     3.15174    -2.19425    -4.00421    0.158667    -8.86374    -2.64491      52.132    -1.03203    -2.90937
    61.5659    -13.7919      36.905     39.9751     11.6084     28.6345     4.01613     2.33736   0.0279047    -6.69801      16.417     18.7588     2.38294     1.37795    -9.78363   -0.232726    -3.56472    -2.02168    -6.59272    -5.67714   -0.445895    -5.74675   -0.883797     4.12122     3.30669    -2.27118    -4.05438    0.145706    -8.87586    -2.63615      52.132    -1.03203    -2.90937
    83.6825      15.394     11.7903     30.6385    -8.64535     32.7637     -3.5825    -2.68447  -0.0923498     5.70362      7.9323     19.8614     2.44244     1.43949    -11.6455   -0.374271    -4.84382      -2.479    -7.72733    -5.86446    -1.03586    -6.19582   -0.925366     4.57501      3.1994    -2.05732    -4.10917    0.160782    -8.83465    -2.60661      52.132    -1.03203    -2.90937
    11.3568     31.6342     15.0722     12.7841     17.0705     10.8514    -9.30915     7.52396    0.522398    -1.76318      16.363     16.9765     2.07584     1.39328    -7.13706    0.158388    -6.81701    -2.30338    -7.10869    -6.26063   -0.560198    -5.86298   -0.821851     4.75095     3.21954     -2.1759    -4.31916    0.256278     -8.8314     -2.6151      52.132    -1.03203    -2.90937