  38.9821  -6.21593   37.3083   23.5307  -12.9864  -7.48347   7.42756   8.28466 -0.644386  -3.77236
  33.4738  -6.21796   16.2626   23.3136   7.26108   3.05856   21.3043   6.82826 -0.262139   5.55857
  24.3031   30.0769   11.3682   9.59396  -10.4764   9.43825   5.34164   4.40481 -0.299103  -1.78807
  68.1181    49.022   41.2496   47.8453   3.84455   7.95949   -3.3909   10.3861 -0.410517 -0.421307
  2.38642   27.3969  -1.57574   11.2991  -17.1523   16.4101    2.6561    13.269   -0.4385 -0.254625
  32.2196   51.8175   34.6458   24.6425  -10.6387  -4.11947   18.2034   7.74062 -0.366033  -1.83319
  107.703    31.651   43.2519   15.4011  -13.8254   4.82636   18.5272   16.0111 -0.591047  -6.54725
  3.13417   52.8039   7.36368    44.593  -17.7847  -2.24959   19.7897   9.49167 -0.585197  -7.02306
  135.214   36.4655   17.0411   27.4454  -18.0796   1.04508   10.7332   8.38793 -0.557197  -4.56815
  125.602   28.6862  -25.1279   19.8084   11.4936  -3.78886   25.1769    9.2716 -0.865358   3.23074
  26.4089  -27.8533   21.8908   29.0778  -9.49262  -17.2168   4.11072   17.0763 -0.692901  -3.89057
  96.3602   29.1846   2.06529   22.8836   8.69004   4.38038   15.8986   9.41938 -0.647146  -6.30693
  29.7441    61.456   24.2981   60.7002   2.26533  -1.13491   4.98746   9.39296 -0.470038  0.426815
  84.1652   4.06453    45.882   33.8291  -17.7829   15.9953   22.0622   10.6216 -0.494607  -6.39185
  67.6367   40.7394   49.7242   13.4121  -9.40107 -0.380441    15.221   7.52228  -1.31453  -1.92646
 -5.85352   42.0704  -5.67834   27.5051  -23.9429   9.83165   13.5445   16.2742 -0.867493  -5.09478
  17.0041   65.5168  -23.4062   82.9115  -10.4994  -10.3314   15.1318 -0.937295   0.93591  -7.83636
  60.1832    26.239  -2.43153   12.1233   5.61658   6.51142   11.5981   6.62909  -0.41522  -6.09342
   35.877   33.2705   43.1014   32.8488  -10.7674   4.12824   12.1249    1.8889 -0.224262  -2.66326
  131.386   32.6499  -4.68244   24.7721   -4.7764  -1.41171   16.4776   7.72876 -0.509757 -0.541049
  10.0706  -2.55219   14.7156   14.1041  -7.37704  -7.45225  0.747287   3.22579 -0.607517  -3.62931
  11.9937   41.6586   13.5485    22.925  -18.6696   6.38701    11.222   9.87461 -0.835068  -1.23207
  56.0685   24.6008   18.5047    32.925    19.491   11.5502   15.5922   9.72122   -1.2739  -5.67384
  112.645   21.0105   27.7102   35.0984  -18.2708   11.7232     15.49    5.7547 -0.190873  -5.06253
  57.4172    16.939   48.8084   33.7376  -11.8962   10.2347   13.2081    6.4693  -0.19907  -5.04408
  48.9715  -24.9306   33.4191   37.6623  -13.8265  -2.86472   16.9004   17.2236  -0.99434  -4.15647
  16.8911   23.9659   28.8211   27.7855  -18.5052  0.131392   11.6289    2.1809 -0.147544  -4.53779
  10.7181   49.8743  -34.4178   56.4582  -27.2834   14.0904    6.7662   21.2522 -0.891655  -4.23065
  18.0241   20.8904   2.61912   15.3775   10.6956    10.275   9.68301   3.77345 -0.144989  -16.5243
  83.3899   43.7461   43.6759   32.1932  -3.33639   5.98943   6.65519   14.8641 -0.635211  -3.75545
  53.7205   51.9409   39.7068   34.4452  -3.14534  0.234709   11.8092    13.927 -0.486776  -2.53128
    32.38   44.7326   23.9367   21.6585  -15.5178   3.08963    14.822   10.3225 -0.669863  -2.23879
  58.6963  -50.1776  -5.12839   80.8592  -16.7675  -1.42345   8.21863   8.89788  -1.58682  0.349576
  115.412   39.5147   20.6568   30.0602  -13.8747   2.04026   7.79692   9.21467 -0.262956  -3.92858
  80.7422   5.41952    9.9589   33.9891   5.87191   12.2284   27.4487   9.78763 -0.521742   7.55229
  80.7441   37.6688    17.224   23.7871  -16.1935   3.20042   8.23242   8.91119 -0.636022  -2.59365
  73.1887  -28.7859   18.9381   65.0785  -18.9069   16.3284    18.524   3.68976 -0.456601  -1.33636
  149.491   39.1153   8.74251    26.633  -19.8914  -2.32607    9.7158   6.81191 -0.430914  -3.71008
  18.6458   52.7204   25.6394   36.5261  -11.0291   -1.9073   15.8834   8.39499 -0.823913  -3.09535
  103.175   42.6817   35.6363   35.0603  -5.60425   6.25147   2.69758    11.795  -1.00313  -3.58863