   22.8127    3.72454    14.3119    20.4749   -6.64643     18.807   -2.10866   -5.23753  -0.971738    -3.7736    3.96574    18.6999    2.22455     1.1217   -8.40384    2.22469   -1.80679   -1.84847   -4.48231   -6.32594
    124.81    38.3052    32.6289    31.0804     12.603     20.015    2.62939    1.14988  -0.066206   -6.48656    11.4889     18.382    2.30897    1.90822   -10.3554   0.534013   -4.22144   -2.23413   -6.68575   -6.14814
   66.2339    39.1364    51.0287    31.3845    6.02217    22.0806    2.19408    1.84678 -0.0468735   -5.22205     12.227    17.7744     2.2044    1.91264    -10.539   0.575107   -4.06505   -2.27823   -6.80549   -6.16929
   24.8828     41.145    36.2167    24.9132    15.3177    22.0674    2.55903   -4.33739  -0.843035   -6.53849    12.8377    18.9959    2.43065    2.57928   -11.2607   0.429127   -4.15907   -2.29615   -6.81236   -6.37847
  -2.00611    44.1714    9.72864    21.3464    22.3923    21.4891   -3.18498    6.37834   0.589348   -5.47002    12.8521    19.9595    2.47131    3.43748   -11.7857    1.01736   -3.77741   -2.04777   -6.50801   -5.73254
   64.4481    29.1273    12.9423    23.0256   -15.8347    25.6778   -4.41907   0.310196 -0.0201164   -9.91081    12.6631    18.2193    2.30931    2.26264   -10.8238   0.724284   -4.79951   -2.39013   -7.24542   -6.15334
   38.4286    49.2655    45.3112    30.5416    7.32486    27.2606    6.78969  -0.212134 -0.0860798   -5.57114    13.0371    17.4279    2.12336    2.76759   -9.35827   0.673747   -4.50046   -2.09793   -6.43509   -5.72968
   145.565    41.1925    23.1525    27.5906    16.2104    20.0737    5.27483   -0.94463  -0.303204   -6.48515    12.4627    18.2559    2.26033    2.37231   -9.92409   0.854863   -4.19527   -2.15793   -6.45762    -6.0483
   96.4578    41.7155    42.3444    36.0558    6.81089    17.5781    1.33326    3.15232   0.301935   -5.79715    10.9437    18.9368    2.31153    1.46098   -10.7781 -0.0936355   -4.11522   -2.31699   -6.95836   -6.15425
    39.822    13.9554    44.3607    35.7727    12.0895    19.4347   0.117758   -5.04082  -0.449518   -7.28507    11.8353    19.4413    2.54138    2.47346   -10.1083    1.19177   -4.84357   -2.32482    -7.1505   -5.91975
    120.42    37.2624  -0.645791    17.3798   -8.34727    28.3626    3.28282   -2.70735  -0.472264   -3.72686    13.4637    18.4497    2.38214    2.10179   -11.3341   0.669907   -4.97761    -2.3229   -7.44159   -5.76254
   26.1039    -16.645    20.8233    28.8641    9.13523    9.39988    19.6298    1.53322   0.459199   -6.73547    7.43479    13.5888     1.9397    4.51121   -12.1824   0.291094   -5.26691   -2.40749    -7.3664   -6.37414
   53.8132    54.5266     38.077    54.2335    1.29132    14.2327     1.7351    1.23373  0.0389845   -4.36104    12.1742    18.4931    2.25403    1.95078   -10.6543    0.56802   -3.95628   -2.32319   -6.92013   -6.11326
   21.9068    32.0069    21.9909    13.5052     12.982    12.0049   -6.30632    1.96868 -0.0711561   -4.19428    15.0256    16.5018    2.09934   0.285666   -8.60669   0.161717   -4.99249    -2.3642   -6.88486   -6.34707
   74.7595   0.917435    45.3079    37.6852     11.869    28.7805   -3.23919    1.44534  0.0544575    -6.3334    12.6825    16.9435    2.28289    2.13187   -10.4156   0.903276   -4.27864   -2.18928   -6.60229   -6.19995
   96.4619    -4.4917    11.5064    65.2848    20.2861    26.7302   -10.7348   -5.34687  -0.596701   -6.61341    15.2919    15.8884    2.08932    3.37047   -10.2214 -0.0632502   -3.94655   -2.15531   -6.46613   -5.91081
   106.077    19.3716    41.5838    32.6004     12.863    27.0708   -2.59129    1.77227   0.165302    -6.0855    11.2975    16.5381    2.13442     1.9673   -10.6059    1.50921   -4.44275   -2.25722   -6.49703   -6.51992
   8.70637    65.6139    9.89448    46.7747      17.78    31.0634    7.15904   0.116493 -0.0629297   -8.52169    8.99614    17.0973    2.25478   0.223919   -9.94961 -0.0386348    -5.0257   -2.38216   -6.72839   -6.62549
     35.11    79.3257    6.44943     75.634   -1.32383    11.2718    6.85029   -4.58669   -1.16997  -0.983813    18.3629    15.4854    2.06402    3.54228   -9.97489    3.98055   -3.13056   -2.13313   -6.28919   -6.30101
   48.4248    -24.018    25.6591    41.8953     9.3743    24.7221    12.2142    3.40305   -0.21321   -6.15589    16.7036    21.1786     2.3722   0.745886   -9.52267   0.362214   -3.83236   -2.10249    -6.5205   -5.94404