   0.0129461   -0.0823522    -0.113256   -0.0425233     0.316753    0.0534507     0.277568   -0.0636581    0.0144487     0.498729     0.358495     0.317045    -0.181575    0.0800235   -0.0614661    0.0550926    0.0655435    -0.370226   -0.0893072    0.0415233
 -0.00735104   -0.0261717   -0.0154316   -0.0135104    0.0360862   -0.0225571   -0.0125046   -0.0185796   0.00454386    0.0336028     0.160884    0.0751813   -0.0720292    0.0279846    0.0203332    0.0225905    -0.122059     0.462484   -0.0466795     -0.15191
  -0.0176872  -0.00912421   -0.0485904    -0.076519   -0.0108334     0.104854     -0.12347   -0.0130035   0.00802103    0.0820644    0.0694223    -0.319271    -0.180983    0.0963416    0.0249728    -0.221289   -0.0393028     0.241495    -0.453225    -0.394488
   -0.100569    0.0795474    -0.171225     -0.13989    -0.289453       0.3338    -0.110486      0.31719   -0.0265551     0.260769    -0.295102     0.241171    0.0988156   -0.0236551    0.0213232    -0.370993    -0.238665   0.00651693     0.164201     0.102535
   -0.276144     0.452702   -0.0701503     0.291631    -0.285337    -0.254798      0.32404   -0.0432082   0.00479419     0.135814    0.0113701    -0.219052      0.05747   -0.0256904    -0.122965    0.0937456     0.367559     0.112679    0.0945964     0.062878
    0.469828     0.153681     0.619644     0.058215    -0.286662     0.149572    -0.126189    -0.166903    0.0176985    -0.149195    0.0845676     0.190087   -0.0751607    0.0343917   -0.0401573   -0.0740251     0.175538    -0.116843   -0.0200235    0.0416723
  -0.0407064    -0.422692    0.0580071     0.187259   -0.0995355    -0.426962    -0.119054     0.215112   -0.0391366    -0.034557    -0.425233   -0.0880433    -0.073828    0.0310987    -0.175126    0.0832321   -0.0157424    -0.309735    -0.194532   -0.0479774
  -0.0142481   -0.0722472  -0.00324232    -0.033015     0.014794    -0.177041    -0.135112     0.055563  -0.00400877   -0.0196963     0.180985   -0.0499669      0.46722    -0.183511     0.188143    -0.119449    -0.045895   -0.0355566     0.220244     0.158217
  -0.0114569   -0.0171374   -0.0349605   -0.0554651    0.0371233      0.03604    -0.092608   -0.0431123     0.011381    -0.096516     0.107388    -0.206919   0.00710182    -0.023293     0.127011     0.271699    -0.193726    -0.114185    0.0896698      0.16486
  -0.0164266   -0.0161022   -0.0511831   -0.0508292    0.0757182    0.0529649   -0.0392942   -0.0828143   0.00862823    -0.251112    0.0577614   -0.0343788    -0.128945   0.00931155     0.099011     0.490862    -0.342256    0.0810467     0.216816    -0.035889
  0.00181463   -0.0401034    -0.169612    -0.125354     0.491346     0.150676     0.157109    -0.156585  0.000185069    -0.459901    -0.310539    0.0941479    0.0819142   -0.0230025   -0.0810788    -0.231466     0.389005    0.0423246    0.0182395    0.0585795
  -0.0106047    -0.012696   -0.0129497   -0.0424399   0.00861839   0.00826746   -0.0669144    -0.102734    0.0322842    0.0167722    0.0629597   -0.0641323  -0.00534591   -0.0812709    -0.292986   -0.0530062    -0.100008     0.231726    -0.206918     0.323742
  -0.0234497   -0.0168459   -0.0149269   -0.0798874    -0.014917   0.00904932   -0.0925965    -0.161211    0.0897147    0.0526745   0.00829195   -0.0538169   -0.0375917    -0.223808    -0.304401   -0.0112371   -0.0624017    0.0992357     0.010655      0.26051
  -0.0488355   -0.0144872   0.00704932    -0.117853   -0.0520261   -0.0532932   -0.0437258    -0.175365     0.194382    0.0904446    -0.100647    0.0589882   -0.0987327    -0.410174   0.00597933    0.0318077    0.0182589   -0.0533039     0.102253    0.0142686
  -0.0842312  -0.00542722    0.0709228    -0.118644   -0.0538145    -0.124442     0.096694   -0.0503677     0.353402     0.029847    -0.147906    0.0960976    -0.221239    -0.286981      0.48815    -0.025544    0.0915261   -0.0742188    -0.049596    -0.247433
  -0.0853396    0.0111208      0.20534    0.0606394     0.113255     0.107603      0.19032     0.529841     0.539736    -0.165085     0.137888   -0.0589064     0.128922     0.345669   -0.0174835    0.0177735   -0.0141043   0.00798808  -0.00743585    0.0737572
    0.497502    0.0517379    -0.508156     0.578501   -0.0042508    0.0593667    -0.148249    0.0648704    0.0035188   -0.0369263    0.0290265    0.0598654   -0.0254684   0.00382695     0.160672   0.00129101    0.0416701  -0.00350547  -0.00845648  -0.00636501
  -0.0834951    0.0199026     0.201885    0.0638078     0.117491     0.124887     0.166561     0.431225    -0.605305    -0.142228     0.173912   -0.0756772    -0.151671    -0.358487    -0.029616   -0.0305519   0.00903448   -0.0789515    0.0474027    -0.121978
  -0.0823293   0.00401136    0.0686007    -0.113665   -0.0543196    -0.103587    0.0946921   -0.0975009    -0.364058    0.0248498    -0.127204    0.0902142    0.0201439     0.343857     0.478274     0.034753    0.0495122     0.164903    -0.195697     0.310973
   -0.047323  -0.00998825   0.00718228    -0.113951   -0.0495617   -0.0425856   -0.0429397    -0.191059    -0.172903    0.0840097   -0.0927805    0.0612905     0.197015      0.37707    0.0262777    0.0711401    0.0191625    -0.107473      0.15266    -0.165729
  -0.0224556    -0.015371   -0.0134528   -0.0764421   -0.0155516   0.00838276   -0.0915078    -0.158296   -0.0580295    0.0412352   0.00455488   -0.0517461      0.13522     0.215458    -0.273382   0.00122976  -0.00757179    -0.173821     0.189715    -0.317983
  -0.0094386   -0.0119571   -0.0114947   -0.0400662    0.0050772    0.0063518   -0.0623347   -0.0894028   -0.0127429   0.00440662    0.0519043   -0.0621769    0.0587474    0.0748378    -0.241484   -0.0376559   -0.0450787   -0.0125781    -0.034582    -0.123762
 -0.00405403   -0.0106842  -0.00423751   -0.0149263   0.00796451   -0.0140095   -0.0382413   -0.0217156   0.00302214  -0.00679758    0.0717458   -0.0431664     0.095618   -0.0415516    0.0177115   -0.0200932  -0.00280073    -0.123896    -0.160219     0.185692
  -0.0117322   -0.0393748   -0.0095189   -0.0329967    0.0156796   -0.0838616    -0.103541    -0.014153  -0.00084747   -0.0250094     0.199987   -0.0196385     0.315263    -0.103975    0.0827445   -0.0496356    0.0278029     -0.13414    -0.191017   -0.0568981
  -0.0208392   -0.0942667 -0.000395135   -0.0359324    0.0179568    -0.220176    -0.147479    0.0439982 -0.000608562   -0.0244116     0.258999     0.153565     0.255561   -0.0888759    0.0554314   -0.0968442      0.15303     0.178487    0.0408051    -0.250079
  -0.0330098    -0.214423    0.0281744    0.0333524   0.00750107    -0.323304    -0.118005     0.116572   -0.0107458   -0.0168028    0.0838404     0.294796    -0.415855     0.161198    -0.119948    -0.106132     0.086047     0.281038     0.287257     0.160655
 -0.00695316    -0.510119     0.178628     0.336508   -0.0936156     0.351569     0.413708    -0.222873    0.0123474     0.160357    -0.132472    -0.119097     0.157016   -0.0649458    0.0357772    0.0247885   -0.0649067     0.187087     0.108574   -0.0329239
    0.580274     0.195189   -0.0414387    -0.374374    0.0736994    -0.244321     0.367609     0.165002   -0.0246615     0.149352    -0.231341    -0.174961    0.0537628    -0.026639   -0.0827591    0.0665947    -0.153864    0.0918079    0.0591779   -0.0525246
   -0.161557     0.404711     0.292707     0.322263     0.485727    0.0291697    -0.289506   -0.0318647   0.00382111      0.22718    -0.310843    0.0632439    0.0241896   -0.0104923    0.0226399     0.065373    -0.176508    0.0325418  -0.00065688   -0.0550144
   -0.173606     0.208803    -0.128826     0.105954    -0.185618   -0.0827406     0.276517    -0.209911   0.00781363    -0.401427     0.084329      0.13144    -0.156426    0.0769231    -0.032226    -0.312397    -0.429186    -0.241761  -0.00712428   -0.0876053
   -0.106818    0.0695395    -0.167618    -0.130539    -0.249379     0.245632   -0.0360405     0.145205   -0.0140781    -0.121043   -0.0988237     0.373242    0.0931383    -0.070729    -0.153469     0.502811      0.18141     0.027152    -0.319373   -0.0621396
  -0.0478851  -0.00135221    -0.112035    -0.146903   -0.0808228     0.256442    -0.214096    0.0537082   0.00944714    0.0386798    0.0119372    -0.333283    -0.259428     0.105763    0.0799993    0.0197191     0.329023   -0.0941179     0.382005   -0.0658241
  -0.0138196  -0.00802308   -0.0354401   -0.0624056  0.000907232    0.0855994    -0.110925    -0.023969    0.0144901    0.0199229     0.062642    -0.326142    -0.162839    0.0633248    0.0940986   -0.0941842    0.0499525    -0.204198    -0.199431     0.316662