    14.8871     26.3351     25.4772     25.8659    -20.1767    -1.19216    -9.70314     1.45197    0.282007    -6.68415    -8.03221     7.12177     4.40174    0.489215     2.54244     0.98864     -8.7593     1.04112     1.24057    -3.43142     1.72542     5.49415    -4.64403    -3.30556     1.84953   -0.715945    -0.53901     2.45138   -0.546892   -0.167658     37.1099    -35.5377     9.33813
    101.559     42.3478      31.972     34.7215    -5.65676    -9.19565     3.20202      9.1727     1.23415    -7.34691    -6.32557     7.13619     2.78533     1.00315     4.50592    0.128486    -5.41701    0.793514     1.44216    -3.13404     1.46888     5.53236    -4.23578    -4.22011     1.34993   -0.741811   -0.829058     1.95385   -0.805514   -0.104403     37.1099    -35.5377     9.33813
     17.076     15.3416    -4.98945      10.333     4.45065    -12.3139    -0.18041     3.70202   -0.745053     1.06499    -16.2937    -1.27678     4.94242    0.996569     8.52389    -6.72195    -3.64787     1.71186     1.24534    -3.41751     0.86862     5.84465    -3.70625    -2.36678     2.69159   -0.943061    0.348129     2.73076   -0.576358   -0.283435     37.1099    -35.5377     9.33813
    129.043     30.6222    -5.91453      24.368    -6.18306    0.454105    -12.0331     7.50904    0.884007    -8.64157    -6.51434     3.43828     2.19116    0.501461     5.37628    0.512081     -7.0162    0.830386    0.389066    -3.34186     1.36127      5.0484    -3.58606     -3.6999     1.54685   -0.645187   -0.255325     2.51948   -0.532619   -0.175427     37.1099    -35.5377     9.33813
    147.434     36.9969     5.26735      25.528    -20.3419    0.908973    -6.52689     6.57322    0.658746    -6.94801    -6.98811     3.73982     2.68191     0.54599     5.53546    0.275972     -5.7921    0.414474   0.0578468    -3.44423     1.11674      4.6871    -3.50211    -3.45538     1.39299   -0.657866   -0.309076     2.46119   -0.606748   -0.162098     37.1099    -35.5377     9.33813
    25.6403    -2.91487     31.6844     19.0123    -14.8447     10.3829   -0.245638     6.33482      1.1322    -6.90683    -6.86116     7.16114     1.40707    0.381924     2.04816     1.48366     -8.8749     0.10953     1.76278    -3.17513   -0.783437     6.16377    -3.64439     -4.2967     2.58746   -0.580874    0.932946     3.04683   -0.635246   -0.176985     37.1099    -35.5377     9.33813
    96.4033     16.3448     2.61503     30.9083     1.40331    -6.03033    -16.7464     8.89929    0.251009    -3.76278     3.64528     7.93601     4.33341  -0.0159317     5.38311   -0.798668    -5.91259     1.17003     1.09161    -3.07706     1.02127     5.51077    -4.08084    -4.42981     1.51903   -0.526498   -0.783583     2.06152   -0.582294   -0.174955     37.1099    -35.5377     9.33813
    25.0659      30.973     8.14624     9.04283    -10.5699    -8.90955    -2.53541     3.68407    0.609132    -7.20956     -5.7084    -1.74237     4.77311    0.360769    0.437159   -0.484025    -3.82944     1.29796    0.104717    -3.92815     2.10224     4.60775    -3.09193    -4.96909     1.58792   -0.227696   -0.316302     2.33061   -0.635512  -0.0882824     37.1099    -35.5377     9.33813
    6.08162     2.56501     7.10473     7.10527    -3.13923    0.254015   0.0215938    -1.20758   -0.340675     1.21579    -1.38751     5.29918     1.07744    0.678717    -1.79545     1.19439    -4.96852    -1.17413   -0.700434    -1.10051    0.217606     3.09176     1.00352    -1.55443       1.103   -0.378035   -0.723264      1.2137    -1.08706 -0.00116018     37.1099    -35.5377     9.33813
    21.0587    -19.8111     19.1032     18.0469    -8.83592     13.7719     3.40739     12.5761    0.315051     1.71898     -3.6452     3.67201    -8.54477    0.780763     7.66221     1.42083    -5.48442     1.90608   -0.850825    -4.92102     2.79155      4.8164    -6.27124    -3.76606   0.0882626   -0.854093   -0.789983     2.73044   -0.723447   -0.130377     37.1099    -35.5377     9.33813
    73.0508     25.0239    -7.24768     13.1321     4.44205     -4.8781    -9.20428     6.05223    0.940385     -7.7438    -11.0078    0.542088     2.90218    0.682785     3.59818    -1.32653    -5.66767     1.40308    0.304614    -4.21832     2.11128     5.57968    -3.47495    -3.73126     2.67329   -0.498573   -0.164983     2.28894   -0.556059   -0.128266     37.1099    -35.5377     9.33813
    125.115     23.5677    -27.3659     22.0302     10.9097     4.02832    -21.9808      10.306     1.55277    -11.6042    -2.48604     2.65352     1.57723    0.411223     4.60027    0.977104    -9.01659     1.13831     1.02718    -3.21491      1.8995     5.98689     -3.6716    -3.96146     1.46673   -0.621558   -0.249174     2.58112   -0.477743    -0.18532     37.1099    -35.5377     9.33813
    70.1698    -9.36976     42.9113      36.587    -17.5571    -16.7989    -20.4409     12.8247     0.59243     -5.3104    -9.94702    -2.38056   -0.782396    0.838048     2.01364   -0.449376    -5.09371   -0.594014     1.03654    -3.12762  -0.0876985     5.05538    -3.30078    -3.97748     2.15326   -0.799132   -0.410887     2.19981   -0.638142  -0.0822839     37.1099    -35.5377     9.33813
     16.828     52.9291     21.3309     36.5021    -10.9176     1.13261     -12.032     7.76316    0.917334    -6.16197    -6.46291     2.38292      2.2646     0.40932     5.80206    0.569039    -6.01655    0.380496    0.260488    -3.14763     1.61189     5.06517    -3.20905    -3.90683     1.53133    -0.58615   -0.329262     2.50491   -0.503682   -0.148084     37.1099    -35.5377     9.33813
    28.3482     46.3682     18.9988     19.9937    -15.9872    -3.41245    -12.1382     10.7223     1.28364    -10.8049    -5.96371     5.61119    0.675566    0.750239     4.53106   -0.104792    -4.34803    0.843335     1.05765    -2.79341     1.23239       4.638    -4.40444    -3.20259      2.0577    -0.75861   -0.306715     2.34549   -0.842144   -0.142864     37.1099    -35.5377     9.33813
    71.9428     44.1756     45.5213      9.6177    -9.68283   -0.365275    -12.1226     9.99279     2.07084    -8.39373    -6.68751     2.35534     3.20893    0.635578     5.23456    -0.35925    -5.47259    0.501549    0.719422    -3.11676    0.829651     5.04695    -3.62433    -3.59363      1.3021   -0.701971    -0.70027     2.35996   -0.585464    -0.16039     37.1099    -35.5377     9.33813
    99.0737     14.4118     34.2374     34.3915    -19.5567    -20.5537    -15.7865     3.69651   -0.501503    -1.51803    -7.41535     3.05749   -0.881781    0.485418     4.60882     1.48635    -6.98268    0.104292    -1.36151    -4.16221     1.17873     3.27361    -4.56931    -2.36301     2.12057    -0.71179    0.915847     2.87522   -0.973501   -0.174506     37.1099    -35.5377     9.33813
    31.8996    -8.03367      13.504     25.8539     5.28019   -0.965592    -16.2017     9.25863    0.461474    -1.21428     3.86664     12.8834     8.87177   -0.138975     7.19692   -0.121205    -4.39651   -0.372012   -0.599034    -3.62737   -0.296003     3.15674    -3.85902    -2.76889     2.49554   -0.527975    -1.30446     2.27622   -0.474952   -0.135831     37.1099    -35.5377     9.33813
    82.4296      48.857     36.8272     29.7468    -2.50252    -5.68195    -2.32753     16.6316    0.875241     -5.2292    -6.65777     3.67779     2.78617     0.54856     1.28331    -1.04699    -5.79835    0.405956    0.918907    -3.26756    0.759264     4.98698    -4.76672    -3.30058     1.59355   -0.733534   -0.455048     2.13898    -1.05157   -0.128556     37.1099    -35.5377     9.33813
    61.4227     52.2922     38.9885     44.1182     4.75225    -8.04941     5.88506     11.1403    0.525511    -9.09762    -3.10998      4.1196     2.00308    0.448372     4.13643     -1.9856    -7.03109  0.00612842    0.288986    -3.01641     1.41344     4.54351    -3.91646    -3.58697      1.3391   -0.608361   -0.193711     2.37003   -0.575673   -0.126816     37.1099    -35.5377     9.33813
    60.9496    -39.7788     20.6288     65.8338    -19.0914    -11.8454    -13.2752     7.37824     1.51136    -16.0334    -8.57866     -6.2066   -0.971407    0.626276     3.68285    -2.81326    -4.69719    -1.66353     1.98499    -1.93855   -0.572364     5.96054    -2.14758    -5.17607      2.2059    -0.49626    -1.46939     1.36701   -0.487881   -0.141386     37.1099    -35.5377     9.33813
    7.89835     24.9006     -3.6612     8.74234    -14.8393    -17.1663    0.787153     11.8881    0.357561     -7.5558    -2.96621    -4.15917      7.0331   -0.339638     6.40649     5.66982    -6.26931    -2.44184     1.21856    -2.66575     1.13577     4.66394    -5.83447    -4.56095    0.913525   -0.755516    0.226304     2.69506    -0.59204    -0.14016     37.1099    -35.5377     9.33813
    79.7398     36.1346     11.4672     21.7459    -17.0131    -4.94439    -4.48922      8.6439    0.625485    -6.14911    -5.79169     1.99659     3.59267    0.404821     4.01409    0.782345      -6.086   -0.542317    0.572116    -3.46119     1.60787     5.17338       -4.26    -3.79467     1.39167   -0.640953   -0.357772     2.43937   -0.520982   -0.156121     37.1099    -35.5377     9.33813
     35.105     37.3152     40.9283      29.506    -11.1298    -5.34835    -9.36273     1.64047    0.752458     -8.4001     -5.6305     3.70349     2.54484     0.47114     6.54249    0.813876    -6.60803    0.581736   0.0910849    -3.56481     1.32996     5.31745    -3.69696    -3.67577     1.54869   -0.533036    -0.38777     2.38447   -0.676528   -0.260981     37.1099    -35.5377     9.33813
    45.6547     6.80088      43.349     25.8475    -12.7639    -4.25606     -9.7587     6.79878   -0.190854    -8.61293    -8.30304     4.76152     4.57983    0.350273      5.9058    0.909914    -6.45028      0.8805    0.135228    -3.48375     1.90862     4.79213    -3.28439    -2.89517     1.27927   -0.664701   0.0486171     2.83139   -0.627744   -0.189126     37.1099    -35.5377     9.33813
    68.5835     26.0119     48.8657     30.8073     -11.395    -14.5634     -7.7766     6.70963      1.6379    -4.14356    -8.43027     5.95835     2.64157    0.494781     6.01982     1.88817    -5.77382    0.862676    0.214554    -3.34543     1.91945     5.07285    -3.48907     -3.7118     1.40975    -0.57098   -0.203401     2.56199    -0.43821   -0.172234     37.1099    -35.5377     9.33813
    53.0063     -56.256    -2.64716     80.9127    -17.4852     11.4406     3.14467        13.1     3.38401    -25.6654    -10.8927    -1.24131     14.1641    0.166687     2.54824    -2.30036    -4.23344     2.12782     2.07833    -2.27776     3.74387     6.28144    -3.50454    0.837945  -0.0178164   -0.912327    -2.12058      3.3027    -1.63621   -0.194555     37.1099    -35.5377     9.33813
   -0.11976     49.5985    0.911789     43.4537    -19.4406     0.91252     -17.178      8.4546    0.382875   -0.559856    -10.2033     3.82534      2.8206    0.662195       2.664    0.235198    -7.47733    0.489949    0.964458    -3.06711     2.20364     5.10451    -4.47939    -3.67457     1.69618   -0.675784   -0.618786     2.24823   -0.495106   -0.141597     37.1099    -35.5377     9.33813
    79.9931     27.5161     10.4609     26.7315     21.8558    -10.1452    -12.7149     12.1401       1.466    -12.5366     -13.688     4.46032    -1.53254    0.619001     2.97095     4.96051    -10.1076   -0.246972   -0.286139    -3.54023     2.12818     4.31456    -4.54969    -2.28843     2.79423   -0.848343   -0.378098     2.25683   -0.740693    -0.13628     37.1099    -35.5377     9.33813
    50.6091     53.7902     34.0736     32.3987    -4.09798   -0.331856    -8.63797     13.6772     0.64793    -4.34477    -6.65826    0.955167     3.22063    0.660029     3.67692   0.0158692    -6.19686     0.25583    0.102615    -3.58494    0.991125     4.99293    -3.17473     -3.5969     1.24141   -0.535763   -0.380599     2.61033   -0.174672   -0.152386     37.1099    -35.5377     9.33813
   -4.38447     35.3184    -10.8916     22.7937    -22.7959    -15.5956    -7.15602     18.1518     1.73304    -8.12181    -7.77388     6.90832     2.08532    0.898017     5.44148   -0.932807    -8.19594      1.4314    -1.01648    -4.75867    0.180707     5.51565    -2.60265    -3.40195    0.688969   -0.709989   -0.500759     2.30139   -0.777625   -0.171834     37.1099    -35.5377     9.33813
    65.3267    -1.25799     16.4823     37.6715     8.29506     -19.043    -26.8293     9.10267    0.481496    -2.62454     6.16534     6.07324     2.73327    0.648918     3.85361    -1.18477    -6.26005     2.73391      2.4455    -3.54984     1.83056     6.82838    -4.95682    -4.79275    0.624777   -0.728826    0.375054     2.72398       -1.04   -0.110767     37.1099    -35.5377     9.33813
     27.582      25.374     10.6056     18.4377     12.9206    -7.45273    -12.3359     2.69928     1.29174    -10.4273    -16.7939     6.97991     1.84096    0.710253     4.42403      1.6963    -5.82681    0.194111    0.331206    -3.32979    0.710319      4.7615    -4.15747    -4.05565    0.534203   -0.497835    -0.59414     2.50742   -0.580697   -0.132214     37.1099    -35.5377     9.33813
     36.627    -26.5212     31.6787     31.6892    -13.4778     8.69388    -8.41174     17.6431     1.58918     -9.6677    -9.01405     3.18252     5.25624    0.843355     5.11552    0.437067    -5.38966    0.807968   -0.472327    -3.86795     2.00935     4.10914    -4.32337    -3.90713     1.48212   -0.606192  -0.0106908     1.93707   -0.460639   -0.145061     37.1099    -35.5377     9.33813
    16.1672      47.494    -37.7609     72.0152    -19.7005    -6.25797    -4.83856     7.36711   -0.100328    -4.60148    -8.53797     9.08431   -0.282613     0.50004     4.26246     2.24975    -1.63841     1.07062    0.370281    -3.03791     0.63035     3.65461    -4.08184    -3.78481     1.77588   -0.459512    0.606212      2.6634   -0.618532   -0.168888     37.1099    -35.5377     9.33813
    11.0744     41.4174     7.89539     22.6726    -18.2646    -7.72104    -8.59164     10.9005     1.56415     -9.4778    -5.55541     4.78719     1.57507    0.462701     4.84596    0.236182    -5.68488    0.672335    0.625691     -3.4431      1.4629     5.17689    -4.10209    -3.27855     1.75153   -0.757468   -0.458675     2.32548   -0.594449   -0.191759     37.1099    -35.5377     9.33813
    22.5419     61.9375     15.9521     61.3011  -0.0587134      2.9319    -4.92314     8.30247    0.164532     -3.2494    -4.21815    -1.93947     2.29692    0.585281     2.80306     0.80183    -6.54971    0.253151   -0.624446    -4.84272    0.118564     4.46711    -4.05665    -2.86196     1.68425   -0.826893    0.412608     2.65608   -0.697422   -0.105252     37.1099    -35.5377     9.33813
    32.4338      53.925     30.8618     22.3179    -10.1195     4.05481    -14.2989     7.81792    0.655181    -9.25655    -5.57326     1.27435      2.2604    0.630725     6.59954   -0.360209    -5.51541    0.134237    0.407597    -3.30119     1.06433     4.71574    -3.48155    -3.41924      1.5158   -0.679043   -0.271588     2.31662    -1.10302   -0.173724     37.1099    -35.5377     9.33813
    122.586     35.1811     16.3975      27.271    -17.2785    -4.13363    -6.68046     7.96617    0.692092    -5.49286    -7.42265     4.24822     2.53187    0.600284     4.63645    0.505103    -5.87806    0.507214    0.259996    -3.48671        1.08     4.78599    -3.93441    -3.45982     1.48869   -0.683127    -0.31426      2.3782   -0.701167   -0.151563     37.1099    -35.5377     9.33813
    109.439     34.6795     37.4555     13.0334    -14.3632    -5.81682    -14.2214     16.7893    0.769492    -1.64799    -10.3281     3.46954     3.10234    0.324374     1.66571    0.980992    -4.69321    0.740362    0.603029    -3.40837    0.633829     5.21239    -4.33317    -3.07898     1.57466   -0.625446   -0.398916     2.30949   -0.911708   -0.185283     37.1099    -35.5377     9.33813