   0.0155685   -0.0963558   -0.0956259   -0.0231094     0.331515   -0.0556525    -0.307215   -0.0406742    -0.016435     0.115276
 -0.00845508   -0.0328833   -0.0144014   -0.0122204    0.0389237    0.0265211    0.0119879   -0.0258154  -0.00868329     0.111695
  -0.0243636   -0.0141276   -0.0662559   -0.0949484   -0.0168869    -0.122615     0.140075   0.00798645   -0.0182864    0.0717509
    -0.11304    0.0897828    -0.205313    -0.102633    -0.305678    -0.325829    0.0548553     0.349994    0.0614668    -0.384303
   -0.261849     0.450852   -0.0718325      0.32703    -0.249112      0.25809    -0.298612   -0.0130493   -0.0168446    0.0673763
    0.481191     0.216601     0.588691  -0.00502872     -0.29766    -0.159683     0.121385    -0.197789   -0.0236536    0.0612592
  -0.0418064    -0.428486     0.122913     0.199075    -0.136221     0.399235     0.111362     0.224709    0.0629628    -0.352341
  -0.0175072   -0.0823859   0.00435668   -0.0460079   0.00818841     0.179207      0.15332     0.041715   -0.0100945     0.207746
  -0.0164108   -0.0281551   -0.0485032   -0.0805924    0.0514044   -0.0354006     0.131452   -0.0694946     -0.02851     0.196662
  -0.0187514   -0.0225071   -0.0576301   -0.0519826    0.0865502   -0.0486581     0.044392    -0.118429   -0.0143514     0.108371
  0.00542492   -0.0523351    -0.156399    -0.109582     0.488977    -0.115216    -0.163003    -0.159154    0.0124291    -0.203493
  -0.0138221    -0.015536   -0.0174755   -0.0572456    0.0109765   -0.0067619    0.0684102    -0.131657   -0.0569572    0.0274257
  -0.0285136   -0.0145503   -0.0146671   -0.0934013   -0.0197543    0.0040593    0.0650954    -0.159329    -0.122852   -0.0664495
  -0.0540266  -0.00402318   0.00947782    -0.124458   -0.0551619     0.067958    0.0012078    -0.133628    -0.226427     -0.16854
  -0.0829526   0.00746481    0.0712671    -0.111846   -0.0500485     0.118959    -0.104948    0.0102465    -0.361449    -0.133581
  -0.0743512    0.0247632     0.191322    0.0710696     0.114824    -0.118418    -0.125007     0.514427    -0.510881     0.221589
    0.496819   -0.0252392    -0.479633     0.600313  -0.00501869   -0.0731448     0.180169   0.00327289   -0.0113138    0.0338548
  -0.0718567    0.0331427     0.188539    0.0763795     0.119424    -0.139254    -0.103207     0.397426     0.556635     0.309905
  -0.0806563    0.0178512    0.0690503    -0.103508   -0.0491833    0.0975971    -0.102805   -0.0572584     0.388684   -0.0651215
  -0.0520239    0.0013967   0.00973044    -0.117149   -0.0527506    0.0559365  -0.00180759    -0.163837     0.229573    -0.130075
  -0.0267281   -0.0115346   -0.0126513   -0.0872741   -0.0207731  0.000766109    0.0617158    -0.162905    0.0936711   -0.0535145
  -0.0118885   -0.0137353   -0.0149597   -0.0528798   0.00746647  -0.00769669    0.0611755    -0.116758    0.0213167    0.0245064
 -0.00626809    -0.015638   -0.0050499   -0.0244133    0.0082489    0.0190101    0.0521863   -0.0297519   -0.0105419    0.0851686
  -0.0160726   -0.0511422  -0.00912547   -0.0499002       0.0153    0.0953451     0.128616   -0.0289951   -0.0145554     0.221953
  -0.0235216    -0.104542    0.0123314   -0.0416885    0.0107508     0.218975      0.13905    0.0139421    -0.011714     0.214345
  -0.0334328    -0.232652    0.0585828    0.0645859    -0.014436     0.301419     0.102261    0.0897076    0.0248733   -0.0338638
 -0.00187247    -0.459456     0.257124     0.292652   -0.0824424    -0.382922    -0.432352    -0.181461   -0.0169248    -0.115169
    0.582233      0.18769   -0.0945336    -0.344497    0.0735936     0.262283    -0.362589     0.251132     0.040654    -0.170084
    -0.13513     0.412025     0.285674     0.292932     0.482874    -0.033217     0.305867    0.0123442    0.0194853    -0.384117
   -0.168357     0.208102    -0.122398     0.150147    -0.153211     0.102643    -0.271072    -0.259081   -0.0203682     0.138987
   -0.115361    0.0753475    -0.188308   -0.0889794    -0.240235    -0.203547   -0.0182729    0.0678171    0.0252183   -0.0888307
  -0.0616972  -0.00432169    -0.143643    -0.162026   -0.0996612    -0.277281      0.21068    0.0866489  -0.00999215    0.0309516
  -0.0205196   -0.0154131   -0.0506537    -0.088813 -0.000781055    -0.102709     0.145625   -0.0223024   -0.0261345     0.100658