    2.61613    0.218318   0.0361917   0.0929366      2.9972     80.0007     12.0708    0.361905    0.053667    0.160351     1.39183   0.0670796    0.209216    0.842724     5.12664     22.2609     43.1352     21.9605     5.21389    0.935113    0.201762   0.0469534   0.0486448     0.18113     0.73748     4.37106     32.3993     48.7498     11.4033     1.68939    0.337566   0.0758023  0.00651308
   0.468554    0.106806    0.536665     8.90061      35.306      51.138     1.41263   0.0734348    0.158709    0.562697     1.33584    0.177632     1.84742     6.28296     11.6376     17.6557     25.2628     17.4467     11.4878     6.20965     1.84265    0.149004  0.00890273   0.0825659    0.230483    0.825924     4.79542     30.0594     32.4717     19.7222     9.57643     2.12452    0.102378
    10.4218     0.82733    0.435944     1.64895     9.45739     40.0687     2.38901    0.238832    0.759755     3.82338     29.9289    0.229541    0.666209      1.8427     5.64059     19.4022     44.8411     19.3443     5.52058     1.70902    0.623594     0.18013   0.0442286    0.240136    0.601912     2.00893     10.5416     39.5504     31.4017     10.1558     3.66393      1.5806    0.210772
    2.99578     1.99571    0.548495     0.34588     2.33424     31.2809     43.1616     13.7476     1.47069    0.870598     1.24853    0.520941     1.74911     5.30287     10.8303     17.7911     27.9335     17.3697     10.4994     5.45787     1.91905    0.626282    0.819343     5.73098     15.2092     25.5142     32.1852       12.15     4.48331     2.23056     1.12788    0.463509   0.0858609
    0.32654   0.0236443   0.0224238    0.439175     19.9555     77.5602    0.842709   0.0399121   0.0113596   0.0380798     0.74045   0.0511514      0.1661    0.764637     4.31333     21.2864     47.1052     21.1535     4.25038    0.747109    0.145329   0.0168004  0.00197297   0.0240058   0.0956383    0.439437     5.17744     49.7664     37.5062     6.19446    0.690584   0.0971463  0.00675087
     12.953     6.52428     1.89621     3.06676     10.3456     26.0442     10.1275     2.59341     2.17502     8.13719     16.1368     3.92036     4.83545      6.8346     10.0833     14.6651     21.0782     14.8508     9.80865      6.7387     4.40757     2.77725     0.35993     2.39085     6.15256     11.9382     18.8518     15.0782     20.1973      13.834     7.61411     3.17263    0.410404
    3.64552    0.109373  0.00649646   0.0302282    0.472144     75.8194      17.949    0.117705  0.00517452   0.0682394     1.77668  0.00173258    0.011055   0.0610758    0.624555     8.65393     81.3348     8.65152    0.604446   0.0486633  0.00732621 0.000877961  0.00165806   0.0338781    0.169436     2.28952     52.1556     41.8114     3.09339    0.357989   0.0549729   0.0283126  0.00381464
   0.684863    0.475583    0.882271     7.33954      25.809     41.4704     17.5458     3.63633     0.51128    0.572445     1.07249     2.17975     4.58634     7.49498     10.8195     15.1436     19.7114     14.9795     10.7717     7.60572     4.65515     2.05243    0.245804     1.90569     5.73882     11.5515     16.7049     12.7753     21.1737     16.7634     9.40183     3.25602    0.483075
   0.165111   0.0274673   0.0442376     1.47023      35.109     61.7288    0.589197   0.0437907   0.0117512   0.0845322    0.725886   0.0234431    0.138099      1.1708     8.23273     23.0778     34.8484     22.9623     8.21728     1.17032    0.142333   0.0164948  0.00552495   0.0359758   0.0998921    0.370875     2.78321     38.9534     40.8747     15.0193     1.65647    0.183579   0.0170815
   0.915833    0.024902   0.0241818    0.251043       5.093     90.9901     1.43474   0.0313676  0.00896742   0.0461986     1.17966  0.00836889   0.0492333    0.252161     1.52633      15.462     65.4947     15.3926     1.51771     0.24404   0.0465046    0.006396  0.00553092   0.0140521   0.0875514    0.605055     8.94234     69.0445     19.1561     1.63267    0.394679    0.108863  0.00866927
   0.781885    0.299108      2.2362     20.2389       46.12     23.6984     1.01233    0.140419    0.570472     2.05258     2.84968    0.215439     1.51546     4.95182     10.3569     18.4925     29.1036     18.5195     10.3495      4.8696     1.41621    0.209366    0.029117    0.166772    0.409906     1.00539     2.39848     9.01359      28.528     29.8224     20.2018     7.89573    0.528703
   0.296188     0.15265    0.278225      6.0375     53.3947     36.9196     1.20782   0.0999788      0.1465     0.41787     1.04889    0.109163    0.430388     1.81673     6.86091     20.6136     40.8134      20.183     6.93911     1.78122    0.382049   0.0704317   0.0090153   0.0772473    0.281645    0.904269     2.79019     15.0165     42.4281     29.9185     7.45373      1.0604   0.0604211
    6.25295     1.62823    0.324536    0.413744      4.6968     49.3103     25.1073     7.19008     0.82808     1.02281     3.22522    0.900441       3.214     6.95639      10.873     15.8735      22.205     16.4282     11.7311     7.67534     3.36816    0.774855    0.458086     3.70414     8.60885     15.2337     26.9631     28.3373     11.0514     3.31911     1.57117    0.675067   0.0781251
    2.22314    0.302034     6.00924     16.7959      24.784     38.2194       1.081    0.279587     1.26514     2.54705     6.49347    0.898954     4.89043       7.545       9.892     14.6642     24.6809     14.6649      9.8402     7.38283     4.68978     0.85082   0.0767449    0.240613    0.347374    0.991707     4.27055     25.4329     24.8234     16.8401     14.2398     10.9679      1.7689
   0.547229    0.117903  0.00353628    0.573079     49.9792     46.3196    0.370758    0.013825  0.00298121    0.172363     1.89956   0.0163456   0.0246524    0.103415     1.01652     12.1224     73.5003     11.9905     1.05051    0.142919   0.0257866  0.00667587 0.000214558  0.00775074   0.0626121    0.349524     1.71056     18.7199     62.6267     16.0494    0.460808   0.0119978 0.000587274
    16.0039   0.0919705    0.125585     0.35656      1.1893      61.124    0.579226   0.0421429   0.0720528    0.397477     20.0179   0.0108296   0.0781668    0.170631    0.518958     5.18994     87.9082     5.31135    0.554874    0.171302   0.0770038  0.00878861   0.0017319   0.0138871   0.0895389    0.430113     4.82205     85.5015     7.04101     1.08991    0.555216    0.388477   0.0665256
    1.13762    0.325459    0.263775     1.83478     18.6009     64.5671     11.0699    0.585134    0.136151      0.3835     1.09566    0.427815     1.36873     4.53096     10.9199     19.3451     27.7526     19.0494     10.4994     4.44081     1.32912    0.336188   0.0460355     0.36273     1.28161     5.93613     23.0683     28.7966     26.1545     10.1805     3.13779    0.891464    0.144409
    3.99084    0.634205   0.0324474   0.0586165     1.71734     55.3901     34.8169     1.83215   0.0567954    0.309914     1.16071   0.0497042    0.260565     2.11992     9.26864     21.7554     35.7481     20.4037     8.22823     1.85232     0.25136   0.0621818   0.0203107     0.31655     2.50568     16.4531      42.412     30.7286     6.09473     1.08233     0.29079   0.0868354  0.00905185
   0.824287  0.00269555   0.0111908    0.063035     0.64008     97.2617     0.32169   0.0041857  0.00406289   0.0154849    0.851588 0.000582092  0.00864721   0.0270359    0.147445      3.5903     92.4735     3.56469     0.15101   0.0277681  0.00856241 0.000429271 0.000181707  0.00158728   0.0115108    0.120652     3.07311     92.0637     4.28762    0.296221     0.10008   0.0417513  0.00357042
    3.35073    0.173458     2.73133     8.27764     15.9533     59.1636    0.308806   0.0923916    0.699209      1.4571     7.79245    0.213029     1.93458      3.6671     5.70463      11.371     54.3736     11.4605     5.62734     3.61267     1.85441    0.181131   0.0234032     0.16196    0.149295    0.253538     2.56544     55.0207     18.1262     10.1137      7.7044     5.26716    0.614302