    15.4098     46.1477    -36.1048     69.9755     -18.986    -6.63342    -5.37747     8.10813   -0.183561    -4.19928    -9.30701     9.31563 0.000787157    0.437633     4.03242     2.00264    -1.52819      1.0275    0.421943    -2.96893
    59.3716    0.894096     12.9194     32.7935     7.48705    -11.5098    -22.4715     9.22083    0.690852     -2.7049     4.58964     8.32463     5.28692     0.28744     5.03616   -0.767296    -5.24929     1.80461      1.2485    -3.44982
     116.43     24.9271    -17.4213     21.8922     5.79388    0.949003    -17.5813      8.9079     1.14112    -10.0364      -4.632     2.84014     1.84705    0.387558     4.72714    0.550836    -8.08206     1.15212    0.634303    -3.40307
    36.1684    -21.7331     32.3245     29.0305     -12.973       8.331     -7.4677      15.434     1.36553    -9.05072    -8.23374      4.0962     4.54956    0.809392     5.22957    0.686277     -5.7957    0.775124   -0.354579    -3.84422
   0.145572     35.8073    -4.53574     21.6846    -21.1319    -12.6767    -7.00349      14.599     1.26129    -7.96997    -6.62587     4.74289      2.7282    0.611722     5.11488    0.277017    -7.47344    0.931081   -0.127145     -4.0216
    21.6579     45.0361     15.6454     22.5363    -15.9304    -4.64094    -10.8774     9.78402      1.3261    -9.94175    -6.05118     5.05609     1.13364    0.594879     4.62584   0.0478046    -4.99976    0.722481    0.844256    -2.96257
    60.0274     27.2867     7.36567     22.2482     17.0677    -8.81627    -11.0671     8.35173     1.51955     -11.376    -14.5936     4.43184    0.257176    0.642952       3.444     3.31079    -7.92775     0.15668 -0.00918876    -3.61329
    111.815     34.0871     20.4917      24.678    -15.4805    -5.63299    -7.99163     9.55742    0.504246    -4.64427    -7.70647     3.98484     2.73223    0.420728     3.99222    0.737786    -5.73335    0.456576    0.345835    -3.41263
    143.926     36.4217       5.447     25.7264    -18.9856    0.426442    -6.93447     6.77431    0.694609    -6.93593    -6.92821     3.78877     2.63751    0.555425     5.43987    0.312019    -5.89634     0.44603     0.11116    -3.44395
    12.2094     56.1767      13.073      49.333    -9.33701     2.90364    -12.0335     7.56378    0.564146    -2.65831    -7.07275    0.793649     2.63387    0.565383     3.97439     1.20108    -6.30315    0.449747     0.16445    -3.82961
    58.6578    -43.8247     15.4407     69.0563     -18.725     -5.9834     -9.3754     9.18421     1.98958    -18.2469    -9.24888    -4.95502     2.89557    0.506624      3.2526    -2.65399    -4.58574   -0.667943     2.01986    -2.03995
    19.5117     20.7652   -0.118914     8.36953    -2.74013    -11.0865    -1.54675      4.1249   0.0604885    -3.71906    -9.45409    -1.61625     5.32667      0.5113     4.29277    -1.23423     -4.2184   -0.432827    0.724163    -3.19701
     92.464     43.3711     36.3168     34.2999    -3.18972    -9.81626     2.63263     11.2335     1.05242     -6.8243    -6.48516     6.77427     2.75494    0.811922     3.63165  -0.0527449    -5.51179    0.748083       1.414    -3.13713
    18.6403    -12.2375     17.7284     14.8193    -6.80172       10.16     1.16425     8.11317    0.120305     1.18843    -1.79249     5.96257    -4.69054     0.50032     4.84033     1.31386    -6.12346    0.435124   0.0901709    -3.60739
    82.9292     5.73246     42.0157     32.9295    -17.8099    -18.9594    -18.0177     8.44818    0.226187    -2.73571     -8.6213     1.25459   -0.326504    0.660123     3.54607    0.828609    -5.99935 -0.00624869   -0.261363    -3.67167
    75.6112     41.8047     31.1048     18.1743    -11.4335    -3.58778    -8.49194     11.5554     1.38741    -5.80028    -7.10867     2.79825     3.36287    0.737019     3.68452      0.1493    -5.49316    0.312367    0.754788      -3.304
    57.8463     54.1326     37.4313     37.8392     1.17485    -3.78474    -1.48219      14.135    0.804417    -6.35064    -4.75562     1.73739     2.51848    0.583518     2.86874    -1.41923    -6.73246  0.00636773   0.0923374    -3.39531
     47.706     21.9016     45.5132     28.2639     -11.782    -8.06148    -9.00271     4.36383     0.70833    -7.41904    -7.42525     4.68048      3.2723    0.150095      6.4944     1.25424    -6.41253    0.752227    0.177601    -3.41572
    32.6706       52.05     31.2372     25.5778    -9.72191     2.10468    -12.7582     7.59563    0.580193    -8.36634     -5.7839      1.7311     2.39423    0.633155     6.16292  -0.0346739    -5.73689    0.257014    0.326516    -3.35583
    16.8564     22.2192     26.4691     24.0937    -16.8693   -0.077266     -8.1951     1.11302    0.562894    -6.80499    -7.71667     7.11323     4.46994     0.31173     2.16379     1.24344    -8.52118     0.94267     1.03658    -3.38788