   0.560822   0.0951156     1.33042     14.3478     34.7168     43.6229    0.436576   0.0546635    0.425656     1.67354     2.73573    0.407015      4.0085     8.80059     11.9741     15.0409     20.0809     14.8142     11.8204     8.73406     3.95566    0.363622  0.00665853   0.0669234    0.160119    0.399111     2.12388     27.3499     29.9524     20.6521     13.8535     5.12341    0.312043
   0.633057  0.00197595  0.00918648   0.0475851    0.456391     97.9423    0.201181  0.00317291  0.00396402     0.01444    0.686774 0.000418994  0.00659265   0.0197477   0.0982821     2.66144     94.4318     2.65767    0.097173   0.0199801  0.00655641 0.000353805 0.000163767  0.00127694   0.0073666   0.0845295     2.19069      94.048     3.32641    0.228123   0.0773873   0.0329906  0.00302787
    1.33902    0.403561   0.0868204    0.574951     10.9206     59.2154     24.5428     1.37218   0.0902892    0.339522     1.11488    0.402874      1.5404     5.55478     11.8745       18.05     23.4854      18.477     12.2596     6.15597     1.78677    0.412748   0.0903721    0.606624     2.82512     13.6836     30.5298     24.1932     19.9608     5.80035     1.71279    0.522459   0.0747596
    0.40815   0.0829106   0.0598822     2.61479     25.9736     69.0674    0.964562   0.0427023   0.0380171    0.167809    0.580207    0.192188     1.29105     5.18219     11.3052     18.6133      26.914     18.6552     11.3109     5.18477     1.26221   0.0891247  0.00292412   0.0473884     0.15484    0.564985       5.676     46.0209     31.3331     12.6394     3.25638    0.294986  0.00917336
    2.03231   0.0355655  0.00416156   0.0208535    0.345276     81.2706     15.0856   0.0153608 0.000339441   0.0186636     1.17132 0.000274202  0.00471708   0.0273218    0.368775     6.92881     85.3024     6.94984    0.385129   0.0274748   0.0047079 0.000583372 0.000185858  0.00152825   0.0284216     1.03398     51.5548     44.6989     2.35375    0.273386   0.0350637    0.017869   0.0021393
   0.338274   0.0135831  0.00761332    0.083622     12.6677     85.6249    0.603041   0.0214876  0.00591879   0.0252621    0.608611   0.0231511   0.0557316    0.300462     2.33437     19.9871     54.7569     19.7951     2.37111    0.319554   0.0501293  0.00634074  0.00453078   0.0117897    0.058847     0.31988      4.5677     57.1365     35.0046     2.67676    0.188963   0.0266511  0.00380557
    2.36638    0.260667     9.26441     17.6247     22.1293     39.1461      1.3294    0.219596    0.882251     1.30167     5.47545     1.18114     5.47177       7.216     9.20748     14.3743     25.5361     14.2462     9.21301     7.15626     5.28313     1.11469    0.061584    0.189312    0.329724     1.11703     4.96575     26.8298     22.2221     14.8718     13.6484      13.093     2.67153
    2.88279     0.61282    0.195103    0.182447     1.69701     51.5101     27.4585     12.6482     1.13396    0.458634     1.22041    0.741118     3.53383     7.10082     10.3273     15.7191      24.218     15.5428     10.7632     7.59461     3.74789    0.711328    0.762872     6.02589     11.8066     14.8096     25.6564     32.8795     5.62757     1.32848    0.735057     0.34064   0.0274212
    25.1824     1.27766     0.10063    0.141026      1.8807     52.0557     7.01157    0.578593    0.065842    0.478134     11.2277    0.167609    0.244193    0.498048     2.76405     16.6142     58.5535     17.4125     3.01106     0.51149    0.156056   0.0673798   0.0608692    0.286455     1.13679     4.72143     27.8339     52.2824     11.9573      1.2963    0.320963   0.0861253   0.0174898
   0.618271    0.215395     1.97385     14.6852     40.9259      36.626    0.728105   0.0827683    0.458031    0.942704     2.74383    0.134351     1.10932      4.1313     9.61042     18.7417     32.5351     18.7542     9.68465     4.16319     1.01888    0.116995   0.0177671    0.134923    0.239283    0.623932     2.99667     17.5698     34.2905     24.4158     14.0951     5.22342    0.392865
   0.187126   0.0934777    0.127021     3.66659     49.2692     44.6845      1.0167   0.0712764    0.055322    0.169406    0.659403   0.0661627    0.271491      1.4599      6.8791     21.4411      40.207     21.1156     6.88108     1.39954    0.237347   0.0416004  0.00841705   0.0558159    0.174129    0.648603     3.00258     19.7949     46.1871     24.9687     4.57366    0.550915    0.035206
    7.92938    0.175666      4.2099      8.8885     13.0229     42.7428    0.266829    0.179945     1.57726     3.27774     17.7291    0.341177     2.60108     4.20312     5.93356     11.0816     51.5381     11.1922     5.93224      4.2243      2.6034    0.349149   0.0334405     0.25348    0.149328    0.340446     2.71561     52.3914     17.0427     10.1294     8.51291     7.39769     1.03359
    7.97546     2.48108     1.99856     4.96138     14.3838     29.5888     2.91991     1.11468     4.15436     11.1995     19.2225     1.21217     3.36544     6.51752     10.3658     16.6188     26.4882     16.5765     9.54945     5.69632      2.8423    0.767664    0.264836     1.20648     1.84537      3.8751     9.92229     20.7542     25.4974     17.1291     11.9447     6.51948     1.04095
    2.87098      1.6087    0.304832    0.147606      1.6699     31.4618     48.5464     10.7896    0.717283    0.731284     1.15164    0.203712    0.884703     4.15689     10.4517     18.9184     30.3597     18.4614     10.2243     4.63847     1.25851    0.442196   0.0945736     3.41605     13.3968     27.8606     36.8108     12.1116     3.65909      1.6687    0.743391    0.219824   0.0185141
   0.818586    0.519175     1.75948     12.2893     26.0398     36.7104     15.0384     4.07258    0.796855    0.705176      1.2504     2.34811     4.83893     7.02192     9.85278     14.3061     19.2296     14.7186     10.9501     8.10627     5.71786     2.90987    0.380545     2.22716     5.36886     10.1456     14.5606     11.1912     18.7948     16.9823       13.38     6.02272    0.946252
    2.73756    0.649859   0.0266161   0.0463556     1.33179     53.2546     38.8856     2.09552   0.0513172    0.265301    0.655512   0.0541525    0.353203     2.92439     11.7095      22.227     29.2496     20.4156     10.0735     2.53721    0.363444   0.0924664   0.0177442    0.236569     3.07463     20.0935      40.108     30.0977     5.23502    0.809152     0.23995   0.0773521   0.0104091
   0.226371    0.142198   0.0137297     2.85383     66.9075     27.8055    0.461766    0.038247   0.0275097    0.507908     1.01545    0.026225   0.0852449    0.327073     1.94398      15.209     64.7481     14.9191     2.21923     0.40632    0.098117   0.0176729 0.000619481    0.014024    0.104052    0.452267     1.28112     9.49362     48.0248     37.4022     3.13497   0.0910163  0.00130642
    21.1262     5.26541    0.627787    0.669042     5.29425     36.2898     12.0425     1.46682     0.77882     3.86997     12.5694    0.807489     1.74326     4.98101     10.8331     19.0604     27.2554     17.8739     10.1462     4.93085     1.76724    0.601119   0.0961901     1.17247     4.08175     12.0038     28.7142      27.711     16.6285     6.18675     2.55225    0.773881   0.0791825
   0.912617    0.223831     2.09085     11.7879     24.6845     56.4471    0.952512   0.0778394    0.325261    0.418303     2.07934    0.278395     2.21343      4.7731     7.91585     15.9506      37.383     16.2543     8.05902     4.73202     2.17438    0.265882   0.0125435    0.104851    0.230895    0.611362     4.80972     37.6358     26.7296     14.2057     10.3564     4.89293    0.410156
    11.0057      7.7136     2.30851     3.84908     10.6602     24.3503     13.9467     4.05029      2.1186     7.04562     12.9515     7.67711     7.27669     7.85014      9.1531     11.3233     15.0391     12.0038     9.53092      8.0587     6.62886     5.45834    0.429475     3.06266     9.11265     15.5702     18.9256     10.1634     17.8655     13.5862     7.45249       3.322    0.509872
     1.2557    0.260532   0.0398731   0.0622907     1.92854     70.7866      23.802    0.806564   0.0929845    0.272688    0.692306   0.0695662    0.268224     1.33728     7.44748     22.2834     37.6016     21.8077     7.39968     1.45517    0.269523   0.0603806   0.0812516    0.309886     1.46303     9.23443     37.7747     42.0192     7.48774     1.23181    0.302002   0.0890501  0.00696831
   0.926188    0.106748  0.00148994   0.0250391     42.4184     53.5002    0.309077   0.0075882 0.000927275   0.0673203     2.63697   0.0186606   0.0182476   0.0364327    0.404575     9.03035     81.1879     8.84292    0.381152   0.0503308   0.0181023   0.0113346 8.25115e-05  0.00210457   0.0401725    0.291351      1.8718     21.9994     70.1309     5.62326   0.0395169  0.00130228 0.000101467
   0.711919    0.120172   0.0673572    0.637959     14.8867     74.4536     7.81857    0.306486   0.0459456    0.173831    0.777453    0.242158    0.559973     2.21057     8.92774     21.5987      33.642     21.1448     8.69389     2.27606    0.561468    0.142649   0.0185008    0.142857    0.674657     3.74057     22.9859     35.2295     27.9685     7.37281     1.56009    0.277853   0.0288881
    16.2756    0.033202   0.0633766    0.176702    0.521265     64.3199    0.271377   0.0155085   0.0241192    0.150548     18.1484  0.00365058   0.0356736   0.0710966    0.194097     2.87905      93.561     2.93702    0.209315   0.0706584   0.0347421  0.00367768 0.000401652  0.00371529   0.0300706    0.198263     3.04246     92.1347     3.60494    0.523152    0.257972    0.176802   0.0274758
   0.712334   0.0140738   0.0119252    0.115472     2.94419     94.1801     1.21214    0.023469  0.00726495   0.0334906     0.74555  0.00476247   0.0233949    0.114216    0.878973      12.657     72.6273     12.6356    0.912993     0.11761   0.0243078  0.00384089  0.00397745  0.00874705    0.067263    0.511203     7.88943     75.4774     14.8061    0.956173    0.214615   0.0604304   0.0046208
    9.79714    0.083704    0.319125    0.898395      3.9711     55.8773    0.601665   0.0515948    0.302007     1.42136     26.6766   0.0647312    0.246165    0.604071     1.93401     12.7228     69.3156      12.399     1.85725    0.569821    0.240535   0.0459801   0.0124619   0.0576407     0.10283    0.383795     5.89338     67.1471     19.9371     3.63304     1.59474     1.05344    0.184489
   0.730374    0.308614    0.463787      3.9811     25.2898     55.6875     11.2031    0.884611     0.19006    0.344997    0.916046    0.608653     2.37092     6.51828     11.7485     17.4914     23.6344     17.3237     11.1901     6.19658      2.3054    0.611953   0.0865483    0.642252      1.7588     6.24757     19.9663     22.2939     26.8865     14.6267     5.53216     1.66166     0.29758
   0.438547    0.195889    0.838935     15.4827     56.6275     21.7382    0.659587   0.0681298    0.458547     1.72257     1.76944    0.122867    0.835063     3.45281     9.29535     19.8582     33.1645     19.6359     9.40445     3.39743     0.74065   0.0927891  0.00956481   0.0940258    0.302656    0.725041      1.4268     7.06741     31.7257     35.7257     18.5928     4.16432    0.166053
    0.12952   0.0190432   0.0252282    0.994161     36.5158      61.134    0.375422   0.0318154  0.00717228   0.0719087    0.695993  0.00680891   0.0438989    0.659063     8.60268     24.0779     33.1807     24.1098     8.61476    0.647092   0.0506196  0.00666076  0.00574486   0.0305016   0.0673196    0.254596     1.85436     40.0792     41.2043     15.3641     1.02286    0.104052   0.0130206
   0.683753    0.407696    0.478772     3.02646     15.4284     43.1857     27.6255     6.87817    0.611012    0.548739     1.12591     2.47256     5.55578     8.80895     11.6065     14.9195     18.2322     14.3977     10.4734      7.4452     4.32893     1.75922    0.257614     3.38982     10.6322      17.424     21.1021     13.1251     16.0906     10.4788     5.26686     1.96683    0.266101
   0.361087     0.06796    0.794539     4.47984     16.6482     76.3408    0.455913   0.0509054   0.0820579    0.158572    0.560133   0.0586397    0.761006     2.16866     4.59902     11.6803     61.5749     11.8414     4.50982     2.07754    0.691554   0.0371416    0.011886   0.0842324    0.107836    0.241522     2.91338     62.0527     18.5779     9.03385     4.77694     2.03826      0.1615
   0.330561   0.0174367   0.0234778    0.569066     25.7565     71.6974     0.56685   0.0323463  0.00793094   0.0359714    0.962504   0.0260299   0.0647122    0.459812     5.22185     23.2626     42.4291     22.9572     5.06865    0.435954   0.0613132   0.0127095  0.00255125   0.0222556   0.0743483    0.320842     3.64517     48.2442      37.466     9.32973    0.785663    0.101078  0.00808984
    4.54212    0.547638   0.0368699   0.0406162    0.843829     51.8149     38.1519     2.00901   0.0505987    0.357746     1.60474   0.0207016   0.0754644    0.641638     3.88083     18.8286     54.1791     18.3717     3.43058    0.479479   0.0740502   0.0179238  0.00964203     0.42756     2.22587      13.783     54.8264     24.1643     3.34825    0.858666    0.270918   0.0840914  0.00127259
    3.29304     3.49533     1.64909    0.622972     2.36024     25.4823     31.6186     23.6443      4.3854     1.53794     1.91073     1.40269     3.66963     6.82306     10.7538     15.3305     23.4281     15.7865     11.0635     6.96538     3.67248     1.10443     3.64869     13.8684     19.6729     20.3545     21.7549     9.96544     5.01337     2.70485     1.53304     1.12167    0.362159
   0.249139   0.0475846   0.0902634     5.19576     37.6311     54.4655     1.09327   0.0442018    0.033927     0.27697    0.872265   0.0479933    0.612128     4.37964     12.0803     19.7997     26.5267     19.4854     12.0112     4.37878    0.637783   0.0404403  0.00637505   0.0425694    0.136905    0.594537     4.56336     32.0428     35.6606     20.0207     6.35071    0.553383   0.0279359
   0.363368   0.0880004   0.0238932    0.429364      32.568     64.3454     1.05157    0.090702   0.0159503   0.0730393    0.950706   0.0792463    0.132912     0.49561     3.07521     20.4158     51.7143     20.4112     3.03445    0.495802    0.112238   0.0333194  0.00174458   0.0577476    0.226136    0.696348     4.01547     31.4522     52.8793      9.9085    0.667381   0.0867545  0.00839118
   0.693584    0.376069    0.322565     7.12704     38.4763     40.3039     9.82442     0.98172    0.134494    0.499931     1.26005    0.889201     2.71272     6.10239     10.9895     17.7441     24.8187     17.0764     10.5619     5.87958     2.54604    0.679502   0.0837345    0.590691      2.4039     6.48472     12.3527     12.7842     29.1294     24.8183     9.70747      1.5569   0.0879446
    7.86929    0.678648      0.3428      1.3941     10.2543     38.1736     2.12445    0.171015    0.512149     3.74965       34.73    0.169182    0.582214     1.58866     5.73064     20.3825     43.6079     20.3775     5.50453      1.3893    0.507579    0.160115   0.0277679    0.180875    0.488976     1.67678     8.68254     36.2475     35.7857     12.0284     3.40437     1.31005    0.167037
    1.29979    0.341365     4.71069     26.7179     36.1743     22.8841     1.21675     0.20844    0.664009     1.95299     3.82966    0.321773     2.38762      6.3512     10.9274     17.3613     25.8362     17.4185     10.6122     6.06908     2.29794    0.416817   0.0577696    0.227363    0.440131     1.19158     3.32344     9.25047       24.27     24.1377     22.0133     13.8035     1.28475
   0.736349   0.0520804   0.0130421    0.045918     2.09697     89.2042     7.04734    0.114989   0.0179001   0.0504869    0.620685   0.0117245   0.0780676    0.408813     3.19975     21.5012      50.095     21.0346     3.14318    0.431375   0.0824592   0.0138172   0.0046778   0.0416814    0.292978     2.18502     28.6635     56.9224     10.5912     1.08569    0.172394   0.0366955  0.00374969