   4.65691    2.85627   0.997355   0.406657    2.49294    37.4998    36.8962    10.2517    1.44769    1.15737    1.33711   0.772403    2.65327    6.51085    11.8285    17.8904    25.2823    16.5631    10.2949    5.56305    2.09003   0.551224   0.772594    4.22452    13.3202    23.6977    28.7256     17.699    6.10901    2.26795    1.25357    1.00196   0.927914
  0.390763   0.118102   0.547313    9.63801    33.7803    51.9602     1.4018   0.198005   0.248353   0.596196    1.12098   0.499672    2.57853    7.28113    12.1388    17.1819    22.2564    16.7879    11.6792    6.83117    2.33841   0.426791   0.106342   0.260396   0.458428    1.00951    4.82471    29.6622    31.9316    19.2188    9.73274    2.28227   0.512934
   6.23413    1.07916   0.016245  0.0289798   0.462846    47.4448     40.907    1.08934  0.0559526   0.653426    2.02809 0.00603267  0.0531458   0.552445    3.59714    17.0188    58.7347    16.4689    3.06865   0.408929  0.0502214  0.0410336  0.0241241   0.181491    2.23453    16.0946    53.5785    23.1011    3.35838    1.11244   0.208986  0.0579765  0.0478972
  0.520385   0.267362     3.2468    18.7857    33.2997    36.9315    1.16681   0.513535    1.48152    1.61839    2.16834    1.23254    3.90479    7.38581    10.6013    15.4367    22.5567    15.4464    10.8604    7.53723    3.89875    1.13941   0.315505   0.661504   0.511857    0.90373      3.529    19.7949    25.4189     20.573    16.9439    8.88967    2.45808
  0.676058   0.486156    4.57158    28.6317    37.0112    18.0263    1.41707   0.441689    2.24991     3.2496    3.23869    1.12055    3.05798    6.29236    10.6055    17.2075    25.1142    16.7374    10.2423    5.93717    2.79799   0.887069   0.266209   0.791121   0.847249     1.2777    2.32716    6.44791    17.6538      22.94    25.4534    17.7749    4.22046
   2.23144  0.0582799   0.042113    0.27772    8.10772    83.9831    2.39499  0.0681809  0.0387078  0.0782626    2.71948  0.0644174   0.283465    1.00551    3.68573    19.6193     50.326    19.7621    3.81682    1.07161   0.301433  0.0636461  0.0403293  0.0667391   0.256765    1.37703    12.8112    54.0334    27.5169    2.91926   0.612001   0.187892    0.17854
   1.53708   0.035942   0.060185   0.223582     1.4868    94.1573    0.61033   0.029457  0.0650754   0.111337    1.68295  0.0297975  0.0710429   0.148859   0.605315    5.66933    86.9408    5.65825   0.626485   0.155277  0.0679408  0.0268715 0.00831649  0.0251253   0.101775    0.37896    5.06716    86.8343    5.96245   0.887305   0.397297   0.230616   0.106656
   6.51022   0.585352    6.52002     6.5617    9.19873    39.4686   0.481775   0.968559    8.03894    5.50302    16.1631    3.88582    4.51055    4.55103     5.3902    10.4219    42.9999     10.492    5.28223    4.39386    4.38208    3.69039   0.687166    1.56875   0.783523   0.669489    2.82393    42.4896    16.5802      9.223     9.1282    10.3752    5.67099
  0.289227    0.14038   0.352494    7.62995    47.9998    39.8841    1.73561    0.30007    0.23745   0.445728   0.985274   0.375801   0.991466    3.43679     9.3633    19.5329    32.1472    19.6444    9.62728    3.64006    1.01232   0.228487  0.0679646   0.329818   0.664095    1.41902    3.66176    15.5693    39.2939    27.3564    9.61491    1.69593   0.326934
   1.27649   0.439144   0.266525   0.919271    10.9854    66.8811    15.6182    1.44783   0.395916   0.597229    1.17286   0.824145     2.0244     4.9815    10.7945    18.8044     26.606    17.7786    10.2885    4.93727    2.13786   0.822818   0.511586    1.28601    3.11039     9.9136    26.6511    26.1796    20.7743    7.47995    2.32904    1.08048   0.683912
    1.0706   0.279597    3.67824    6.51353    12.1822    69.0998    1.20044   0.532611     1.6169    1.19366    2.63243    1.38069    2.29482    2.91288    4.13475    9.94854    59.1604    9.84686    4.09794    2.83856    2.14275    1.24186   0.277829   0.760084   0.668783   0.801518    4.25279    57.2445    13.6343    7.38529    6.62815    5.79476    2.55202
   1.40035    1.06704    1.47027    7.73889    24.9376    42.1536    14.9648    2.59962   0.780315    1.07232     1.8153    3.89405    5.94056    8.42336    10.6534    13.3764    16.4905    13.2794    10.4185    8.13017    5.87838    3.51514     1.1909     3.2748    6.75372    10.8716    12.5901    10.1162    17.1551    17.0197    12.6863    5.96628    2.37528
  0.648866  0.0965257   0.160602    1.73231    27.9219    66.6537    1.10308  0.0808624  0.0743565   0.176056    1.35179   0.255331   0.920051    2.59373     7.8954    20.9182    34.9257    20.7792    7.96982    2.64053   0.880554   0.221468   0.148988   0.167171   0.326721   0.894333    5.14723    36.9304    40.9925    11.9362    2.36964   0.693889   0.392987
   20.8052    4.99033     1.0139   0.878561    6.90152     36.039    8.28761    1.09244    0.87924    4.03565    15.0766   0.960134    1.70392    3.40261    7.47496    17.4344     36.551    17.9198    8.02556    3.78618    1.76379   0.977621   0.321496     1.6879    4.22407    10.8364    23.0319    26.8145    19.4498    8.60848    2.92154    1.38578   0.718101
   3.10462    2.15712    2.37014     2.2983    5.15392    27.2376    26.5042    20.5832    7.42561     1.6668     1.4985    2.93593    5.51647    8.12304    10.5959    13.8344    19.3416    13.3568    10.0878    7.82624    5.36345    3.01839    5.23668    15.1027    16.3171    15.7869    15.7812    11.0056    5.51483    3.44845    3.52446    4.94555    3.33654
   13.1247    10.5528    8.16555    5.71268    7.90158    16.5415    8.53638    5.40595    6.54204    7.01838    10.4984    9.44989     8.6544    8.51254    9.12276    10.9822    13.7305    10.2607    8.01746     7.0821    6.67401    7.51342    6.07222    10.2318    12.4143    11.8673    11.3461    7.41688    9.30425     9.5579    9.28192    8.40017    4.10713
   1.92042      1.098     14.185    18.6388    18.5273    26.5499    1.46163     1.5132    6.30403     3.8515    5.95023    5.17404    6.81362    7.46384    8.65419    12.0365    20.5064    12.0262    8.55087    7.38412    6.58758    4.80267    1.01861    1.61853    1.01599    1.11202    3.74852    17.4621    16.2965    13.4737     14.844    18.4364    10.9737
  0.493138    1.04638    1.10294     19.015    55.1295    15.9501   0.760282   0.126465   0.366788    3.62713    2.38235  0.0917071   0.256529   0.734131    2.55628    14.4344    64.6263      13.94    2.51242   0.622892   0.153768   0.071535  0.0246415   0.230105   0.696164    1.19743    1.29125    5.65222    28.9243    38.5711    19.1605    4.13813   0.114125
   17.6833   0.597554   0.223529   0.377409    1.23862    56.7305   0.686771   0.200385    1.05143    1.14173    20.0687   0.309236   0.398588   0.532847    1.21211    6.69927    82.1316    6.31308     1.1684   0.568242   0.396038    0.27054  0.0110556   0.122594    0.56201   0.943866    6.82191    78.9545    7.76683    1.59396    1.17136    1.16394   0.887992
   5.07047    2.12046    4.82484    5.07194    10.9106    20.0933    2.09345    1.83394    11.2051    15.3258    21.4501    2.90941    4.75249    6.76511    9.65128    15.2952    23.7586    15.0941    9.19897      6.188    4.11496    2.27192    1.56127    3.32292    2.43494    2.59298     5.4144    14.5371    18.6249    15.7254    15.2824      13.78    6.72374