   87.1494     20.318    66.8183    27.2057    4.49878    26.5614    11.3306  -0.768844   -5.04354    11.8521
   140.419    35.3074    37.6209    27.5524    12.8592    23.6755    13.1064  0.0939761   -8.07735    13.3678
   44.7003    39.3153    57.8161    26.8133    5.00532    26.7621    15.6824   0.104903   -9.97735    13.8504
   49.8349   -19.7625    33.3999    26.7255     7.7878    9.84144    20.7864   0.622588   -9.41196    13.5661
   60.0178    27.7595    63.9045    22.4258     6.8522    22.8479      11.15   0.231907   -11.4819    14.1878
   34.2576    10.4301    27.2039    17.9386   -10.1545    22.3259    1.96624  -0.440592   -11.0879    11.5838
   12.0275    3.95109    24.5429    27.6509    16.6491    9.32884    11.3661 -0.0305144   -8.95314    13.2342
   59.1998    41.6834    3.67294    49.6685   -19.0534    24.1856  -0.243478   0.682164   -5.31486    19.3999
   11.5602   -8.58452    7.60056    22.0425   -2.53034    7.06291    8.18342   0.632351   -7.03792    6.32834
    83.436   -6.15647    51.2837    36.6775    10.3267    35.4933    9.91899    0.38066   -6.59411    13.9537
   107.352    18.8499    61.3227    22.5557    6.82284    28.5414    13.1832    1.49772   -4.99145    12.1515
  -9.42788    63.6821    9.82478    22.5169    24.5371    38.7068    18.8389    0.41668   -4.21773    14.3143
   120.673     24.621    51.2558    25.3324    9.51325    27.2429    12.9543   0.134871   -6.09291    12.6765
   38.0988    8.24767    51.4059     35.763     11.091    20.4925    4.91837   -0.25352   -15.4101    16.1712
   43.7198    35.6379    39.4687    20.1198     15.008    21.8971    7.04673   0.134476   -4.91138    11.3048
   137.376    37.6914    24.2557    22.2222    3.05588    24.7869    12.4854  0.0276867   -9.63956    13.0606
   81.2269    39.0097    40.0002    25.8645    12.2648    25.0541    11.9102   0.259241   -7.05929    13.1628
   53.8657    35.6699     21.791    13.4023    -1.6764    25.1647    6.40439   0.290993    -4.0436    14.1335
   105.892    31.3182     55.592    30.6227    6.42705     23.968    11.9629   0.198212   -5.05883    11.8091
    136.53     39.232    36.4558    31.5131     12.388    21.8528    11.9524   0.167062   -7.87762    13.1401
   70.0134    4.11285    60.2421    33.9538      8.056    27.5675    7.18381    1.56079   -8.42526    13.6819
   61.1084   -21.9361     23.419    52.3636    9.57768    33.3932    16.2155  -0.647841   -6.66598    14.4621
   79.7301   0.619798     32.782    36.7911    7.94281    22.4836    18.2813   0.370256   -5.99855     12.992
   89.3298    38.5059    17.9929    17.6799   -18.2993    25.9025    7.60901  0.0432794    -3.1453    23.0431
    40.687    59.0632    40.5269    49.2148    3.77905    23.9274    13.7312   0.157933   -8.71055    12.5745
   50.1732    33.8091    28.9921    21.8563   -27.4995    24.5011     2.2124  -0.199084   0.555932    26.7196
   22.2038    58.0953     34.116    39.7814    9.87281    28.6095    15.6174  0.0902461   -8.54368    13.7938
   60.0504   0.435538    26.6806    24.6914    -12.729    34.3846    7.91199   0.645228   -13.2037    4.01479
   49.5359    67.4819    34.1251    60.8742    2.73703    19.1998    10.5525   0.158201   -9.23901    12.1004
   109.921    28.2997    12.5703    19.3471   -11.1606    31.4293    10.7448   0.183542   -14.9277    2.01018
    96.924    4.50178    40.5186    44.0626    13.4119    34.5356    6.84575   0.571145   -7.37282    13.9083
   22.5655    98.1644    -4.5567     64.574     10.114    26.5707    20.5056  0.0466262   -17.6057    15.9441
   22.8851     72.934    23.5252     52.364    7.68208    27.1531    16.6894   0.112682   -10.8987    13.9447
   52.3336   -24.9721    30.6662    40.5802    7.70321    24.1591    21.0549  -0.686478   -7.36539    14.6482
   17.9104    48.7546    21.0495    28.5488    16.0856    28.5036     10.338   0.575957   -1.91795    11.1697
   127.744    38.3982    2.06316    7.93026   -17.8976    28.8989     12.657 -0.0992266    -13.762    8.82189
   118.071     35.993    46.9148    33.1908    8.76808    22.4537    11.3231  -0.177392   -6.10857    12.2296
   77.1716    40.5693    55.5804    37.6226    2.65811    23.8182    12.9885 0.00898169    -5.6629    11.5358
   90.3549    33.2414    60.1732    34.5305    3.64791    23.2751     11.281   0.337265   -4.23508    11.2256
  -8.17923    48.2747    19.7231    14.6434     23.029    28.5025    9.66816  -0.135866   -4.01883    12.1371
   60.7282   0.825844    44.5933    49.8099    12.5188    31.3996    3.71462  -0.916194   -7.21155    13.9844
   104.097    38.8811    49.9394    38.1026    6.30955    21.2876    10.2568 -0.0677202   -5.37494    11.6793
   77.4151    21.4354    49.2029    40.9259    8.51385    26.9142    8.57927   0.144957   -6.65503    12.8689
   131.821    31.4171    43.7348    26.6387     11.204    24.8984    13.0881   0.207885   -7.10733    12.9903
   136.052    30.7938    34.2884    32.8205    14.2688    25.7565    10.8376   0.203979   -8.56145    13.6863
    89.073     43.625    47.8105      46.65    4.94466    19.8934    8.09931    0.17131   -5.53818    11.4765
   3.79961    34.0591     20.758    13.8029    18.6333    21.5939     2.9254  -0.277039   0.541631     7.7371
   96.7846    7.55082    55.2272    31.1161    9.32082    32.2171    10.2768   0.444311   -6.03509    13.0944
   68.6164    38.8513    51.0133    31.5973    5.59521    26.6432    14.3634   0.266557   -7.40282    13.1643
   23.4949     30.061    34.6208    11.1514    16.0777    18.2353     2.3752  -0.305036    -3.6103    9.36579
   28.2772   -26.2884    18.8026    34.5507    8.50451    3.74263     24.508   0.156831   -6.75917    12.5735
   59.0685    81.2371    18.7483    74.4414    2.76634    13.4672    6.67887 -0.0829322   -11.0605    12.6382
   116.318    14.7733    25.2095     51.641    18.2213    32.7315    3.23524   0.328726   -9.64766    14.7264
   126.279    39.6331    39.8323    34.1786    10.6591    21.5001    11.1482  0.0392876   -7.09992    12.7047
   132.534    38.0277    13.6483    15.3173   -7.11393    26.7156    12.4823 -0.0565651   -11.2389    11.8535
   39.9957    39.4791    53.9558    49.4931    3.76001    20.1466    5.88905  -0.816277   -7.59905    12.3516
   86.7859     11.893    10.0516    30.7602   -10.5443    36.0318    7.61492   0.436107   -15.2918   0.728974
   3.76262    50.9017    32.1669    25.4212    16.8476    29.1315    13.9821   0.364004   -9.57457    15.0861
   70.4999    29.5606    66.2022      33.08    2.00134    24.6601    11.4828  -0.247133   -5.23812    11.5051
   69.7092    50.7083    43.9003    50.4503     4.0603    20.4438    9.65904   0.151079   -6.85273    11.7025
   106.973    40.4963    40.0471    30.6505    10.9567     24.074    12.8988   0.196234   -7.32533    13.0152
   36.1426    49.2061     51.906    36.2859    3.09085    27.4321    16.8658     0.7273    -8.5942    12.8617
   23.0606   -32.3228   -6.59458    45.0789    3.55755     2.2091    39.5856   0.245871    1.98707    10.0922
   113.714    44.3747    40.5109    44.0156    8.61453    18.7584    8.13523 -0.0547331   -6.37339    11.9638
   145.378     37.869    34.2524    27.8402     13.683    22.8137    13.2148   0.110113   -8.62299    13.5747
   89.9818    39.2098    48.6687    33.5859     6.2824    24.9359    13.5014  0.0756446   -6.93865     12.493
   117.461    39.4379    9.90593    13.1902   -16.1687    26.2346     9.6475   0.200307   -5.13371    24.1332
   56.9638    47.2817    52.9839    41.8751    1.56353      24.07    13.8435   0.481671   -6.80429    11.7285
   99.4887    53.8538    37.6375    56.2897    6.64598    14.9938    4.88869  0.0481707   -6.24412    11.3693
   81.9898   -8.12502    25.1406    56.4544    14.3254    36.0046    7.26268   0.781629   -8.12651    14.8582
   109.839    6.84378    14.3488    66.6812     22.363    36.8448   -3.01501   0.389598   -11.3538    15.4734
   123.637    23.3348    38.6775    33.9361    12.9228    27.9719     10.487   0.319908   -7.73179    13.4745
   12.2916    38.2701    36.5692    10.8758     20.455    21.0243    6.32795  -0.113882   -10.0637    13.7282
   50.0205    42.2816    60.6679    31.6096  0.0558496    27.8369      18.17   0.264035   -7.40469    12.0023
   76.1615    25.1703    30.3516    20.9408     -14.95    29.4726    7.75291   0.391407   -6.78414    13.2579
   52.3071    46.2919     39.026    35.9409    9.86047    27.0372    12.9273  0.0476497   -6.87029    13.3967
   38.9053   -33.0009    8.18082    52.0914    7.38335    19.8039    27.2902   0.467879   -4.33057    14.1599
   100.077    25.2619    45.5776    39.9916    9.78164    26.3854     8.4434   0.312914   -6.48528    12.7534
   20.6463    44.1553    44.2929    28.7786    11.9716    26.1071    12.5275   0.221227   -11.0378    15.0139
   30.8967    -7.9331    33.8311    38.3718    11.0022    12.4437    12.1122    1.06703   -11.1633    14.7608
   64.1107     39.287    61.2695    33.1744   0.679546     26.155    15.8985   0.196313   -5.97469    11.4924
   77.2712    65.6942    33.2247    69.0328    4.05953    12.1987    3.00032 -0.0350344   -6.89924    11.0815
    27.235    36.4237    47.2773    12.7834    16.6856     22.932    10.4553   0.315945   -14.2619    15.9898
   110.424    32.2233     27.223    26.0584   -3.52366    26.5888    9.11019   0.250237   -7.63814     13.396
   40.2195    29.5522    56.5241    21.2884     11.393    21.8377     9.1804  0.0969905   -14.7707    15.7254
   51.2499    18.9989    58.1797    38.9067    6.47385    23.9247    7.12596  -0.360976   -9.68745    13.6802
    58.374    33.0483    47.1406    24.1944    13.0348    26.1497    11.2754   0.078186   -8.90664    14.0872
    36.209   -10.1653    13.0991    28.3608   -12.1076    29.8044     5.4194   -1.22931    -17.222   -1.09906
   32.7898    41.2527    51.9672    22.8242    9.37298    26.8415    15.0546  0.0335191   -11.8922    15.3652
   129.201    24.7031    28.9706    41.9431    16.5317     28.739    6.93204   0.263181   -9.30788    14.2013
  -6.77868    49.7171    2.61512    11.7948    28.9714    35.0599    10.6133   0.519546    8.53541    6.93889
   33.6648    84.0317    16.9506    66.1723    3.97629     21.197    14.6407    0.18245   -13.6226    13.6201
   111.264    13.9859    41.9402    35.0445    12.1515    30.1022    10.8163   0.227017   -7.12104    13.5697
   67.0063   -20.4482   -6.11364    72.3393     13.244    33.6362    13.5206   0.723217   -8.85879     16.393
   44.2101    17.6952    36.8215    34.6614    15.2575    26.0777    7.74702  0.0554513   -6.24315    13.0534
    52.128    -11.735    46.2546    36.6226    9.23748    22.2548    10.5715   0.219603    -11.889    15.6139
   68.9332   -16.4213    44.0306    36.8882    8.35732    31.9104    15.4911  -0.177133   -7.34644    14.7729
   13.4753    19.1583    16.9295    18.2927   -8.02228    18.1141   -3.22341  0.0132856   -4.41453    16.1053
   6.05145    72.4349    13.3114    40.1492    16.2597    33.9443    19.3776   0.286371   -8.96653    15.0992
   19.5909    18.6184    40.3578    29.7828    15.9566    19.4069    6.88353   0.322241   -15.4799    16.5706