   0.262051    0.293642     1.46593     19.8682      54.707     17.9163    0.908016     0.27822     1.03335     2.10094     1.16631     0.39104     1.51652     4.10117     9.33792     19.5683     32.4217      18.883     8.77642     3.49232     1.16654    0.345132    0.133657     0.53223    0.587137    0.878825      1.4813      5.4763     22.2021     32.8646     26.2825     8.51954     1.04184
    2.93626     1.94989     2.55056     1.42724     4.20197      36.324     23.3153     15.3788     6.05563      3.1424     2.71791      3.2745      6.0665     7.49742     10.5719     14.8623     18.7464     14.5085     10.2707     7.30706     4.74148     2.15322     3.85615      8.2725     11.0546     14.1802     21.4246     18.5998     8.33668     2.64905     2.56219     4.36439     4.69994
    9.38813      7.5342     11.5241     4.53371     2.82249      13.515     11.0769     14.9405     15.8806     4.80239     3.98192     3.40675     4.57781     6.52211     8.64781     12.4242     18.7941     13.9657     12.0788     9.79717     5.99392     3.79168     11.2769     19.8214      13.233     10.3895     11.5605     6.41681     4.76842     3.32389      4.4398     8.07067      6.6991
    1.13101     0.66365    0.145689    0.638345     9.27471     62.3647     22.7194     1.56643    0.220826    0.514441    0.760844    0.413834     1.79253     5.36912     12.1888     19.9958     26.2963     17.3515     9.97469     4.63594     1.58947    0.392062     0.28746     1.13033     4.20085     15.1386     28.0795     22.7254     18.7165     6.40529     2.09142    0.901656    0.322934
   0.855415    0.127688     0.12959     2.65067     25.1085     68.2516     1.28369   0.0912816   0.0571053    0.291443       1.153    0.890043     3.47833      7.6245     12.0332      16.039     19.5547      15.787     11.8721     7.82608     3.85822     1.03682   0.0866949    0.144168    0.350445    0.999437     7.22987      38.823     36.3565     11.8489      3.1682    0.637938    0.354831
    19.0021    0.154619   0.0693257    0.151432    0.571922     59.9992    0.233759    0.044273    0.186573    0.245964     19.3409   0.0526067   0.0746955     0.12031    0.334572     2.79078     93.3856     2.64147    0.348487    0.126746   0.0785342   0.0461417 0.000361084   0.0407474    0.155815     0.31696     3.52607     91.3632     3.05678    0.642813     0.33726    0.298842    0.261166
   0.852425    0.141844   0.0461951    0.345216     11.5061     77.0257     8.90118    0.227999   0.0717187    0.133237    0.748312    0.168789    0.657251     2.72065     9.15388     20.3181     31.5475     20.6055     10.1161     3.47079     1.02944    0.212027    0.125208    0.276879     1.05686     5.48714     26.3891      29.344      28.519     7.19437     1.11363    0.305028     0.18872
   0.946918    0.541177     7.77795     22.5476     28.5583     25.4404    0.766338     1.14976     5.41091     2.72296     4.13767     1.22048     2.58201      4.2406      6.9092     12.3862     22.6408     17.5755     13.6472     10.8765     6.09434     1.82712    0.617319     1.26775    0.617464    0.724309     2.28444     13.5787     20.8135     18.9108     18.8565     15.4579     6.87139
   0.722444    0.667506    0.864325     3.44762     13.1041     35.5024     30.9157      11.465      1.7851    0.788811    0.737048     5.95433     11.2725      15.727     14.7002     14.1554     13.3563     9.17948     6.12094     4.42878     3.10916     1.99591     2.01887     10.0127     18.0701     17.3382     13.4968     8.01025     10.2822     9.23391     7.11585      3.6094    0.811631
   0.489369    0.326751    0.501835     8.85492     27.8156     42.4577     15.6256     2.53797      0.3098    0.346263    0.734181     2.87754     8.58391     12.7675     14.6073      16.423     17.4208     11.6998     7.52658      4.4748     2.49352     1.12519    0.688731     3.32411     8.40129     11.1549     10.4192     8.47543     14.5604     17.5748      16.731     6.77688     1.89325
   0.680644    0.482481     3.87168     28.0837     39.8834      13.375     0.47913    0.303827     2.63389     5.82987     4.37638    0.853495     2.57889     6.04255      11.026     17.8698     24.8577     17.2876       10.72     5.78513     2.35758    0.621264    0.246341    0.580482    0.494204    0.614219     1.21098     4.98219     16.1094     24.4815     29.0637     18.7059      3.5111
    1.12378     2.57993     6.93321     8.90508     17.1323       44.39      8.2631     2.96754     3.81657     2.27385     1.61456     8.02111     6.12732     6.38645     8.01115     11.6598     18.3221     12.3537     8.57991     7.10747     6.48462      6.9464     2.17937     3.53634     4.32267     5.56011     12.8154     19.5686     13.9513     11.2895     10.8702     10.2528     5.65376
    11.2564     6.99227       4.151     4.55275     9.85724     18.0221     7.75612     4.28761     5.82362     8.68129     18.6196      5.0716     5.96295     6.36729     7.64175     9.73356     12.6635     11.0162     10.0192     9.71874     10.6237     11.1814     4.26781     7.11976     9.12079     9.62422     10.3271     8.07924      14.653     15.0762     10.3621     8.04016     3.32961
   0.823897   0.0171619   0.0310539    0.272113     12.0617     84.8247    0.869641   0.0660563   0.0325372   0.0307234    0.970403   0.0251272   0.0791659    0.352096     2.07801     20.1648     54.5399     20.1309     2.09177    0.398057    0.107474   0.0326446   0.0125685    0.047819     0.19349    0.805857     4.76994     51.9229     38.8188     2.58059    0.536467    0.186147    0.125418
    20.5258     17.6361     11.6245     5.21995     3.55388     15.9507     7.78545     3.76953     3.12004     4.38021     6.43382     5.93367     10.7809     13.2296     14.5378     15.3433      15.095     10.5382     7.37897     4.56712      1.8844    0.711061     1.77303     7.19244     14.8422     18.2534     18.0739     10.0739     7.11156     4.81446     7.15263     8.32722     2.38528
    0.47342   0.0607453   0.0458588    0.643874     27.8407     69.3689    0.548966   0.0529452   0.0401893   0.0773145    0.847176   0.0678033    0.278532     1.04002     5.55663     22.9541      40.289     22.6973     5.77897      1.0736    0.208201   0.0558328    0.218169    0.146784    0.205232    0.438202     3.24206     39.7422     45.2561     9.23135     1.14644    0.238869    0.134512
    4.57551     1.17163    0.911301     3.50652     11.0026     21.7679     1.34971    0.722743     3.28866       14.85     36.8534     0.58708     1.71498     4.49171     9.51385     16.7721     27.1576     18.9349      11.269     5.92402     2.56447     1.07028    0.562679     1.19365     1.37866     1.68031     4.14197     18.5327      26.575     23.3392     16.5587     4.82971     1.20746
    40.9502     6.96695    0.419604    0.296417     2.79445     22.7312     11.6757     1.85696    0.434601         1.7      10.174     2.76506     6.34242     10.0537     13.8695     14.9364     16.1239      13.014     10.4429     8.10379     3.49052    0.857757     4.91133     11.0819     19.0312     16.4954     22.0143     15.7825     5.73031     2.84939     1.28329    0.576788    0.243591
   0.538507    0.324212     7.38306     26.3513     30.2327     25.4306    0.796806    0.720389     4.63409     1.92709     1.66126     2.03935     6.01593     10.7287     13.6771     17.1398     22.1321     12.7915     7.57253     4.62458     2.47884    0.799535    0.398046    0.970969    0.465846    0.638888     2.37579     12.6477     20.0436     18.9429      20.811     17.0288     5.67643
    6.61026     3.28886     9.72436     10.1252     13.1249     23.0994      3.0295     4.60519     7.65059     7.21239     11.5293     11.0994     8.24155     6.56591     7.41164     11.3117     16.8794     11.0677     6.87864     5.92418     6.83935      7.7805     4.24518     4.80429      3.1184     2.31202     6.02652     15.7638     15.8006     12.3157     13.9346     13.5128     8.16605
    4.01382    0.755248     22.5489     15.4827     15.3033     17.8961    0.627821     1.10672     5.62204     4.14837      12.495     2.96778     5.94997      7.0893     8.42501     13.1254     23.9774     12.8181      8.5533     7.60539     6.24771     3.24067     1.19933     1.91843    0.734706    0.630185     2.84149     16.2846     16.4597     12.4581     13.8507     20.1518     13.4711
    12.5289     15.9568     4.79302      3.2066     9.71741     18.2275     11.7579     3.96382     3.99381     7.78769     8.06651     1.09979     2.06266     4.38085      8.4814     16.2372      28.517     17.0457     10.4688     6.93796     3.38848     1.38014     1.26731       7.475     14.2111     17.6215     13.9038     8.70705     13.4562     11.5942     6.28528     4.40904     1.06963
    2.22987    0.725569      1.8976     7.45077     21.5601     36.0352    0.465684    0.445015      3.4438     12.5303      13.216     2.75796     6.45523      8.9348     10.4594     12.4375     18.5904     12.2391     10.2723     8.69794     6.30834       2.847    0.163658    0.382783    0.561653    0.894946     2.91869     25.5414     25.0888     18.8371     14.5599     8.49103     2.56009
    13.5016   0.0431755   0.0147382   0.0358513     2.81767     61.1647    0.884851   0.0128626   0.0472873    0.182128     21.2951   0.0624247   0.0920524    0.264047      1.6554     16.7373     62.6826     16.5612     1.49738     0.31491   0.0966568   0.0361076  0.00367523  0.00707783   0.0563214     0.94913     13.8076     58.0764     25.3266     1.38217     0.17022    0.093178    0.127619
    2.41342     1.36908  0.00043987 0.000332993    0.395056     23.8654      69.546     0.12455 0.000968064     1.11126     1.17346  0.00151156  0.00815392   0.0722208    0.649009     7.28784     84.0135     7.34765    0.582897   0.0239021  0.00749429  0.00582607 0.000893256  0.00203235    0.416607     37.4562     49.8346     8.84433     1.81208     1.60727    0.023858  0.00208714 6.30179e-05
    4.38057     5.22247     1.76558    0.245253    0.902188     23.5933     46.3846     13.1076     1.74995     1.55763     1.09085    0.296912     1.81626     5.46426     10.0254      17.617     31.8609     16.3878     9.08295     5.29848     1.77686    0.373195    0.836361     7.27956     16.6343     29.8458     29.6358     9.28644     2.60357      1.7113      1.1152    0.694703     0.35705
    27.5303    0.212116   0.0303694   0.0291621     1.06719     54.9616     7.51438   0.0173735    0.012483    0.133631     8.49141   0.0168071   0.0511123     0.29737     1.31179     17.7802     61.0478     18.1151     1.12095    0.209841   0.0345843   0.0145327   0.0124389   0.0291462    0.133886     3.75711      42.091     44.6288     8.12586     1.05283   0.0812228   0.0402789   0.0474516
    4.84061    0.572943     2.96051      7.9749     14.7743     34.4047    0.453146    0.417455     2.81425     4.79655     25.9906     3.32945     4.58155      5.4194     7.66076     14.8462     29.7417     14.1132     7.46119     5.23847     4.43078     3.17733    0.181647    0.461945    0.556931     0.68962       2.995     33.0731     29.1991     14.9641     9.44322     6.42529     2.01011
   0.482319    0.571858     5.41154     18.9826     26.6054      34.502     10.2847     1.17673    0.946723    0.421497    0.614578     4.20977     6.23596     8.21346     10.2344     13.5459     18.1095     13.1076     9.95433     8.10217     5.58541     2.70154    0.699403     1.32827     2.17859     7.20518     11.2208     10.6875     18.1952       17.61     15.2209     11.3409     4.31315
    2.09795    0.966547      10.607     27.1054     22.1564      14.086    0.664414    0.635068     4.30653     5.60861     11.7661     1.71039     4.91849      8.4586     11.3674     15.1548     19.8973     14.5441     10.4112     7.44889     4.44536     1.64347     0.80537     1.49035    0.991657    0.891415      2.1506     7.68218     17.6138      18.346     20.0138     21.0894     8.92546
    0.53815     0.57853    0.623508     2.26468     8.85044     48.2192     28.0814     8.78361     1.03111    0.384651    0.644724     2.20609     4.30924     5.84522     8.23051     12.5869     17.9243     14.0867     11.2584     9.89154     8.07078     5.59026     3.42036     16.5974     16.6916     11.3163     12.2838      12.264     6.99283     5.27136     7.82786     5.21828      2.1163
     2.1303       1.451     1.01212     2.49641     9.68227     31.6999     37.4696     9.39428     1.53183     1.27349     1.85888     3.97318     5.03077     7.08927      9.8908     13.5979      18.685     14.1859     10.5526     7.71008     4.83714     4.44735     8.53428     6.91821     11.2134     27.5039     16.6868     8.13723      7.4193      5.4701     3.44099     1.96678     2.70903
    1.39715   0.0824715   0.0661708    0.291694     3.56601     91.7486     1.31816   0.0640448   0.0583699   0.0922836     1.31504   0.0343643    0.106312    0.306084     1.44288     12.3573     71.8117      12.076     1.44892    0.291908   0.0936728   0.0308483   0.0194743   0.0564369    0.221534     0.94585     9.31974     70.7994     15.8501     1.82082    0.586176     0.26922    0.111232
    6.03268      9.2004     15.6036     11.7083     10.6032     10.9347     4.37215     5.05798     10.1318      9.5319     6.82331     7.21602     9.23282     11.5502     12.0424     12.8442     14.3605      10.768     7.63695     5.84916     4.56727     3.93241     5.36124     11.7806     9.74929     6.70248     5.97557     4.73507     7.98752     11.4624     16.4608     14.6553     5.12971
    1.70812     1.51549     5.45924      26.618     22.8447     23.9921     8.20256     3.17454     2.56079     1.88476     2.03963     5.34654     6.58944       7.933     9.98919     13.0273      16.774     12.6907     9.41592      7.4487      6.1335     4.65167      1.6241     4.49565     5.59656     5.56514     6.42262     6.57277     10.8204     13.9548     22.8125     18.2733     3.86207
    8.47484     6.24211     3.18722      6.1857      11.749     15.4808     6.08841     2.58506     7.54672     19.4801     12.9801      1.5691     2.56703     5.28533     9.02237     15.4605     27.8553     17.3659     10.0119     6.11657     3.19146     1.55447     1.74264     4.12597     6.62119     7.12432      9.3065     10.4525      13.987     17.1843     17.9745     9.49962     1.98155
   0.173901    0.111436     1.83125     19.6085     34.9244     40.8275    0.485621    0.300665    0.577429    0.529055     0.63023    0.268838     2.16409     6.57774     10.6168     16.2975     23.7679     17.1499     12.2413     8.01061      2.6509    0.254384      0.2298    0.346525    0.250212    0.391453     2.07545     24.3069     27.6214     20.9973     16.8312     5.97224    0.977514
   0.382482    0.188368      8.9484     9.94638     14.4593     60.0382    0.607629    0.239995     3.59938    0.714078    0.875773     2.89984     3.87578     4.08827     5.03386     9.30541      49.858     9.25662     4.95833     4.00859     3.80116     2.91413    0.318342    0.930794    0.344584    0.403453      3.8037     48.0887     12.9472      8.6291     8.98671     10.5026     5.04478
   0.103795     0.34595     3.46089     38.2785     42.3291     12.4643    0.339031   0.0130472    0.681934     1.32725    0.656142   0.0356481    0.153064    0.464212     2.22676     15.6649     63.6711     14.8558      2.3695     0.44527    0.107729   0.0060255   0.0062729    0.316509    0.390298     0.45223    0.884888     4.21451     20.4725     28.1566     31.5683     13.4847   0.0531965
    11.4837     3.11809     1.56981     2.68395     11.0262     30.6256     4.02872     1.29654     3.99405      10.572     19.6013     4.51809     7.59124     8.96416     11.6646     15.4561     20.0855     13.1672      7.7791     5.11394     3.64374     2.01636    0.505293     1.46592     2.77473     5.55642     14.0318     19.4418     23.3803     14.3503      9.7602     6.55304     2.18016
    0.38101   0.0670485    0.748107      15.935     29.8422     50.2442    0.603099    0.190882    0.303561    0.565435     1.11951    0.477177     3.58203     8.05063     11.2315     16.7208     24.4009     15.7487     9.86047      6.7121     2.91262     0.30316   0.0918909    0.186847    0.267103    0.434591     3.16265     33.4854     26.3946     18.0153     13.8869      3.5935      0.4812
    1.25653   0.0265901   0.0291618    0.109945    0.849805     95.6727    0.386434   0.0125861   0.0558441    0.102872      1.4975   0.0175213   0.0363751   0.0737325    0.320437     3.79666     91.4325     3.85708    0.333294    0.079273   0.0369085   0.0162435  0.00396237  0.00892485   0.0616826    0.242946     3.65647     91.2859     3.69922    0.583298    0.246895    0.141491   0.0692303
   0.542891     1.46523    0.145835     17.2005     60.5657     12.9502    0.304371   0.0383803   0.0963616     4.33339     2.35718  0.00521586   0.0120347   0.0671185    0.528035     9.61444     81.1671     8.12162    0.440995   0.0365213  0.00447838  0.00240208 9.94613e-05   0.0107034    0.684582     1.18356    0.766167     4.84627     30.1718     45.1629     16.5807    0.592466 0.000786957
    1.69377     1.19337    0.157296    0.112391     1.00536     45.9653     42.6332     5.92523    0.380211    0.330681    0.603144   0.0993279    0.618342     3.24095     10.8814     21.1322     31.9801     19.4604      9.2899      2.6472    0.512262      0.1379    0.194382    0.840256     7.85327     24.1221     37.3341     23.6136      3.9336     1.05681    0.430137    0.292335    0.329411
    1.14277    0.668129     2.13329      2.6159     2.95691     22.0019     23.2825      27.123     15.7377      1.6207    0.717224     3.86301     6.15424     9.80549     13.9602     16.8383     18.4272     13.3684     8.61092     4.99286     2.64674     1.33266      1.6494     12.5747     15.9438     15.0884     16.2451     11.1644     3.98778     1.69092     3.66096     11.8905     6.10402
   0.374051    0.171873    0.137015     2.06185     25.8931     63.6743     6.92657    0.275691   0.0530057    0.117769    0.314747    0.409788      1.3838     4.65362     10.4814     18.2524     26.4518     19.2282     11.9067     5.27574     1.59982     0.35681    0.122637    0.554244     1.54745     4.67676     18.2379     20.6401     32.4489     16.0452     4.06945     1.28368    0.373537
    30.3993     4.25796    0.428132    0.897098     5.50373     35.5903     8.72359    0.478403    0.290423     2.65214     10.7789    0.472083     1.18465     3.01168     8.88733     20.7757     34.3529      19.887     7.75024     2.59788    0.716958    0.363652    0.106299    0.496633     2.54978     12.9922     32.9766      25.232     15.5513     6.27476     1.89685     0.92643    0.997149
    2.10878     1.10193     11.7784     12.0316     14.2717     33.6761    0.560194     1.55309     12.2836     5.03469      5.5999     8.86026     7.79576     6.53238     6.82164     9.38443     22.0865     9.55307      6.7872     6.34649     7.44004     8.39222    0.341105    0.653642    0.723592    0.690703     2.81634     26.8701     15.8315      12.498     13.4199     15.6318     10.5235
   0.211667    0.160602     2.15315     21.6792     40.8753     31.0544     1.04367    0.268503     1.01716    0.754744    0.781631     0.50942     2.54954     6.27527     10.8244      17.637     27.4251     16.5739     9.77792     5.50551     2.38564    0.536277    0.140181    0.409024    0.412331     0.83398     3.31587     11.9244     28.2964     25.6418     19.7336     8.10281     1.18961
   0.553302    0.882985     22.3746     26.4498     19.4796     23.8507     2.36808    0.392493     1.65937     0.74455     1.24446     3.39317      6.3756     8.29315     10.1734     13.6281     21.0432     12.8453      9.0422     7.32203      5.1146     2.76926    0.332687    0.998683    0.562827     1.21563     6.68508     10.6634     11.4871     11.0849     14.8457     25.4674     16.6565
    4.40883     1.99235     3.73076     5.53736     13.6896     11.4421     1.28813    0.789951     7.99069     24.1569     24.9733     4.19649     6.55313     8.21465     10.6451     13.5423     16.0474     12.7716     10.2085     7.74269     5.79313     4.28503    0.654724     1.96561     2.25141     1.56078     2.12991     4.79934     11.5968     15.8569      24.696     25.7157      8.7727
   0.469951   0.0576297   0.0151754      0.3429     12.2827     84.6107     1.16804   0.0575405   0.0136847    0.142004    0.839603    0.233136     1.44301     4.59214     10.1491     18.5813     28.4891      19.495     10.4734     4.78455     1.54134    0.217871   0.0990137   0.0666966    0.225128     0.79894     5.84047     59.7393     26.9229     4.83206    0.787746    0.154202    0.533483
    19.6881     6.05162    0.137331    0.223052     2.70784     30.6696     30.6321     1.69512    0.147837     2.44785     5.59956   0.0351414    0.213189     2.19521     7.95405      19.393     40.3742     19.3736     7.78897     2.27918    0.330218   0.0632866   0.0646209     1.18018      7.8943     23.9251     36.6976     16.3064     7.82152     4.38524     1.30951    0.352042   0.0635407
    9.18488    0.392046    0.920244     1.48934     2.74559     55.3794    0.275883    0.684507     4.77077     5.03061     19.1267     1.49349     1.84273     1.98921     2.68068     6.09439     71.6091     6.39465     2.70316     2.00644     1.79322     1.39289   0.0651725    0.223032    0.472038    0.338851     1.72136     70.9137     8.19107     4.96736     4.76492     4.94359      3.3989
   0.330976    0.303545     1.52909      20.563     41.5737     27.4116     5.69769     0.73241    0.366298    0.762487    0.729276     1.35455     3.63803     6.52255     10.2944     15.1471     20.9515      16.201     12.0648     8.11855     4.21126      1.4962    0.163022     1.23009     2.27424     4.35103     5.75817     6.70464     17.1263     24.4701     25.2881     11.3877     1.24666
   0.334458    0.089092     1.32914     15.5855     31.2335      45.687     4.32609    0.508617    0.287097    0.243785    0.375713     1.61628     5.15676     7.89567     10.6825     15.1727     20.1333     14.7468     10.6074     7.74133     4.81838     1.42897    0.156978    0.404873     0.64088     2.54814     13.9464     15.8296     23.6014     20.4385     15.3598     5.80544     1.26798
     1.9186     1.10253    0.418952     2.38653     17.1976     46.9639     24.1253     3.11893    0.423809    0.774201     1.56961     1.79144     3.34112     6.20181     9.57673     13.6528     18.4006     15.7768     13.0521     9.89535     6.08173     2.22949    0.504475     2.79086     9.18682     18.3865     17.3702     11.8232      18.053     13.0747     6.29388     1.86928     0.64714
   0.750324    0.418902     4.69327     11.4939     22.6717     51.6544    0.937628     0.85949     2.91188     1.92141     1.68701     2.57457     3.83203     4.80288     7.02609     15.3938     32.7718     15.6856     7.09682     4.51193     3.71381      2.5907    0.550232     1.04491    0.641292    0.797478     4.60492     27.4246     26.0276     12.0397     10.6874     10.6238     5.55804
    3.03712     1.27268      14.137     8.08724     9.16489     15.2727     1.04849      2.8624     22.4575     11.6569      11.003     2.64984     5.45485     8.17806     10.1269     14.2761     21.3318     14.0412     9.51143     7.39263     5.04296     1.99425     5.06017     8.47826      1.9125     1.17929     3.66686     10.4234     11.9308     9.94852     12.4429      21.853     13.1043
   0.652631    0.462559      7.5645     18.8125     30.5052     32.9511     0.49769    0.751822     3.49781     1.89777     2.40645    0.794046     2.68642     6.74465     11.2316     17.0839     23.7101     16.7867     11.1783     6.62117     2.55317    0.609975    0.755645     1.50968    0.462512    0.565525     2.02338     20.4964     23.3511     18.3801     15.0443     12.0221     5.38922
    1.44246    0.145289   0.0878351    0.160945     1.23024     74.1204     21.1128    0.441245    0.105807    0.220923    0.931971   0.0691818    0.253486    0.906743     5.65303     23.1428     41.2995     22.4936     5.16312    0.788779    0.187946   0.0418032   0.0499341    0.228953     1.11338     6.51557     45.4625     37.9797     6.66543     1.17065    0.351452    0.259706      0.2028
    2.35168     2.17621     2.59181      5.6506      11.129     26.6146     22.3809     16.8248     6.48073     1.95801     1.84174     2.90588     3.04372     3.97086     5.78934     9.19805     13.4891     12.8552     12.3776     12.7706     13.0499     10.5498     4.31731     11.7826     14.3753     13.5059     12.5707     7.35657      7.0217     7.01858     8.44374     9.44357     4.16407
    17.6418     4.54403      1.0443     1.02842      5.3747     32.3429     13.6349     2.76754     1.81884     5.14284     14.6597     3.41593     5.34485     7.40006     9.78993      12.826     16.2949     13.2944     10.8794     9.16122     7.08913     4.50422    0.721916     3.22853     7.47378     13.0853     22.8336     21.4326     15.8883     7.41427      4.3447     2.76052    0.816477
    14.0738     5.84784     5.52732    0.955157    0.897223       37.57     15.2565     10.0547     4.92036     1.09987     3.79729     0.35529     2.45063     5.23457     7.11987     12.0122     43.6541     11.8643     7.65373       6.273     3.02464    0.357633     1.73586     10.5584     12.7993     12.3964     17.2098     37.2874     2.72056      1.1365     1.44835      2.2039    0.503518
    3.26717      1.6253     3.41256     11.7109     30.5966     20.7267      2.0965     1.70147     5.30283     7.91423     11.6458     7.05898     7.18815     8.01688     9.53631     12.6913     16.3223      12.552     9.16256     7.25172      6.1618     4.05806    0.720187     1.19719     1.66092      2.4014     3.88379     8.05219     20.8407     25.2922     18.3125     11.9913     5.64773
     1.8174     1.37188     0.98012     6.42604     34.9971     36.5885     8.42094     4.86634     1.10236     1.15383     2.27545      5.5022      2.8755     4.04306     10.0293     18.2591      27.736     16.6808     7.74427     3.49475     2.02874     1.60626    0.499437     3.88301     6.32856       5.796     6.14777     13.5812     30.7989     22.2895     7.79228     1.48801     1.39525
    15.1005     10.1819     5.51558     4.81497     7.79978     14.3388      8.5886     6.22649     5.98231     7.30385     14.1473     19.6719     10.4657     6.14212     5.11255     5.78051     7.43633     6.15783     5.60138     6.54606     9.95872     17.1269     8.28241      10.689     14.4689      13.582     10.6716     5.02249     8.85611      10.083     9.27335     6.24889     2.82228
   0.308903    0.100005    0.075893     2.52772     49.9249     45.0694    0.944827    0.293944    0.125677    0.126114    0.502599    0.254782    0.279662      1.0527     5.73259     21.0939     42.6518     21.3267     5.82976     1.25894    0.381955     0.13731   0.0611303     0.26776    0.478895    0.891643     2.38762      16.859     52.2596      23.259     3.00895    0.288843    0.237606
    2.22894     1.71159     1.43968    0.813374     4.09354     58.6853     15.9947     6.61519     2.84989     2.99185     2.57601     3.48282     4.15472      5.2778     7.81361     14.1855      30.259     14.7767     7.31771     5.09498     4.04441     3.59274     2.00953     6.13981     8.12785     10.1142     18.2449     33.2698     13.0664     4.01945     2.63759     1.89332    0.477125
   0.705927   0.0268283   0.0562135    0.158081     2.73183       91.93     3.80342   0.0422542    0.013903   0.0267056    0.504809   0.0451691    0.175679    0.815183     4.04836     20.3599     48.2813     20.5788     4.51178    0.957338    0.181773   0.0447208   0.0530107   0.0631217    0.286133      2.1057     23.2076     56.8477     14.0916     2.52735    0.546225    0.148518    0.122982
     2.6262     2.08276     1.46753    0.523967     1.60766     34.7854     33.2709     18.1301     3.47211     1.16923    0.864137    0.811262     2.95606     7.13037     12.2526     17.9016     22.7119     16.6415     10.7716     5.96297     2.35217    0.507874     0.96127     6.25717     15.5604     21.1854     26.7451     18.0139     4.73563     1.43162     1.10095     1.81966     2.18893
    4.38116     3.92839     2.85225     6.51078     19.6077     32.2914     15.4098     4.94061     2.23628     3.18445     4.65717     13.7597     11.0347     8.70392     7.82772     8.81711     10.8659     9.19856     7.67598     6.51367     6.75487     8.84789     3.56182     6.88834     10.6105     11.5951     10.1676     6.80961     14.6007     14.9411     11.9363     6.58274     2.30622
    1.19848    0.772407    0.857717     6.97474     26.8307     43.3541     13.8961     2.39828    0.542535     1.34961     1.82532     1.57437     2.48713     4.02833     6.18859     9.63768     13.9014     13.9807     14.4584      14.456     12.5598     6.72751     1.13358     4.15097      7.9189     10.5553     9.41453     6.94062     14.0278     17.6849     16.7221     8.67277     2.77855
    2.55773     2.72664     2.89804     6.95645     19.9245     28.0388     14.3286     15.7605     3.15936     1.18405     2.46542     8.48746     7.60011     7.81153     8.63906     9.69717     13.7514     11.3477     9.75242     8.45935     8.25403     6.19981     17.8396     7.07551     2.84542      2.6266     5.30151     7.78383     11.3973     5.33964     2.84023     9.08787     27.8624
   0.724272    0.276658    0.183862     1.73663     14.3268     65.0642     13.5273     3.17594   0.0910905    0.278679    0.614554     1.12042      5.5617     13.6122     17.8326     19.1543     18.9846     9.87255     5.07296     4.39356     3.28888     1.10629     13.4105     4.17556     1.76821     1.76164      9.7789     23.6116     10.0306     1.81085     1.58342      7.4818     24.5869
   0.251494    0.115195    0.227883     3.53447     37.9819     56.5113    0.639603    0.090749   0.0716213    0.131113    0.444716    0.105622    0.568543     2.73937     10.7006     21.5462     30.7061     20.6637     10.0155     2.44165    0.435064   0.0776516   0.0621799    0.138133    0.267127    0.617469     3.45245     31.5859     37.8804     20.0993     4.66622    0.975284    0.255497
    10.5902     6.33304    0.909848    0.623737     2.39775     57.0317       10.86      3.7312     1.55045     2.10119     3.87094    0.116904    0.612706     1.97646     5.04935     10.6727     62.7345     10.9739     5.18277     2.02556    0.528323    0.126853    0.546094     3.16043       8.668     10.4796     11.4423     53.3793     5.71915     3.01627     2.07618     1.08339    0.429251
    6.33733     7.61799    0.932821     4.21339     11.8753     12.3126     10.0592    0.893579     1.48228      26.195     18.0805    0.123734   0.0783693    0.176797     1.27521     14.7549      68.847     13.5584    0.883738    0.163264   0.0823958   0.0562349 0.000872781    0.666952     3.91188     12.2539     12.5146     6.77019     18.0355     30.5626     13.9652     1.31706  0.00128319
   0.505032    0.303172     2.89887     14.2508     37.2405     37.8419    0.743889    0.402817     1.37451     2.20597     2.23249      2.8435     7.27265     9.52768     10.5638     12.4222     17.5247     11.9681     9.74966     8.56164     6.74103     2.82504    0.141994    0.366144    0.499878    0.705541     2.31159     19.3175     29.1998     20.0716     15.1267     9.50833      2.7509
    11.2061    0.137463   0.0837738    0.190937     4.10436     42.2375     1.12031    0.072332    0.381963     1.74832      38.717    0.218509    0.456335      1.3197     6.04049     22.8948     40.4618      21.712     5.29857      1.1369    0.345825    0.115137    0.053147   0.0867655    0.310206    0.918254     9.57362     42.9328     36.1475     7.26141     1.60386    0.665277    0.447172
   0.476796    0.306804     6.56724     43.7979     27.8869     15.6411    0.824178    0.191056      1.0997     1.23847      1.9699    0.568552     2.08884     5.30571     10.3511     17.3611     24.8251     18.3366     11.6706     6.30317     2.57651    0.612721    0.192909    0.541582    0.464171    0.803315     2.15565     5.58862     13.8174     15.4986     21.8252     29.4106     9.70193
   0.306287    0.148828    0.165641     5.58041     35.5353     45.8637     10.9738    0.717692   0.0958808    0.150402    0.462049    0.671194     2.53279     6.18381     11.2743     16.6123     21.9825     17.3745     12.2507      7.2629      3.0478    0.807171    0.202356    0.872125     3.02968     8.67803     13.1465     11.3652     24.4839     24.7296      10.844     2.18346    0.464965
     3.9813     3.24806     3.16546     1.30148     2.34243      18.734     30.0735     27.1077     7.40453     1.37548     1.26613     1.70701     4.90721     8.14871     10.8582     14.7478     21.7995     14.1628     10.3609     7.65978     4.27088      1.3771     6.83829     20.1813     20.6347     18.5178     16.2551     6.88272     3.61849     2.37491     1.78681     1.90607     1.00384
    2.91889     1.06828     5.10724     4.84412     9.27736     19.6102     1.01488     2.26702     17.9317     14.7149     21.2454     2.89093     4.64677     6.73645      9.7392     16.9526     25.6091     14.7898     7.99201     5.18167     3.53986     1.92159     1.54282     3.38001     1.52612      1.1671     3.56665     14.3998     18.7899     13.3171     13.4631     17.1928     11.6546
    1.05275    0.407267    0.500405     4.97341     21.6433     57.6719     10.9628    0.931308    0.297817    0.518246      1.0407      2.7715     5.71339     9.92191     13.2793     15.8838      18.193     13.2936     9.25354     6.20125     3.81618      1.6725    0.225905     1.13002     2.63904     7.07832     21.6968     18.9415     23.1299     14.5418     7.19062     2.79441    0.631594
   0.151436   0.0975186    0.420325     9.84732     53.4496      32.263     2.33861    0.160681     0.26103    0.472048    0.538415    0.355314     1.45452     4.39502     10.1054     18.6536     29.1733     18.9555     10.6285     4.59232      1.4256    0.260786   0.0575018    0.288346    0.618712     1.91357     4.26087     10.0683     32.4411     33.4616     14.1753     2.43563    0.278946
    1.66681     1.31698    0.468673    0.327251      3.7592     49.0283     33.5277     7.44668    0.715203    0.797807    0.945447     1.53572     4.91584     9.42958     13.1963     16.1327     18.4276     14.3601     10.8392     7.18003     3.24785    0.735137    0.574678     3.12149     11.0041     19.7507     28.3125     21.4727     10.5342     2.75433     1.11462    0.698184    0.662441
    1.05965     0.74917     9.69809     23.3297     22.7397     34.8184    0.423691    0.475797     1.67655     1.56635     3.46289     5.24127      7.7794     7.17145     7.89278     10.9885     20.8063     11.3317     8.05264     7.34008     7.87072     5.52519    0.192711    0.403392    0.383294     0.45884     1.93745     23.6575     20.6304     14.7758     14.5873     15.3168     7.65651
   0.336156    0.329791    0.201629     4.38401     65.6193     26.3917    0.324222   0.0858689     0.11436    0.887591     1.32542      0.1859    0.190455    0.508512     2.85124     18.6806     54.0095     19.4137     3.07015    0.751687    0.243975   0.0943254   0.0304246    0.173139    0.321363    0.541729     1.09097     9.06812       42.07     40.6218     5.55357    0.433867    0.094954
    5.78302    0.697046     8.05255     4.66593     6.01107     29.9965    0.586815     2.11975     16.2865     8.98655     16.8143     3.33848      4.9129     5.17035      6.0791      11.042     37.4566     11.1709     6.20557     5.42339     5.36534     3.83541     2.25383     4.46082     1.34403    0.983249     3.21221     31.7915     14.5405      8.5967     9.51002     14.1453     9.16191
   0.348329     0.18491     1.06605     7.14515     20.4951     67.9951     1.15473    0.188376    0.253537    0.585856    0.582895    0.757871     1.82174      3.2999     5.56433     16.1955     45.1619     16.1357     5.70841     3.20925     1.63232    0.513105    0.184625    0.335762    0.478574    0.762328     5.05124     45.0964      24.378     10.8155     7.87737     3.55589      1.4643
    16.1855     4.17232    0.238807     0.70133     17.5017     41.0909     4.14956    0.227106    0.209268     3.41986     12.1037    0.653012    0.223015    0.743864     3.61383     18.1602     51.5475     18.8939     4.57206     1.09151    0.168496    0.332629   0.0878753    0.422611     1.75326     8.62344     17.5679      22.067     35.4096     11.0783     2.28777    0.379556    0.322595
    12.9912    0.482185     7.88147     8.81711     9.41825     35.1919    0.102373      0.2897     3.80229     2.86238     18.1612     4.33539     4.50509     4.00847     4.31999     8.07961     49.7302     7.97124      4.3547     3.99742     4.39199     4.30589   0.0849969    0.363785    0.221616    0.161994     2.51398     53.2766     12.6897      8.7054     8.79791     9.66144      3.5226
   0.317305    0.101003    0.245062     5.79825       34.45     54.8238     3.23621    0.232015    0.082318    0.188688    0.525292    0.868468     3.59177     8.08481     12.2829     16.1741     19.9122      15.891     11.7136     7.46187      3.3162    0.703013   0.0993227    0.349156    0.864541     2.20273     11.1634     19.3711     36.7178     19.6896     7.39532     1.77702    0.369978
    2.86368    0.847481 0.000300263  0.00103156    0.207411     47.6571     45.6814    0.784112  0.00260247    0.699432     1.25551 0.000603833  0.00264881    0.247557      2.0338     14.3002     67.2561     13.8916     1.95873    0.212586   0.0275483    0.068611   0.0040381    0.041511     1.81602      11.863     64.0598     18.7724     2.30319     0.95968    0.179739 0.000337706 0.000335808
    5.99106    0.764443     2.09552     1.85642     3.61228     45.0007    0.879524     1.23622     10.1545     8.75783     19.6515     2.58439     3.40606     3.80061     4.72078     10.8593      50.253     10.8313     4.54691     3.47969     3.13454     2.38341    0.686649     1.63508     1.29637     1.28434     3.48468     46.8515     15.8005     7.46385     7.45738     8.48003     5.55964
   0.148472   0.0619127    0.267475     8.06997     36.8594     52.6324    0.316372   0.0901844    0.117269    0.567164    0.869364    0.112254     1.69735     7.59783     13.4522       17.56     20.0929     17.3542     13.1448     7.30253     1.58585    0.100208   0.0535185    0.124039     0.16758    0.269724     1.53557     34.2436     34.6959     19.5931     8.07515     1.06149    0.180299
   0.553424    0.144037     2.78881      5.6217     11.8307     77.3988    0.339228   0.0461319    0.409166    0.259406    0.608604    0.922638      1.7568     2.28803     3.39431     9.27777      66.051     8.72382     3.22688     2.13493     1.52597    0.697872    0.167521    0.282386    0.145361    0.271957     3.49511     64.9956     12.4007     6.46097     5.34327     4.39721     2.03991
   0.156281    0.112563    0.509297     10.1487     44.3496     42.4954    0.768082    0.142267    0.209833    0.499745    0.608209    0.240428     1.19536     5.04186     11.7459     18.8286     25.9645     18.8038      11.837      5.0672     1.11971    0.155567    0.066235    0.217874    0.342417    0.621243     2.73107     19.9733     37.2463     25.2132     11.1671     2.06367    0.357556
    13.9516     2.51638    0.342008    0.678304     8.31091     43.5989     7.00368    0.490839    0.863384     4.35592     17.8881    0.700276     1.76654     4.01449     9.28211     17.4926     26.4248     19.6406     11.6833     5.36622     2.36979     1.25937    0.156185    0.587358     2.24021     7.43893     21.1388     27.8481     23.3673     11.3116     3.71467     1.48205     0.71486