    28.9264     13.6396     39.6123     33.8679     14.0733     18.2634     1.66324     -6.8326    -1.03997    -7.50673
   -5.67695     53.4034      6.6393     27.1661      24.656     28.5094    0.732163     5.05361    0.528893    -7.33932
     36.832     54.2329     39.2192     48.3492      3.1058       20.21     3.97095     1.34186      0.1441    -4.62109
    66.4513    -9.37596     42.0474     38.2258     12.1658     29.0842    0.742998     1.96035     0.14451     -6.7684
   0.476306     34.3897     8.07951     13.9495     19.6691     13.5208    -9.21306     9.98971    0.876234    -2.57757
    12.1294     37.9694     26.7586     16.7012     18.5951     16.1908    -1.90218    -2.75462   -0.923773    -5.29533
    91.3555     8.87101     46.0296     36.6735     13.4565     29.4468    -5.21091     2.13696 -0.00299204    -6.61979
    68.0336     56.9357     34.7206     60.6431   -0.411192     8.38867    0.251645      0.2273   -0.267863    -3.94788
    34.2663     32.7119     26.9428     16.3502     15.4439     13.1686    -5.41939     2.99639    0.286358    -2.69652
    37.8077    -6.69722     16.7614     25.0699    -8.56174     27.2402     0.22606    -5.95428    -1.24811     4.85432
    43.6773     -17.612     33.6952     31.0028     9.55844     17.1226     14.8979   -0.278422   -0.313894    -6.88003
     35.132     80.9968     4.37595      77.728    -1.78051     10.2783     7.07663    -5.18199    -1.24702   -0.493672
    46.6276     33.5526     13.8951     26.9095    -26.9116     23.6768    -6.87244     1.46953    0.118316    -20.3776
    89.0105     40.8859     30.7243     27.5165     14.0205     20.2158     2.61407     1.11146    0.137094    -5.81769
    25.5637    -31.5407     11.3621     36.7755      6.6123     12.5452     26.7906     7.72329     1.00748    -6.91227
    84.7868       15.45     11.9854     30.2977    -8.33687     32.7594    -3.65031    -2.62016 -0.00137027     5.34182
    62.6519     44.6509     53.7612     35.7913     1.57697     22.2519      3.4732     4.55478  -0.0330483    -4.00497
    13.1489     64.8892     18.6118     48.8617     12.2743     28.0217     6.74109    0.389287   0.0219662     -6.8363
    12.1869    0.986811     19.4478     23.4921     10.6378     8.36656     9.15731    -2.38882  -0.0424219     -7.0664
    55.8707     33.4677     55.9258     20.9576     9.60764     20.7324     3.20671    -6.22002   -0.465467    -5.77624
    117.339     23.5472     36.4371       31.92     14.3746     25.8801   -0.936339     1.27914  -0.0824187    -6.36918
    107.751     41.4985     40.7166     37.6601     7.17265       16.41     1.27262     2.73497    0.043559    -6.16671
    94.0159      27.653     57.2991     25.1115     7.21058     24.8421     0.35168     4.05574    0.999261    -5.92439
    57.4437     41.8358     38.4263      31.393     11.0322     24.5195     2.39352    0.877093  -0.0301492    -6.76092
    131.212     39.0081     9.21132     22.0212     1.68214     25.0267     4.06405    -2.16821   -0.408836    -4.29075
     56.481     17.4177     51.1265     40.9081     9.21809     21.5926    -4.13286    -1.55371   -0.238467    -6.93587
    52.1683     -26.738     16.7806     52.2904     10.7554      27.516     8.30994     4.75134    0.206512    -5.91636
    147.752     41.9622     22.9795     27.2331     16.8165     19.7724     5.74265    -0.99729    -0.32508    -6.54053
    9.00264     79.7482    -15.8312     57.9687     25.0045     35.0872     10.1476    -2.15982   -0.314647    -11.0007
    38.8768     49.2555     47.2055     29.3132     6.69784     28.0615     7.42178   0.0616131  -0.0392666    -5.36662
    124.027     41.5454     34.1775     31.8732     11.6049     18.2652     3.18277      1.5761  -0.0708767    -6.46837
    136.206     37.4609     28.1374     30.0856     15.6697      20.763     3.17972  -0.0809731   -0.143157    -6.63976
    106.076     5.60112     20.6882     57.0771     20.9142     25.9221    -11.2118    -4.79106   -0.386834    -7.01356
      84.69    -17.2635    -1.61421      76.977     19.8468     27.1769    -9.64068    -6.12978   -0.692233    -6.55391
    26.1526     25.4122     13.8155     14.1719    -5.29372      16.625    -7.06875   -0.598284   -0.363443    -10.7334
    87.9687     36.0781     8.86372     17.4933     -11.782     24.4321    -1.43748    0.625776   -0.175601    -11.7687
    30.2855     42.0663     42.7934     21.8831     13.7476     23.3858     4.10334    -6.17513   -0.956956    -6.49511
    126.235     38.7609    -9.03263      13.389    -12.5168     30.7603     4.78276      -4.114   -0.767338    -1.70156
    86.4653     42.1478      48.225     40.2606     3.22903     16.9708    0.730146     4.24767    0.223338    -5.38672
    17.4671     48.9605     30.6943      32.668     14.6902     25.8287     4.11343     -1.0977   -0.243067      -6.916