   107.436    19.3364    40.3429    33.1822    13.2924    27.0137   -2.73067    1.51842   0.140509   -6.10193    11.3288    16.5097    2.14239      2.023    -10.581    1.56767   -4.46186   -2.24944   -6.48278   -6.52205  -0.867864   -6.11386  -0.822889    4.50647    3.13612   -1.98959   -4.12102   0.156185   -8.86239   -2.59449     52.132   -1.03203   -2.90937
   37.8519    49.3594    45.0242    30.5713    7.47179    27.3072    6.79354  -0.288599 -0.0868284   -5.62061    13.0076    17.4692    2.13275    2.80246   -9.33546   0.657718   -4.52287   -2.09201   -6.43242   -5.71341  -0.697575   -6.12362   -1.02717     4.3843    3.37809   -2.19715   -4.09908   0.157629   -8.87375   -2.61132     52.132   -1.03203   -2.90937
   21.6672    31.6686    21.5413    13.3279    12.5856    11.8926   -6.49844    2.07204 -0.0707784   -4.30347    14.9155    16.4501    2.07238   0.259351   -8.40659   0.142882   -4.89168   -2.35734   -6.90441    -6.3213  -0.819345   -5.85845   -1.01314    4.69179    3.59699    -2.1624   -4.03326  0.0776604   -8.86441   -2.61666     52.132   -1.03203   -2.90937
   26.1922   -16.7628    20.7416    28.9393    9.17504    9.40475     19.735    1.63898   0.469094   -6.76769    7.43951     13.578     1.9361    4.53869   -12.1966   0.272974   -5.27535   -2.40576   -7.37861    -6.3628    -1.0733   -6.48076  -0.886209    4.79968    3.16396   -2.03761   -4.12186    0.16987   -8.90339   -2.63154     52.132   -1.03203   -2.90937
   34.9043     79.474     6.3273    75.6787   -1.26839    11.3425    6.91493   -4.60919    -1.1819  -0.953677    18.4109    15.4417    2.05995    3.54253   -9.96989    4.00293   -3.12138   -2.13387   -6.29055   -6.30304  -0.961535   -6.02405  -0.919085    4.51534    3.28636   -1.77656   -4.23819   0.152657    -8.8492   -2.58447     52.132   -1.03203   -2.90937
     75.48     1.7536    45.6951    37.4491    11.7885    28.7327   -3.38207    1.48239  0.0261769   -6.32059    12.5579    16.9114    2.27438    2.14008   -10.4368   0.933612   -4.29649   -2.19681   -6.60149   -6.21687   -0.65764   -6.07279    -0.8608    4.43966    3.19675   -2.05706   -4.06547   0.142828   -8.85588   -2.57099     52.132   -1.03203   -2.90937
   54.1844    54.5628    38.0123    54.4026    1.23365    14.0644    1.68162    1.21736  0.0345415   -4.35943    12.1665      18.53    2.25989    1.96159   -10.6601   0.557244   -3.95599   -2.32185    -6.9225   -6.10835  -0.703599   -5.89813  -0.809778    4.45153    3.15514   -2.27927   -4.11322   0.197302   -8.85934   -2.63869     52.132   -1.03203   -2.90937
   120.257    37.2289  -0.612481    17.3722   -8.36608    28.3613    3.26608   -2.69365  -0.471414   -3.73647    13.4624    18.4473    2.38263    2.10132   -11.3306   0.672869   -4.97749    -2.3228   -7.44144   -5.76466   -0.81317   -6.07901  -0.874301    4.39766    3.15031   -2.12487    -4.0204   0.155069   -8.83257   -2.62898     52.132   -1.03203   -2.90937
   63.8992    29.0752    12.9387    23.0819   -15.8752     25.664   -4.49312   0.305297 -0.0146889   -10.0131    12.6247    18.2478    2.30389    2.25972   -10.7996   0.700025   -4.76109   -2.38901    -7.2365   -6.15924  -0.872772   -6.07681  -0.871932    4.49616    3.16414   -2.14442   -4.02143   0.148726   -8.88236   -2.62169     52.132   -1.03203   -2.90937
   -1.9623    44.1913    9.76086     21.362    22.3848    21.4964   -3.17968    6.37914   0.595616    -5.4662    12.8585    19.9605    2.47546    3.44096   -11.7827    1.01508   -3.78605   -2.04874   -6.50485   -5.73406  -0.719571   -6.00606  -0.775439     4.3621    3.04686   -2.20852   -4.09009   0.213883   -8.87022   -2.62797     52.132   -1.03203   -2.90937
   48.6498   -23.8179    25.9681     41.822    9.43122    24.7825    12.0662    3.35181  -0.204584   -6.17735    16.7394    21.1543    2.36763    0.73985   -9.51879   0.351203   -3.82076   -2.09992   -6.51907   -5.93972  -0.982781   -5.55245  -0.778428    4.22633    3.22524   -2.37795   -4.08956   0.187251   -8.89682   -2.65958     52.132   -1.03203   -2.90937
   65.4365    39.4193    50.8485    31.3213    6.05471    22.1682    2.30583    1.78538 -0.0599743   -5.20258    12.2827    17.7473    2.19329    1.92433   -10.5222    0.59048   -4.06442   -2.27875   -6.80033   -6.16673  -0.653601   -5.95294  -0.792694    4.44926    3.12478   -2.26292   -4.09879   0.191854   -8.86687   -2.62202     52.132   -1.03203   -2.90937
    24.888    40.6293    36.1588    24.5202    15.4712     21.714    2.34049   -4.41269  -0.870524   -6.47221    12.9169    18.9762    2.42847    2.50996   -11.3746   0.447187   -4.11653   -2.31039    -6.8197   -6.42795  -0.634712   -5.75863  -0.674747    4.46726     2.9648   -2.20237   -4.02668   0.165434   -8.81591    -2.6511     52.132   -1.03203   -2.90937
    39.866    13.8052    44.3114    35.8801    12.0603    19.4367   0.115576   -4.98819  -0.437264   -7.29661    11.8138    19.4526    2.55298    2.48125   -10.0864    1.19883   -4.84872   -2.32988   -7.14682    -5.9125   -0.87137   -5.98753  -0.806801    4.34583     3.1681   -2.15189   -4.07267   0.177617   -8.87536   -2.60368     52.132   -1.03203   -2.90937
   8.77684    65.4756    10.0746     46.691    17.7359    31.0054    7.12738   0.108903  -0.064908    -8.5098    9.01563    17.1134    2.25764    0.24147   -9.95141 -0.0389611   -5.02382   -2.37952   -6.72889   -6.61887  -0.826076   -6.07325  -0.782686     4.3184    3.14729   -2.21856   -4.07561   0.167321   -8.86905   -2.62174     52.132   -1.03203   -2.90937
   95.7708   -5.16883    10.9475    65.8715    20.2787    26.7543   -10.7317   -5.39152  -0.601035   -6.61463    15.4505    15.8944     2.0901    3.35826   -10.2222  -0.170139   -3.90149   -2.15463   -6.47692   -5.88627  -0.202553   -6.15877  -0.977564    4.47002     3.2767    -2.1792    -4.0294   0.122549   -8.83736    -2.5919     52.132   -1.03203   -2.90937
    145.51    41.1367    23.1764    27.6033    16.2132    20.0949    5.25409  -0.942185  -0.301611   -6.48575    12.4613     18.249    2.25938     2.3724   -9.92526   0.859479   -4.19649   -2.15817   -6.45692      -6.05  -0.710968   -5.96974  -0.868544    4.39089    3.22535   -2.21075   -4.10697    0.17697   -8.85882   -2.62753     52.132   -1.03203   -2.90937
   95.8564    41.2094    43.0678    35.6765    6.71953    17.8727    1.28476    3.25154   0.329122   -5.78637    10.9435    18.8681     2.3011     1.4416     -10.79 -0.0749024   -4.11173   -2.31844   -6.95335   -6.16757   -0.64146   -5.86308  -0.765263    4.41596    3.08526   -2.38032   -4.09011   0.209681   -8.85667   -2.63748     52.132   -1.03203   -2.90937
   22.9852    2.63707    14.4171    20.7282   -6.64917    18.8998   -1.63481   -5.46864  -0.967285   -3.20291    3.80654    18.7109     2.2693    1.13105   -8.54538    2.38261   -2.09703   -1.83393   -4.37133   -6.34479   0.434257   -5.78611  -0.830292    3.92341    3.15303   -2.58742   -4.44739   0.319498   -8.89885   -2.59802     52.132   -1.03203   -2.90937
   124.524    38.7375     32.701    31.1249    12.4525    19.8148    2.71035    1.18765 -0.0663742   -6.48544    11.4767    18.4437    2.31654     1.8969   -10.3595   0.488529   -4.21421    -2.2345   -6.69846   -6.13714  -0.702383   -5.93571  -0.817154    4.40273    3.15439   -2.28444   -4.09808   0.190632   -8.86041    -2.6339     52.132   -1.03203   -2.90937