    49.6746     23.7748     11.4751     49.1765     17.3161     11.0669     9.01407     5.82234    -1.25191    0.447228    -10.0709     12.1343    -5.06644     1.15625     3.80044    -1.52303     7.65591     -2.8982     3.14456    -1.25664
    25.5016     17.3621     24.9125     17.9426     -19.505     8.52185     6.08191     4.09547    0.135207    -1.64073    -8.65051     3.84223    -5.09207     1.40662    0.334046    -2.00861     9.70465    -3.50213     2.25551   -0.358091
    69.3298     47.2095     37.1017     30.8621    -7.08983     1.85988     10.9483     12.6428   -0.808596    -3.95893    -9.97559     6.30443     -4.3301     1.12494     1.46784   -0.464339     6.16105    -3.92574     2.86319    -1.91571
    14.2991     52.8675     29.5672     35.9086    -9.66267   -0.487992     12.4594     6.01886   -0.576596   -0.693918    -13.3489     7.99083     -3.7376    0.814428     4.48932   -0.600559     6.44329    -3.30273     2.64534    -1.63946
    77.7739     40.1713      51.083     8.52558    -10.2565    -1.09106     16.8059      9.5256     -1.1966    -2.61967    -12.9587     5.72101    -4.73487    0.594492     3.06509   -0.253481     5.98938    -3.86375     2.78053    -1.93206
    106.936     39.1514     14.7775     26.6692    -17.6369     1.65114     9.55741      8.5994   -0.166114    -3.26885    -10.5523      6.9181    -4.80664     1.40278     2.72426   -0.770302     6.93413    -3.36147     3.04376    -1.82803
    27.7173     60.1017     28.8945     55.4944     1.02551    -1.28209     7.76292     11.2381   -0.635839   -0.951824    -9.50166     3.29393    -3.64457    0.650101     1.00035   -0.134856     7.32684    -2.66874      4.0136    -1.97031
    32.6191     36.4885     34.9515      40.237    -13.8319     3.12388     15.3279     4.84372   -0.688735    -8.52178    -6.93627     8.75369    -6.01097     1.73039     3.79348    -3.29665     6.50273    -5.04721     2.50569    -1.80133
     33.953    -24.5549     17.6577     35.1589    -1.66906    -4.57924     17.7103     14.5175   -0.808571     2.78819    -7.05945     11.7463    -9.82204       3.266     3.17979   -0.303362     5.71254     -2.6379     3.64382    -1.62036
     43.545     12.3838     26.0361     21.7345     8.48878      7.5678     21.8314     5.81283    -2.04223    -2.40266    -10.2856     10.7465    -5.43769     1.97205      3.1419    -1.56421     6.23633    -3.93441     3.11773    -1.81704
    100.169     15.0658     35.5132     33.4717    -18.1845     14.7764     19.6706     7.99172   -0.317206    -5.71005    -6.74025     5.90575     -2.0945    0.359516     2.00076    -1.76993     7.17789    -2.29273     4.30043    -1.63801
    45.5977     11.0271     47.9155      36.053    -12.6984     7.49767     13.3589     4.93926     1.18096     -4.5219    -12.1956     8.57999    -5.56134     2.17086     4.65709    -1.68979     7.11703    -3.48478     2.80887    -1.52984
    4.99849    0.406008     5.94013     7.68106    0.884504  -0.0796546     2.38605    -1.93021  -0.0750215    -3.72286    0.418995      8.4774    -1.73186   0.0614242    -3.41974    -1.06365     3.56363     1.72931    0.173068    -1.53956
    74.9082    -35.8609     14.1337     74.2524    -22.7561     16.0341     16.2604     1.35032   -0.873897   -0.922284    -21.7865    0.439833    0.767514    -1.15768     3.75299     1.76377     5.03629    -3.91523    0.753533    -3.44932
    34.5675     45.9554     43.4104     38.8586    -3.58507     2.63603     6.00447     4.11759   -0.100322   -0.252545     -12.834     8.00167    -4.44385    0.715493     4.56024  -0.0764198     7.61233    -3.17715     2.73017    -1.68086
     74.849     5.11643     47.2485     42.5944    -17.8336     21.8505     17.4424     4.03064    0.049645    -6.58023      -6.376     7.72675    -2.30104    0.237517     3.84315    -2.66074     8.01446    -1.56142     4.43689    -1.36713
    123.572     35.9305     34.7545     15.8292    -15.7088     2.36672     17.0538     16.3106    0.470361    -6.69098    -8.31783     5.16322    -3.68252     1.87129    -0.20446   -0.997905     5.34691    -3.50528     3.53967    -1.77591
    61.3229    -29.9192     15.9931     59.2079    -13.0438     8.10704     16.3807      8.7368   -0.461781    -1.79347    -16.9714     4.42407    -3.46072     1.02452     2.65972    0.525673     5.40645    -3.36344      2.0849    -2.29675
    57.4822     31.7456     50.9824     41.0812    -5.00248     11.7352     4.81764     6.94961     -2.2008    -4.80622    -9.00859     10.7226    -5.25237     1.28653     4.19816    -2.07931     6.33279    -4.18793     2.57844    -1.52777
    144.576     38.0807     12.3973     26.8617    -19.3002   -0.865573     10.0693     7.48919     -0.5453    -4.19158    -11.0535     7.47489    -4.47145    0.990061      3.1563   -0.837828     6.33818    -3.01927     3.19598    -1.78655
    24.5856       54.51     27.3623     36.3203     -10.172    -4.49758     19.3406     10.0739   -0.754577    -4.41142    -9.71243     4.32641    -4.69523     1.23366     3.84256    -1.59533     6.15222     -3.3326     2.65645    -1.71753
    26.3851     11.6642    -23.1148     53.9062     6.72357     4.24655      9.6199     6.03925   -0.011989     -26.323     -6.4939     14.1268    -11.9219     3.60916     4.46906      2.0988    -8.07606    -1.24358     6.28416    -4.52483
    18.2214     47.6878     17.1239     26.5847    -15.9244     3.23395     14.8056     12.6307    -1.35017     -2.3328    -12.8148     8.83631    -3.42366    0.697345     4.33729     -1.2894     5.41601    -3.34782     2.09048    -1.46332
    90.3073     29.2167    -5.18449     16.1061     3.31271     3.40424     12.9351     6.65376   -0.835223    -8.16175    -13.6579      4.9113    -4.52468    0.778184     3.09106     1.25216     6.78655    -3.94556     4.00221   -0.918079
     19.127     34.2546     30.1295     29.0412    -17.6963     3.78662     14.2064     2.32719   -0.165506    -2.41166    -12.4812     9.54029    -3.17795    0.747911      2.2305   -0.931717     6.97364     -3.8883     3.18818    -1.74208
    5.34639     44.9199     5.93794      31.463    -20.5407     7.29142     12.2422       13.04   -0.121021    -2.71397    -12.3236     10.9292    -3.17274    0.287189      2.6362   -0.777515     6.03468     -3.7718     2.94586    -1.49216
    10.7931     49.8192    -34.5673     56.3603    -27.4784     14.2333      6.6281     21.2912     -1.0054    -4.07799    -11.6972      18.118   0.0971887   -0.790006    0.945133   -0.802855     3.42319    -2.60773     1.44909   -0.845355
    131.423     41.2076       16.11     29.8063      -15.75   -0.122687     7.19341      7.9831   -0.305548    -3.77106    -11.0053     8.37674    -4.76221     1.31713     3.18168   -0.612171     6.15655    -3.62201     2.77661    -1.83687
    21.0011     12.5739     11.0275     15.9381     6.71675     6.86825      12.926     2.30769     0.44482    -9.45849    -8.52428     10.2658    -5.79676    0.631091     3.24056     3.97092     3.40617    -2.32699     3.96313     -2.6375
    49.3153    -30.3853     33.3878     40.5658     -15.366    -3.94543     17.9217     20.8402   -0.870228    -5.30987    -19.0064     3.19277    -8.91571     3.35953   -0.803242    0.393141     5.41917      -4.112     2.21208   -0.912673
    84.0596     44.0231      24.843     28.0228    -13.6887     1.48824     10.5911     10.1333    -1.29906    -3.86043    -10.6136     7.89206    -4.53423    0.687791     1.92497   -0.380261     6.22183    -3.87712     2.88567    -1.98332
    124.227     14.7214     20.1143     44.2151    -22.7843     16.3517     15.0918    -1.16258    0.343968    -4.12184    -8.05014     7.78897    -1.09052   -0.267447     5.35503    -2.00726     8.75838   -0.466299       4.719    -1.35329
     131.71     30.9535    -19.2177     21.2877     5.06235    -3.82501     22.1452     8.66611   -0.780278     1.84101    -13.8857     7.94693    -3.58645     0.87253     2.47776    -1.35062     8.45463    -4.49021     2.62931    -1.36812
    32.3371     48.2873     29.4182     20.6915    -13.1964   -0.382642     16.7006     9.80894   -0.301069    -1.65231    -14.4855     8.87036    -3.13699    0.373773     3.65505   -0.820967     4.66876     -3.4995     2.70998    -1.91602
    30.0426   0.0988085     40.3412     27.9488    -12.7977     -6.3686     6.15435     4.71836    -0.76885    -3.31852    -14.0269     10.7421    -7.36963     2.83565     1.54547    -1.48706     8.08842    -3.89631     3.93153    -1.49141
    4.40003     27.1043    -1.37549     12.5677     -3.2309     12.9394     7.15045     7.13252   -0.914834    -8.99926    -13.2043     6.70484    -5.08936     1.58654     3.19319   -0.663539       6.567    -3.04945     2.94845    -2.95078
    17.0508     36.0364     15.9061     12.3721    -8.81912      5.1059     8.32343    0.416496    0.174028    -4.94203    -12.7367        5.23    -5.00974    0.785487   0.0819776     4.11606     3.80545    -3.58099     5.17363      -1.742
    59.5872     53.8841     41.7695     38.3375     2.49279     1.83572     8.75041     18.2042   -0.573686   -0.802942    -10.2964     3.03313    -2.80427    0.722175   -0.953147     1.51622      7.3487    -2.34439     3.88062    -1.96691
    14.3874     16.8966    -1.43018     7.44406     4.09076     13.8265     1.02484     5.06671    0.962644    -13.6557     -5.7763    -3.64445    -7.41786     1.21047     8.43657     8.15466     4.48477    -6.06863     4.95098    0.696741
    38.7781    -20.6284     37.5326     26.7947    -13.6541    -10.6891      11.376     13.5091     0.18455     -3.5313    -16.9876     7.88794    -7.99062     1.37371     3.30345   -0.780309     6.56474    -2.66942     3.69457    -1.37293
    63.1554     53.2444     38.5874     53.2118     5.99562     7.13843    -6.00607     9.24958   -0.454063     1.18215     -12.531     9.51672    -3.79339    0.653131     3.01473     1.16756     7.28886    -3.36184     2.53683    -1.83912
    81.8366     31.5521      3.3511     16.9318     27.7035     5.03069     20.8804     13.0912   0.0688761    -14.7448    -24.1354     6.58238     0.63715     0.13759    0.609956    -7.01414     12.3746   -0.503889     3.20458    -1.41955
    45.7017     38.9009     22.5134     23.6405    -12.9431     8.45307     5.27283      9.3814   -0.387215    -1.19712    -10.8291     5.33289    -5.04481     1.07287       1.636    -1.47397     6.55971    -3.96898     3.34845    -1.33014
    21.6435    -10.7983      13.328     18.2554     7.27701    -1.26003     17.3953     6.47308       1.782     8.48153     4.04769     16.9433     -8.5384     2.51231      4.6886   -0.890203     6.40061 -0.00446514     3.33916    -3.48695
    121.276     27.3838    -29.7651      18.484     16.4057    -3.90639     27.2549     9.68996   -0.947095     3.74743    -14.7803     7.96735    -3.24619    0.785701     1.87626      -1.437     9.13596     -5.3025     2.44826     -1.1924
   -3.63422     32.2312    -7.00346     14.1159    -22.7199     20.2381     3.91316     20.4986    -1.82037    0.831001    -14.9711     8.23243    -5.45631     1.63157      6.1805    -4.59673      7.8013     -4.0435     7.34972   -0.874927
    70.8523     4.37948     3.65426     22.5936    0.658122    -3.69055     18.1242     11.9619    -0.50304     5.89974    0.150237     12.3262    -6.33788     2.15069     4.91541   -0.765563     5.40788   -0.714736     2.68128    -3.49487
    8.45836     36.5856     5.79828     18.2787    -17.7472     10.9378      7.0736     12.2918   -0.487025    -0.75463     -11.998     4.43112    -5.71779     1.64996     4.47142    -2.20902     6.52626    -3.53661     2.89222    -2.42012
    78.3596    -16.3469     33.8171     49.9597    -18.6322     19.3311     24.1052     8.18614   -0.459141    -3.45431    -11.6079      1.9767   -0.019894   -0.606921     1.30152 -0.00891274     5.77518    -3.23387     3.09209    -2.66682
    84.4014     7.51863     18.0996     26.8377    -13.1413    -7.90388     5.74291     12.8425    -1.71294    -5.87037    -9.43652     7.51004    -2.55191    0.059078     4.90145   -0.508478     6.37858    -3.55651     3.43862    -2.08534
    60.2561    -52.9222    -9.25758     85.1317    -17.5057    -2.50118     6.93017     8.14312    -1.66068     1.01507    -30.4123     1.99086    -7.40485      2.2189    0.743429     3.43184     3.50203    -6.00823   -0.359587    -2.25839
    4.86393     20.7754     15.9034     21.4138    -22.2396   -0.106481     7.71348     4.88343   0.0613064    -4.09177    -10.3748     11.3815    -3.98242     1.12936    -2.37753   -0.140145     9.63702    -4.32027     2.80489    -1.61438
    109.863     21.0018    0.164977     30.8262    0.524268     4.57781     21.2778     8.48651   -0.248866     7.79124    -4.74538     10.7629    -5.17155     1.73787     2.81743    0.340138     6.19904    -6.06588     2.69374    -1.47659
   -5.75882     51.2229    -6.19911     41.5767    -24.0619     2.38317     20.5785     15.3934    -1.14995    -8.19189    -6.66255     8.71243    -2.88407    0.227871   -0.129771     2.14055     8.79595    -3.21264     1.42722    -1.57034
     81.314     47.2131     42.8524     39.3132    0.629884      6.9617    0.831803     13.9613    0.200765    -1.99541    -10.9771     8.38187    -3.87027     1.27929     1.20801    0.427565     6.22841    -3.85206     2.78845    -1.98939
    32.1855     66.1322     13.1934     73.2338     4.63134    -2.75118     1.05686     6.36343   0.0922308     3.22665    -11.8547     2.55407    -2.60648    0.474267     1.74051      1.3894     9.41464   -0.689653     5.00143    -1.83966
    18.4714     66.3418    -31.0231     87.0581    -12.2498    -11.5091     14.8148    -3.76787     1.42001    -8.32068    -4.94264     2.08618    -6.02844     2.49694     2.79258    -6.12599     3.57727    -3.19534     6.84459    -2.11204
    56.7891     24.0997     0.20517     12.7183     5.65704     8.49017     7.01777     5.60383   -0.220962    -10.9826    -10.6167      1.7509    -5.09595     1.10515     4.49283      3.9675     5.20648    -5.03318     4.57661   -0.601881
    117.314      32.818     2.61959     24.0749    -1.00037     1.94847     14.5918     8.10276  -0.0916766    -7.64077    -15.1639      7.3196    -3.02041    0.646508     2.86695    -2.13318     8.24354    -2.55735      3.3292    -1.54095
    31.3991     34.7113     14.1885     15.0894     8.46273      5.7232     14.0337     5.00734   -0.369952    -10.3286    -18.2478     8.56291    -2.78123    0.614016      1.3818    -2.49198     6.16812    -2.82509     3.28772    -2.17719
     49.216     46.4353     45.8666     15.6563    -9.49295    -3.07204     14.2824     2.71152   -0.805504    0.584948    -14.8706     6.36931    -3.45289     1.41564     2.06763    0.137624     6.09136    -3.65297     3.81836    -2.31098
    15.7869     38.0283     14.1627     15.0393    -21.3295     10.9422     7.76298     9.49712    -1.20843      2.5985    -16.3378     9.77085    -2.61371     1.36588    0.405202    -2.99033      5.1061    -3.85175     5.68265    -1.92103
    14.9957     47.7631     21.2779     20.5122    -17.2445   -0.557141     13.8121     2.56496    0.373292    0.176888    -13.9769     6.72347    -3.15501    0.396798      0.2615     1.68942     8.25788    -3.43408      4.0299    -2.16188
    29.8311    -21.7277     27.3742     23.6564    -10.1037    -14.6679     5.26306     13.9667   -0.259392    -3.47774    -9.35679     6.69159    0.608629    -1.28726     5.54538    -1.98456     6.22414    -2.23185     5.50071    -1.46197
    85.9781     6.52854     49.4569     28.2665    -17.4192     14.7715     24.0402     13.3246   -0.242855    -7.08701    -8.30435     3.39234    -1.71855    0.555527    0.750056    -1.40044     6.19944    -2.52467       3.829    -1.95685
    48.2028    -4.78506     13.4964     34.9265     12.8561     14.6095     30.5636      8.8849   -0.406579     11.7566   -0.265724     12.8789     -7.0025     1.96048     2.73833    0.494597     5.84875    -6.96443      3.2835   -0.908836
    78.2977     36.8979     12.0533     20.1132    -18.2836     5.30782     6.26443      7.6743   -0.149535     -1.2334    -10.6522     3.22583    -5.84754      1.9123     2.03717    -1.89247     6.79743    -2.92128     2.08349    -2.95961
    97.9107     45.1669     39.3423     30.4774    -4.46511     4.70595     6.15708      16.062   -0.902511    -3.72723    -9.77603     7.10669    -4.13635    0.826568   -0.123092   0.0225687     5.64554     -4.1626     3.11781    -2.23583
    64.6829      21.413     50.5706     27.6966    -12.5385     9.42996     15.5569     7.22165   -0.987414    -4.90343    -10.1418      7.6097    -4.27631     1.29303      4.3806    -1.45623     6.91237    -3.15632     2.77869    -1.50958
    83.1515   -0.677403     11.7769     39.1191     2.30518     16.6849     30.1047     8.43934   -0.530677     8.68668    -2.80412     8.91035    -3.19494    0.585528     1.55422    0.247933     6.21277    -6.98107     3.22433    -1.55777
    101.086     44.2369     36.6389      40.158    -3.32299      7.8034    -2.53259     9.78835   -0.692872    -2.89784    -11.1149     11.1011    -4.88375     1.03068     2.78697   -0.517808     5.56084    -4.69184      2.2519     -2.0599
    15.7981    -3.24401     24.6844     18.8347    -14.9877    -12.4027   -0.480345     5.39731    -1.17457    -5.00253     -7.2045     9.44169   -0.821671    0.445084     -1.8393    -1.94456     9.52225    -5.82595     1.94259     -2.0517
    4.74326       63.41    -2.78894     64.2122     -13.393     -7.9038     22.4558      7.2416   -0.562219    -9.86953    -3.14554     1.41236    -4.99417     1.57149   -0.760705    -4.45038     5.16208    -4.64989     4.74963    -2.22279
     76.253     21.5993     16.7271     26.4047     16.8318     11.5478     23.1547     13.1499    -1.15163    -2.15639     -11.111     8.55877    -2.21892     0.19685    0.346711    -2.81041     8.20184    -4.89864       3.107    -1.72872
    41.8068     47.4102     24.6707     34.0522    -13.2443     2.22148     15.0738     11.7818   -0.609541    -5.18226    -9.31329     7.82203    -4.11504    0.717987     2.48943   -0.422967     6.84872    -3.82129     2.03474    -1.82373
   -8.65714     40.6063    -7.26242     23.7895    -24.1387      10.444     13.6312     15.7111   -0.762496     -5.8178     -10.618     9.36095    -3.99573    0.587456     2.73559     3.44795      9.2477    -3.20531     3.57195    -1.52393
     91.014     29.1214      43.909     34.2577    -10.1754     11.4034      8.6631     10.3694    -1.51903    -5.81233    -8.20542     9.23521    -4.51168    0.370559      2.2993    -1.63386      6.2158    -3.91037     3.09035    -2.02238
    91.0058     32.3808     15.0549     34.1039      13.062     9.41016     9.87238     9.72024   -0.763086    -4.83373    -15.0352      9.8862    -2.43209    0.204029     1.90356     -2.7865     8.76325    -3.45633     2.88151    -1.58578
    138.019     34.9979    -2.39924     24.8792    -8.74292    -2.33734      14.945     7.58688   -0.496388   -0.827507    -11.7588     8.03399    -4.45141     1.13578     3.13547   -0.669911     6.92545    -4.03277     2.83278    -1.59235
    133.496     31.6829     19.3519     27.8406    -19.6494     3.04886     12.9142     8.25348   -0.674134    -4.89971    -9.83325     6.79676    -3.97304    0.733974     2.62386    -1.12494     6.61111    -2.68634     3.60853    -1.76083
    26.8627     28.5722     7.35192     6.91432    -11.6029     11.1068      2.5182     5.29693    -0.38619    0.144613     -9.9904    -2.07828    -6.80516     2.27969   -0.816097    -2.49392     4.58924     -2.4519    0.458336     -3.2163
    115.584     42.4709     27.9551     33.5829     -9.7007     3.79547      3.7435     9.91496   -0.658753    -3.58396     -10.703     9.14846    -4.74564     1.00887     2.50338   -0.569256     5.78407    -4.09739     2.70979     -1.9871
    151.799     39.4619     7.78177     26.4137    -20.5721    -2.86484     9.61651     6.58895   -0.394804    -3.66406    -11.6307     7.54169     -4.6263     1.11544     3.62242   -0.664616      6.3633    -2.94143     3.08553    -1.73166
     10.651     57.0355     15.1137     48.1198    -10.6256    -2.49894     15.9824     9.37053    -1.12024    -4.54154     -9.1467     5.80267    -4.10109     0.93718      2.5576    -1.67725     6.03862     -3.4248     2.87498    -1.69651
     59.213     28.6069    -7.50822     10.3534     3.46867      6.2481     13.5694     7.30441    -0.43794   -0.487154    -14.4239     3.16896    -4.63844     1.48653   -0.694331    -2.53311     6.85696    -2.66445     1.93693    -3.27203
    18.1326     18.2471     32.1493     30.6817    -18.2277    -3.48984     11.4247     2.52166   -0.241361    -7.05061    -9.82395     11.3562    -7.76989     2.09944    0.890911    -1.98795     8.85213    -4.87716     2.73839    -1.44403
    15.4171    -21.4547     13.7801     18.6621     -6.2313    -19.5206    -3.91063     13.9668    -1.00749    -4.26164    0.860439     5.37917     9.68903    -4.09371     9.08483     -2.9218     5.93757    -4.47503     4.11309   -0.842361
     30.812     42.9486     22.0211     18.6102    -18.9254     4.91619     14.6221     11.1486    -1.20836    -1.10604    -15.0919     11.7729    -1.86952    0.388238      2.4158   -0.724115     4.54924    -3.59013     2.81984    -1.59559
    29.9587     52.9611     34.2239     24.3895    -10.8835    -5.37137     19.3621     7.63109   -0.583847    -1.71992    -13.4082     5.60096     -4.3165    0.857258      5.3889   -0.390013     6.26909    -2.97237     2.52146    -1.82587
    7.01258     22.3812   -0.770679     7.90974    -15.3675     18.1872   -0.789978     10.9559    0.435378     2.48073    -9.28262    -6.29411      -10.44     3.97005     5.02187    -7.46933     8.33609     -2.0045    -1.39927     -4.7439
    21.8423     26.8887     1.84211     20.4487     26.5886     11.2979     16.3869     5.49011    -1.80198    -27.4678     -20.113     13.1777    -3.33264     0.13924     3.89256    -4.18702     7.67535    -3.56981     1.60912    -2.63165
    28.2856    -37.4806     18.0697     39.8402    -10.7545    -17.7484     4.72627     20.6026    -1.75119     -4.6272    -14.2364     7.89548     -7.2306     2.07499      1.6529   -0.942492     6.33653    -2.74808     3.58143    -2.10659
    57.9712    -7.68685     41.5525     30.4522    -14.4372     2.63633     16.9949     11.9637    -1.40157    -5.01986    -12.7791     6.91504    -6.34489     1.81767     3.08353    -1.05921     6.81672     -2.5802       3.132    -1.28618
    4.54107     44.8526     14.6422     37.4352    -20.4049    -2.90163     20.0888     5.97388   -0.674453    -7.68936    -7.92444     7.74246    -4.69546     1.49713     1.15423    -0.92389     7.97434    -4.60975     2.26332    -1.85724
    46.1443     53.2478      39.607     32.5826    -5.00439    -2.31561     15.6227     13.0613   -0.384693    -2.89534    -10.2091     3.46697    -4.69383    0.972539     2.79472   -0.527938      6.6537    -2.98096     3.04418     -1.9092
    114.612     27.4344     28.8136      30.375    -16.5151     7.61444     13.6623     8.64149   -0.442775    -5.35539    -9.01977     7.25934    -3.54826    0.934482     2.45857     -1.4567     6.62593    -2.86695      3.5838    -1.64454
    49.6923     1.72079     33.7796     18.0772    -10.9111    -7.51826     5.05057      9.0088     -1.4215    -4.14193    -8.05426     6.52765    0.773127   -0.512616     2.59385    -1.65982     6.30166    -4.71068     3.32813     -2.2091
    101.537     30.8073     47.8709     12.6882    -13.0553      5.0407     20.1775     16.7984    -1.94448    -6.46593    -8.28376     4.94182    -4.23605    0.540664    0.506002    -1.12947     5.50269     -3.6072     3.35566    -1.99775
    72.4877     42.9795     54.7967     25.1536    -2.67875     5.97443     9.05961     14.2174 -0.00209811    -3.65122    -10.7483     7.55292    -4.36841      1.6243     2.51668   -0.324596     5.75833    -3.94967     2.36897    -1.90253
     36.781     31.8146     45.8155     27.3335    -12.9446     3.94172      14.986   -0.259255    0.298055    -1.45312    -12.9198     7.98374    -3.86314     0.76889     4.32389    -1.04455     7.12211    -3.17844     3.40958    -1.78567