  85.1883   7.42614   10.0491    33.151   6.00091  -14.2382   -24.026   9.98706  0.518127  -2.94349
  1.80859   50.3252   4.66896   43.0954  -17.9417   1.42026  -16.5744   7.89382  0.626526  -1.65125
  1.48008   27.2432  -6.23963   11.0269  -17.8829  -18.1928 -0.896549   14.9433   1.02412  -9.56327
  105.004   42.9145   29.4751   34.0632  -6.50847  -7.92686   2.55481   9.43301   1.16805  -7.30804
  124.528   23.5639  -26.9825   21.9862   11.1009   3.96626  -21.9645    10.377   1.53708   -11.602
  17.2253   52.2936   21.8412   34.6713  -11.6219   1.01658  -12.3088   7.55382  0.820977  -6.62274
   38.678  -1.22631   16.5912   28.7777   9.07762  -8.07457  -20.5128   8.17016   1.55032  -3.44598
  26.2793   29.0844   4.52243   7.90158   -10.123  -10.4485  -1.95953   4.95872  0.796169  -7.09178
  73.7715   28.1902    15.645   32.9202   20.6233  -12.7098  -9.52064   11.3823   1.49362  -10.8449
  16.3541   54.7402   -28.771   79.2976  -13.4238   3.47418  -9.46314  0.882422  -1.04626 -0.114503
  124.488   29.3386  -5.23289   24.7675  -4.84993 -0.299458  -12.2004   7.57035  0.805613  -8.22501
  77.4092    5.4061   48.1252   28.5898  -18.1035  -17.6681  -19.0163   10.6165  0.371227  -2.65656
  47.6468    15.182   45.7665   27.9425  -12.7134  -7.91058  -9.63067   5.08663 -0.382507  -7.86718
  33.0182   53.9672   30.4977   22.4768  -10.1844    3.9305  -14.4175   8.32375  0.667169  -9.00171
  33.3338   38.8505   39.4912   29.7308  -11.2137  -4.59244  -9.32234    1.7067  0.718338  -8.24877
   43.506  -25.9151   34.4459   34.8683  -14.3231   3.69321  -12.3456    18.078   1.49482  -10.2727
  15.6219  -11.7158   17.0002   13.8253  -8.21147   10.7895   2.66952   8.08682  0.210436   2.26037
  73.5637   31.3482   47.5905   32.5493  -9.50841  -15.0239  -4.63846   7.27524   1.98888  -4.12349
  83.0815   48.8114    37.335   29.2127  -3.05631  -5.49226  -2.39938   16.3528  0.904756  -5.24105
  64.1358  -24.3828   29.5953   51.8002  -13.8992  -18.9326  -20.4372   8.71632  0.612293  -7.79474
  11.7699   41.6763  -36.6308   56.5282  -25.4082  -18.3888  -0.99613   19.7658    1.5986  -8.33612
  74.6437   23.5929  -6.83368   14.1047   7.06628  -3.78193  -11.3265   7.62435  0.903206  -8.06506
  70.4094   44.1668   45.6158   8.78981  -9.57486 -0.120759   -12.326   9.52151   2.12272   -8.7212
  51.6471   53.6413   34.7242   32.2108  -3.72517 -0.670816   -8.0188   13.6225  0.699082   -4.6944
  147.948   36.9092   4.69879   25.4738  -20.2098   1.05927  -6.62385   6.53432  0.663138  -7.03356
 -5.47346   39.7965  -9.11992   28.1498   -23.353  -11.2164  -10.6191    15.851   1.27924  -5.80073
  109.593   35.2243   37.6289   12.2253  -14.1578  -5.52041  -14.4003   16.9807  0.817781  -1.73951
  11.7562   10.8413  -1.76085   8.41716   2.45497  -8.87653 -0.714028   1.84665 -0.889014    1.0598
   29.112     46.05   18.5299   19.8059  -15.8142  -3.62128  -11.7453   10.8357   1.25472  -10.4927
  106.885   18.6809   27.8767   34.3224   -19.014  -16.6154  -13.1598   3.46688 -0.177054  -2.81306
  125.642   35.8404   15.0474   26.6352  -17.8845   -3.3491  -6.70663   8.06125  0.712733  -5.53637
  27.8611   26.0228   9.90686   17.2085   13.5552  -7.21218  -11.9718   2.66758   1.16453  -10.7251
  25.6984  -30.0078   22.4216   30.2623  -10.1794   15.3438  -1.58323     17.59   1.45675  -5.48729
  15.1955    24.015   25.5526   23.8733  -19.2227 -0.613413  -8.41388    1.1023  0.234306   -6.9611
  11.9993   41.0017   8.69723   21.6587  -18.0674  -7.64125   -8.5253   10.5237   1.60286  -9.52678
  23.1505   60.8691   19.7526   57.2598 -0.204667   1.95238  -4.59448   8.82555  0.401226  -4.06955
  80.9034   35.7491   11.4866   21.9014  -16.6708   -4.6451  -4.59554   8.59412  0.616993  -6.11324
  64.7869   52.3451   39.8328   43.7093   4.20417  -8.41769   6.84858   11.2539  0.479747  -9.08189
  34.8749  -6.80058   36.0486   20.3375   -13.672   7.44241  -4.52033   8.79035  0.892722  -8.31997
  58.9914  -48.5495   10.3789   74.4797   -19.871  -2.78667  -6.25854   8.62848   2.40211  -21.1167