  0.555422   0.287785   0.451159     5.6091    28.6004    51.4816    10.8506    0.96406   0.208603   0.309743   0.681609    1.62516      3.919    7.46905    11.5947    15.8422    19.9806    15.7859    11.3395     7.2877    3.83475    1.32136    0.32946    1.23655    3.22633    8.03546    16.0205    14.1976    24.6484    19.2264    9.30492    2.92565   0.848691
   9.35913   0.524367    1.59647    2.53509    3.89743    49.4956   0.346507   0.696226    5.49322    5.40452    20.6514    2.03792    2.44065    2.58194    3.33751    7.41614    64.5486    7.55757    3.33063    2.56922    2.32685    1.85301    0.13271    0.38857   0.619221   0.483804    1.94681    64.1897    10.7744    6.03176     5.7985    6.03762    3.59691
  0.661139   0.422761    6.73139     21.671    30.8506     29.108    0.64485   0.775686    3.78883    2.43576    2.91003       1.73    4.34986    7.59328    10.7141    15.1798    21.9279    14.9928    10.5091    7.42571    4.18046    1.39695   0.494609    1.04095   0.489608   0.627023    2.09531    16.1067    22.7174    19.3626    17.8958    13.9162    5.25377
    3.6225    1.57481    10.6202    7.06111    9.40059    17.7869    1.16835     2.8562    18.6567    12.4542    14.7985    3.62099    5.80932    7.63107    9.44573    14.4572     23.453    13.4628    8.39685    6.40771    4.75127      2.564    3.40148    5.90282    2.02216    1.37625    3.78498    13.3598    14.2923    11.0813    13.3295    19.4232    12.0262
  0.851847   0.115751  0.0922911     1.7468    20.1365    73.4689    2.00847   0.122637  0.0425916   0.269401    1.14479   0.732955    2.87917    6.68474    11.2658    16.3857    21.9382    16.9892    11.9417    7.21311    3.22893   0.740499   0.234508   0.174866   0.382019    1.28251    9.33644    42.6208    32.5152    9.47463    2.40511   0.641403   0.932528
  0.564148   0.132795   0.177084    2.21338    33.8371    60.4903    1.11194    0.09998   0.072055   0.148403    1.15291   0.185369   0.639984    2.29385    8.81671    21.9263    33.8108     21.402    8.37425    1.99082    0.45026   0.109691   0.129365   0.184846   0.380783   0.932458     4.5937    32.3786     40.945    16.1217    3.16355   0.847727   0.322251
   3.56437    1.07183 0.00183828 0.00374159   0.311571    39.8944    51.9626   0.819172  0.0225038   0.800099    1.54787 0.00183642  0.0129616   0.284069     2.3235    13.2706     69.089    12.6416    2.08515   0.220764  0.0248152  0.0456656  0.0111172  0.0883702    1.78274    19.6841    58.7526    15.8913    2.46797    1.16199   0.147316 0.00439668 0.00808589
  0.786332  0.0345113  0.0520019   0.641475     18.699    77.2939   0.900412  0.0750903  0.0490496  0.0727062    1.39545  0.0656852   0.222705   0.819396    3.90513    21.6111    46.6099    21.4483    4.10963   0.920388   0.229228  0.0585993  0.0898613   0.103572   0.219953   0.738085    4.91628     45.638    41.4727    5.28622    1.02838   0.304243   0.202697
  0.772166  0.0275191  0.0345451    0.15305       4.77    91.3643    1.98989  0.0352419  0.0208891  0.0259992   0.806356  0.0397882   0.187136   0.827514    3.36642    18.2228    54.5692    18.2865     3.4452   0.836998   0.177229  0.0412161  0.0323304  0.0465486   0.216431    1.27208     12.712    60.5906    22.2336    2.25557   0.435558   0.116117  0.0891533
  0.293878   0.278572    1.62201    20.4582    49.6892     21.717    1.64361   0.280557    1.01177    1.81576    1.18955   0.599643    2.08719    4.91866    9.76513    18.4362    29.5252    17.9757    9.53754    4.66662    1.92437   0.563772   0.124669   0.504734   0.738936    1.44391    2.58314    6.68365    22.3809    30.4061    24.8087    9.18896    1.13623
  0.811853     0.6169    2.60256    16.2889    30.4637    34.4655    9.75097     1.8581   0.918363     1.0111    1.21214     3.1222    6.12422    8.39408    10.5468    13.5188    16.9924    13.2294    10.5705    8.51207      5.988    3.00149   0.789476    2.34936    4.09453    6.96306    8.99595    8.31238    16.2453    19.0518    18.7903    11.1482    3.25964
  0.209789   0.130059     0.8858    12.9953     44.207    37.8056    1.87582   0.299948   0.397133   0.500452   0.693034   0.548935    2.17812    5.76548    11.1142    17.7735    25.4541    17.7055    11.1878    5.74866    2.06176   0.461879   0.111515   0.422639   0.665436    1.42476    4.37536     14.891     32.715    26.7628    14.3276    3.63829   0.665605
  0.328876   0.131864    1.84983    18.0991    31.9012    44.1675    0.74568   0.326867   0.630534   0.803265     1.0153   0.659207    3.34031    7.29272    10.5806    16.0125    23.8453     15.949     10.861    7.50636    3.34878   0.604329   0.213905   0.372364   0.320678   0.530101    3.34544     26.858    26.0942    19.1995    15.7339    6.06949    1.26251
  0.187912  0.0819388   0.313785      8.091    36.5878    52.5676   0.740416   0.116258   0.129801   0.452214   0.731224   0.271028    1.98692     7.1624    12.8472    17.7282    21.5617    17.3722    12.3415    6.68127     1.7965   0.251127  0.0721052   0.167038    0.28595   0.558548    3.26775    30.9249    34.8127    19.9335     8.3575    1.34749   0.272551
   2.71272    1.99459    2.51858    1.79131    2.88338    23.6096    27.5855    24.8308    9.21978    1.65004    1.20369    2.59027    5.32866    8.44993    11.5507     15.188    20.0557    13.9002    10.0079    7.09748    4.08594    1.74526    4.73929    15.2919    17.3623    17.2894    17.4609    10.5136    4.57056    2.22856    2.44174    4.97357    3.12809
   19.8507    4.55352   0.416641   0.777974    8.18754    36.0491    8.57349   0.557985    0.75952    4.61256    15.6609   0.924389    1.33424     2.8185    7.49493     18.213    35.7834    19.2154    8.55899    3.39583    1.38588   0.875472   0.155512   0.663547    2.75546    11.2465    24.6516    23.0609    21.9868    10.3718    2.99593    1.27737   0.834627
   1.23219   0.372201   0.200066   0.777689    12.0566    68.3536    14.2749   0.935244    0.24914   0.435111    1.11332   0.609444    1.50849    4.38044    10.6517    19.7128    27.7277    18.5188    10.2554     4.4133    1.63039   0.591569   0.379911   0.921833    2.57402    9.20863    26.2983     25.204     23.834     8.1034    2.10962   0.921104   0.445197
   8.64578    4.33687    2.60707   0.581245    1.73978    49.3579    16.0707    7.69087    3.46797     2.1252    3.37659    1.05438    2.37039       4.33    6.90108     11.922    45.5977    12.2638      6.968    4.66107    2.61815    1.31341    1.39411    7.32296    10.9731    11.7864    15.5401    40.9592    5.93027    2.14222    1.93411    1.63256   0.384978
  0.411373   0.188763   0.162773    3.89633    52.7279    39.3907     1.0164   0.274045    0.16925   0.460132    1.30234    0.32347   0.352772    1.44714     6.3616    20.2321    41.4695    20.7315    6.77899    1.70203   0.443712   0.157148  0.0483301   0.258166   0.492056    1.02165    2.38452    14.6887    47.1025    28.2289    5.02296   0.532183    0.21997
   13.2396     9.0834    6.58386    6.19583    8.33688    15.1064    8.92675    6.26356    6.28549    7.10247    12.8758     16.881    10.8694    7.39444    6.34918    6.79651    8.18812    6.84158     6.1757    6.73976    9.28602    14.4782    6.73263    9.32255    13.0673    12.4832    10.0731    5.43261    9.35757    10.5482    10.5861    8.55632    3.84046
   1.56424   0.276573     1.7241    3.59772    9.48074    79.2465    1.01351   0.231801   0.432099   0.540056    1.89268   0.575291    1.14943    1.60711    2.77227    9.47369    69.7853    8.94405    2.67735     1.5378    1.01874   0.458959    0.14264    0.31073   0.502142   0.881427    4.66983    66.8338    13.0121    5.34774    3.91125    2.97279    1.41553
   1.95272   0.963602    11.1485     14.908    17.2953    34.2281   0.672302    1.36206    7.44067    4.38843    5.64041     6.7244    7.35287    6.67876    7.31913    10.4615    22.6187     10.704    7.37833    6.69431    7.37818    6.68982   0.492398   0.824106   0.720346   0.679932    2.68729    25.8176    17.8481    13.0776    13.4621    15.3531    9.03734
    2.9136    2.60774    3.85493     6.6614    12.9303    29.0674    17.8573    13.5933    5.95082    2.32816    2.23499    5.01156    5.94753    7.52628    8.85126    10.3328    13.1931    11.5131    10.6399    10.0227    9.55671    7.40512    16.9835    12.9068    8.40746    7.27205    8.82113    6.29468     5.2326    4.54396    5.48629    9.41017    14.6414
  0.887515   0.575126    4.84894     33.359    33.5748    14.4454   0.853631   0.363968    2.43751    4.26636     4.3877    1.05956    2.74735    6.05318     10.533    17.3672    25.5049    17.1618    10.4445    5.85261    2.53888   0.737077   0.266753   0.729276   0.725025   0.906772    1.79873    5.42047    15.6428    21.0624    26.5762    22.0241    4.84744
   28.6073    9.14951    2.56913     1.4374    3.76353     24.143    12.5561    3.01392    1.61507     3.5789    9.56617    2.78283    6.03844     9.2061    12.6326    15.6907    18.2073    13.5556    9.77092    6.88977    3.73642    1.48925    2.32762    6.96147    13.9032     16.991     22.698    16.3009    8.92241    4.86116    3.50096    2.67929   0.853901
   1.88483    1.66888   0.617511   0.355688     2.8029    45.9706    35.0494     8.7492    1.14944   0.849819   0.901757   0.858831    2.85157    6.68187     12.289    18.0368    23.5168    16.7909     10.792    5.55206    2.10872   0.521526   0.750838     2.9303    10.6253    21.0403    29.8017    22.0151    7.82517    2.13435   0.973809   0.898167    1.00494
    19.395     0.5857  0.0372565  0.0613276    2.98778    55.8303    2.55956  0.0315928  0.0404312   0.320041     18.151  0.0664292   0.105637   0.413497    1.98676    17.7091    59.6189    17.7701    1.78292   0.392942    0.10007  0.0536386 0.00800392  0.0404558     0.3833    2.36821    21.8806     51.146    21.7267    1.94971     0.2452  0.0956174   0.156215
  0.551207    1.35506     1.1984    22.4046    53.4185    13.0526   0.758608  0.0935681   0.299893    4.43022    2.43732  0.0176676  0.0366556   0.131818   0.939532    11.7034    75.2079    10.8588   0.969266   0.104804  0.0175319  0.0125582 0.00223443   0.114499   0.742836    1.39311    1.25258    4.78255    27.2007    39.4641    20.7788    4.25975 0.00886599
   18.1428   0.281977   0.095596   0.203962   0.694323    60.0229   0.291279  0.0829636   0.384928   0.454735    19.3445  0.0965976   0.135871   0.207362   0.567936    3.56619    91.1693    3.26247    0.55904   0.213704   0.136453  0.0850864 0.00146809  0.0647081   0.273754   0.438851    3.80786    89.1764    3.90175   0.863617   0.510707   0.492316   0.468533
   1.66785    1.03751    18.9731    25.2109      19.28    19.6547    1.76042   0.797008    3.40519    2.44838    5.76505    2.98578     5.9118    8.13306    10.1591    13.9676     20.563    13.3179    9.40513    7.57785    5.31314    2.66568   0.790624    1.60978    1.03072    1.23549    4.43294    10.3168    14.1731    13.0862    16.2866    23.0616    13.9761
   1.70384    1.28749   0.966188    3.48112    14.8677    40.9585    25.9357    7.03279    1.11177    1.04918     1.6057     3.9605    6.15263    8.66651    10.2844     12.767    15.7181    12.7516    10.2723    8.48404    6.52609    4.41686    1.85539    7.92531    13.9226    16.2292    14.2565    9.81368    11.7649    10.4336    8.45631    3.97279    1.36964
  0.384138   0.238093    5.42317    9.79997    16.9697    62.0678   0.837364   0.358332    2.16917    0.87098   0.881276    2.17448    3.22109    3.90639     5.2883    11.9856    46.9264    12.1406     5.3666    3.88849    3.12256    1.97941   0.289721   0.713677   0.465377   0.564751    4.57932    45.0179    17.7819    9.54416    9.24125    8.12831    3.67357
   9.90184     13.549    9.43679    5.42655     8.5825    15.0704    8.20724    4.62871    7.17408    9.61663    8.40628     2.0674    3.90959    6.54621    9.73186    14.5466    23.3317    15.2971    10.4905    7.51781    4.49108    2.07026    2.98585    10.3324    12.8225    12.4896    10.8876    7.38903     11.151    11.2328    9.76339    8.35131    2.59457
   5.43332    1.99535    1.87081    4.26126     11.523    18.4735    2.60301    1.18879    6.21801    17.7405    28.6924     2.0162    3.07967     5.3991    9.39598    16.7994     26.746    16.9219    9.41079    5.47134    3.00273    1.75685   0.773471    1.80376    2.33279    2.95463    5.66345    13.6624    20.1553    20.9345     17.983    10.2801    3.45657
    5.0594    3.50636     4.6182    8.07437    18.7918    31.5062    8.33756    3.74972    4.01839    4.92362    7.41447     11.255    8.69235    7.58961    8.37864    10.2467    13.2681    10.2345    7.96513    6.90772    7.05596    8.40631    2.25437    3.94902     5.1369    6.57398    10.1884     12.486    16.9843    15.2473    12.0841    9.06109    6.03465
   1.20998  0.0269633  0.0290341    0.11216    1.04215    95.4876    0.51266  0.0147014  0.0488853  0.0922512     1.4236  0.0163932  0.0371095  0.0810082   0.395579    4.66632    89.4769    4.76699    0.41919     0.0876  0.0373259  0.0155772 0.00399421  0.0113621  0.0735508   0.314709    4.52713    89.0751    4.88214    0.65276   0.258416   0.138244   0.062584
    4.9955    1.10471    1.61394     5.9551    16.7619    35.4469     1.3273   0.562354    2.73777    9.05175    20.4428    2.51065     5.4904    7.65322     10.095    14.5004    22.3031    13.9622    9.47164    6.89519     4.7867    2.33152   0.216648   0.610612    1.02664    1.82672    5.40151    27.0187    27.8189    17.0705     11.052    6.09439    1.86338
   4.03022   0.324617  0.0826834   0.145831    1.27538    70.5331    21.1782   0.607422  0.0854486   0.302137    1.43498  0.0689663    0.25828   0.966592    5.68955    22.5834      42.35     21.928    5.09661     0.8163   0.190618  0.0517111  0.0501622   0.231796    1.26953    7.87069    45.7524    36.0396    6.68179    1.37348   0.376138   0.214577    0.13979
    7.7995    4.71945    1.27189   0.310889    1.43816    26.6792    42.8004    10.1494    1.37722    1.62875    1.82511   0.292974    1.43066    4.63536    9.71271    18.4753    33.1297    17.3866    8.68349    4.39556    1.45513   0.402455   0.691777     5.1906    14.3572    28.7265    31.1876    11.7191    3.29903    2.23926    1.31695   0.789854   0.482163
   7.64997   0.744442    6.47744    5.42655    7.09773    35.4656   0.534456    1.20741    9.82318    6.69301    18.8802    3.90728    4.60517    4.55874    5.26315    10.5067    42.4684    10.4726    5.16183    4.44824     4.6138    3.99406   0.907615    2.08159    1.00171   0.882164    3.28634     41.317    15.9248    8.78431     8.9245    10.9298    5.96029