 0.000645715   -0.0326043    -0.136468    -0.097381    -0.320228     0.140418    -0.157317   -0.0105982    -0.365157    -0.634657      0.23555  -0.00053287    -0.139463     -0.10454   -0.0848308    -0.217651   0.00710845   -0.0655365     0.171566    0.0561934
 -0.00270578  -0.00571134  -0.00960325   -0.0052571   -0.0123137   -0.0182345   -0.0143251  0.000702469   0.00199176   -0.0509199    0.0820774  -0.00678175     0.103336     0.105924   -0.0501815     0.360872   -0.0571644    0.0881692    -0.291105    0.0500188
 -0.00135921 -0.000438066  -0.00295966  -0.00499345   0.00282038  -0.00802634   -0.0130543 -0.000550777    0.0185449   -0.0194397   -0.0261944 -0.000754117    0.0273443   0.00518038   0.00112184    0.0453083    0.0192762    0.0851153   -0.0773164     0.246545
  -0.0353517    0.0196912   -0.0582125    -0.115226     0.136081     -0.01831    -0.181914  -0.00517008     0.344202    -0.211388    -0.471908  -0.00320809    -0.189623    0.0882616   -0.0442091    -0.243735    0.0765199     0.211922    -0.413866    -0.203803
   -0.283821     0.389335   -0.0561293    -0.115578     0.378711     0.351603      0.31718   0.00930065    -0.307808     0.173867    -0.139921  -0.00330856     0.204042    0.0994277    -0.177471    -0.127748   0.00141234    -0.063941     0.147875    0.0341506
    0.379343   -0.0422141      0.60449     0.342802     0.325677   -0.0407254    -0.218544  0.000485374    0.0146955    0.0623431     0.170409  -0.00171211   -0.0197018   -0.0172384    -0.116889    -0.179899   0.00617812   -0.0563923     0.143809    0.0474776
  -0.0453423     -0.30056    -0.149369     0.152498    0.0025145    -0.338689     0.562116 -5.29261e-05    0.0474022     0.124375    -0.101859     0.020327    -0.360581    -0.332288    0.0622482    -0.076179   0.00104096   -0.0551691     0.161962    0.0862427
 -0.00429377   -0.0201342   -0.0164849   0.00121183  -0.00361464   -0.0872724    0.0614016   0.00548937    0.0273359   -0.0300605    0.0647987   -0.0107833     0.245195     0.136781     0.512592     -0.18047      0.01834  -0.00446011    0.0061547    -0.276689
-0.000666704 -0.000941649   -0.0019301  -0.00190318 -0.000735735  -0.00610144   -0.0050707  5.96596e-05   0.00495812  -0.00934556   0.00822167   0.00265729    0.0301001   0.00023934    0.0199078    0.0914787    0.0299688    0.0229037    0.0213971    0.0147741
 -0.00415578   -0.0045942   -0.0129646   -0.0123812   -0.0158258   -0.0195345   -0.0414266  -0.00123391    0.0315103   -0.0126678    0.0973905    0.0102484    0.0382242   -0.0223154    0.0228194      0.73211    -0.110261    -0.107206   -0.0123758    -0.101824
 -0.00229061  -0.00182538    -0.160361    -0.143781    -0.493081    0.0449056    -0.309026   0.00156876     0.182299     0.607942    0.0814468  -0.00614953     0.060854    0.0406142    -0.145341    -0.204578   0.00728995   -0.0560307     0.141944    0.0461228
 -0.00147656  -0.00290373  -0.00257739  -0.00288587  -0.00108172   -0.0212936   -0.0139334  -0.00148027  -0.00549761  -0.00533981    0.0135449    0.0277202     0.122676    -0.132442   -0.0300068     0.114693     0.543285     0.385495     0.236333    -0.227782
  -0.0050072  -0.00681083  -0.00661778   -0.0129261    0.0096411    -0.051889   -0.0340805  -0.00763273  -0.00446574   -0.0160531   -0.0292436    0.0716981      0.18303    -0.205623   -0.0412001   0.00849929     0.323751   -0.0278621   -0.0268952    0.0623267
  -0.0217612   -0.0194349   -0.0178929   -0.0592306    0.0540598    -0.146499    -0.108834   -0.0427704   -0.0536897   -0.0159662    -0.105694      0.28407      0.21979    -0.258303   -0.0472945   -0.0637092     0.119317    -0.654802    -0.293333    0.0277788
  -0.0684094   -0.0570007  -0.00260061    -0.127599     0.110078    -0.196559    -0.123587    -0.193198    -0.262931     0.115266    0.0303583      0.60342    -0.312091     0.389624    0.0771248   0.00195086    -0.197533     0.146463    0.0694929    0.0165385
   -0.159709    -0.102938     0.273425   0.00454188    -0.174538      0.33651     0.229516    -0.672922     0.255354   -0.0586739    0.0725791    -0.189029   -0.0843588     0.111354    0.0235825   -0.0105006   -0.0312157    -0.110804   -0.0467726    0.0178822
    0.509325     0.370963    -0.488812       0.4006   0.00679567     0.161079      0.10297   0.00314103     0.140837   -0.0257655    0.0591399  -0.00366267    -0.126128     0.141425    0.0308402  -0.00861311   -0.0558576   -0.0806913   -0.0340076    0.0192261
   -0.158284   -0.0981152     0.272322  -0.00248476     -0.17879     0.322628     0.208852     0.687727     0.245089   -0.0690672     0.069737     0.185626   -0.0987509     0.118149    0.0243529   -0.0158005    -0.093126   -0.0607564    -0.030022    0.0157405
  -0.0676898    -0.055521  -0.00194101    -0.128326     0.109727    -0.199665    -0.119467     0.182092     -0.26084     0.112214    0.0237584    -0.628695    -0.318456     0.321406     0.069702    0.0358855     0.212132    -0.201061   -0.0664668    0.0538629
  -0.0214199   -0.0200487   -0.0171196   -0.0579725    0.0537072     -0.14501    -0.103733    0.0364557   -0.0523608   -0.0150045    -0.111416    -0.279671     0.193519    -0.246729    -0.050145    -0.082673     -0.64519    0.0843612     0.032289   -0.0992694
 -0.00462623  -0.00651267   -0.0062338   -0.0118836    0.0101994   -0.0467845   -0.0297521   0.00731797 -0.000721162   -0.0166119   -0.0322114   -0.0642603      0.15529    -0.169518   -0.0370697   -0.0198608    -0.204812     0.286674     0.074185     0.102597
-0.000939897  -0.00167424   -0.0019437  -0.00182334  0.000207091   -0.0124835    -0.007931   0.00126918 -0.000799939   -0.0049472   0.00945845  -0.00721417    0.0652064   -0.0692971    -0.020119    0.0396377    0.0289587     0.232357    0.0852423    0.0103088
-7.70783e-05  -0.00023398  -0.00026203  -0.00010375 -7.00957e-05  -0.00144817  0.000298171   8.7283e-05  0.000850719  -0.00117126   0.00165021 -0.000496135   0.00645901   0.00112967    0.0091835   0.00494369   0.00832534   0.00710378   0.00305246   0.00786441
 -0.00131726  -0.00474627  -0.00418777  -0.00149005 -0.000536274   -0.0257934   0.00956882   0.00271761     0.011044   -0.0161094    0.0216523  -0.00680971     0.103728    0.0325681     0.211873   -0.0201047    0.0217707    0.0131217    0.0419305    0.0871334
  -0.0068305    -0.027205    -0.023161 -0.000498881  -0.00441133    -0.123873    0.0707895   0.00525366    0.0457677    -0.054234     0.126895   -0.0135142     0.309646     0.187077     0.444595    -0.124881   -0.0220802   -0.0448221    0.0286005    0.0340025
  -0.0248704    -0.119358   -0.0776247     0.034475   -0.0129044    -0.307569     0.254723   0.00613361    0.0753747   -0.0843418     0.305376   -0.0107412      0.19743     0.292428    -0.606941    -0.115445  -0.00258507    0.0236634    -0.143385    -0.217335
  -0.0547593    -0.539971     -0.17659     0.396963    0.0470453     0.412924    -0.163747   0.00440437     -0.30739     0.147289    -0.205016  0.000923617    0.0165743    -0.016374   -0.0204385    0.0315179   -0.0114857    0.0214732    -0.107677    -0.164731
    0.574638     0.051632     0.226602    -0.466317    -0.192576     0.106889     0.248954  -0.00256133    -0.242164    0.0994733    -0.215326   0.00761026   -0.0848307   -0.0966081  -0.00364466     0.054469   -0.0119537    0.0236517    -0.102611    -0.155381
   -0.317102     0.518209     0.252441     0.400066    -0.339197    -0.193434   -0.0556993  -0.00754973    -0.159002    0.0339057    -0.134554   0.00730114    -0.190539    -0.130222    0.0234823    0.0358436  -0.00931074    0.0240769   -0.0967553    -0.151894
   -0.127064     0.106374    -0.124536    -0.227721     0.345452     0.170598    -0.137474  -0.00336023     0.166427     0.118607     0.524865    0.0127236    -0.318116    -0.386097     0.086928   -0.0503197    -0.017879    0.0496949    -0.163198    -0.100286
  -0.0369885    0.0154218   -0.0618795    -0.115174     0.137916   -0.0164869    -0.179243  -0.00308469     0.327762      -0.1808    -0.292078   0.00617285   -0.0906102    0.0904499    -0.107593     0.148262   -0.0360578    -0.280101     0.602668    -0.133751
 -0.00544918  4.88123e-05   -0.0103667   -0.0196639    0.0188147   -0.0203132   -0.0465742  -0.00174446    0.0789414   -0.0598687    -0.130467  -0.00384349    0.0419833    0.0276704   -0.0365453    0.0258914    0.0580724     0.136125   -0.0675386     0.741409
-0.000177628 -0.000166768 -0.000427299 -0.000525436  0.000472972  -0.00145905  -0.00157536 -0.000295713   0.00236278  -0.00270006  -0.00298841  0.000675674   0.00800093  -0.00197482  -0.00113326   0.00933195     0.022893    0.0253865    0.0049595    0.0521783