      109.1     25.7672      28.805      28.728    -17.9284    -11.6933    -11.5526     7.27849    0.172829      -2.951
    69.3567    -42.1658     18.3405     74.3993    -23.4712    -16.2562    -12.4226     2.04753     1.40447    -18.7956
    10.3361     48.0895     6.48958     35.4421    -16.2488    -5.92873    -9.64127     11.8504     1.37716     -7.4861
     88.248      45.009     24.0417       27.49    -12.1735    -2.61409    -5.93263     10.6694     1.26942    -5.38955
    152.022      37.273     3.04498     25.3374    -21.5359     1.89678    -6.35367     6.05077    0.613815    -7.25535
    21.2409     26.6498     4.54592     4.80173    -9.39026     -10.966   -0.703023     3.44571    0.583731    -6.40765
    12.1848     41.6447    -37.2289      56.924    -25.4694    -18.5811   -0.716468     19.7127     1.57464    -8.54857
    29.6754     7.04075    -16.6564     52.8224     9.01468    -5.66969    -4.06984     2.70454 -0.00337578     0.67402
    132.716     26.8716    -19.2165     23.5557     2.12132     3.43944    -18.2788      9.3201     1.21734    -10.2781
    2.16577     22.0896    -5.70139     6.69507    -13.4371    -17.2459     1.30693     10.6288   -0.107771    -7.06773
    39.6084    -10.7497     42.1998     23.4649    -15.1611     4.32554    -9.04415     9.72303     1.20991    -11.6142
    50.3085     5.63844     31.6586     17.7993    -12.6221     1.70089    -2.96233     8.09717    0.613489     -3.2079
    5.01708     49.1776     13.1236     40.6822    -17.5002     3.57864    -17.8084     5.14733      1.0591    -2.13187
    31.2294     25.8204      40.918     26.0584    -17.0922    -7.36231    -13.1507    -1.53062   -0.522047    -8.11512
    100.411     15.9833     5.45488     34.3767     4.12256    -11.9447    -17.9933     7.25326    0.375844     -6.1449
    54.0271    -41.7279     21.1269     62.1418    -17.7142    -6.20817    -12.0337     11.8093     2.00492    -15.6211
    66.6485     24.8701    -7.96894     12.7679     6.39967    -5.19612    -10.4013     6.65386     1.02639    -8.68907
    40.2201    -23.4423     17.2715     42.8542    0.523623    -4.15642    -17.5443     13.6068     1.57886    -6.18897
   -5.45637     49.0941    -6.81427     41.8333    -21.9258    -2.10905    -17.1186     11.7962   -0.120645   -0.797711
    35.7748     49.2731     20.1953     36.7984    -10.6172    -2.44957    -10.3369     11.0102    0.802277     -3.7874
    22.7939     56.1376     24.2073     31.9527    -10.8482     4.87047    -16.0084      8.8152     1.03984    -5.26121
   -6.18777     39.1951    -11.6251     27.6888    -23.6661    -12.9384    -10.1618     17.5026     1.48704    -5.76058
     13.109     58.9349     18.6524     50.8827    -4.92144     3.17426    -9.84493     8.75473     1.02854    -3.14878
    45.9634     26.3631     15.9728     44.3181     20.8111    -13.2143    -6.15076     7.02399     1.46832    -9.38867
    25.2043    -8.74339     17.5331     17.5892     5.16347   -0.207858    -16.1311     6.67343    0.280346    -2.36862
     6.6527     33.1201    0.270861     14.9535    -18.6751    -13.3398    -3.86317     12.5519     1.04869    -10.0347
     24.381    -35.0378     20.5796     34.4119      -10.59     16.4767   -0.695875     18.5684     1.92156    -6.66704
    105.228     37.3621     10.5171     25.1507     -17.917    -2.83509    -6.01086     8.21864    0.197713    -6.05379
    95.5156     45.5716      35.322     38.5694    -1.63109    -10.4358      7.9054     9.29806    0.876853    -8.72673
     139.86     32.9296    -4.38869     25.0448    -11.2249     1.59354    -10.5689     7.19953    0.850426    -8.37727
    64.8472    -17.8466     40.3374     40.6491    -18.1576    -13.5862     -18.995     14.7374    0.531174    -7.03445
    52.6478     49.8349     42.5078     12.7809    -7.95277      2.5457    -11.5604     5.92101      1.7799    -11.2948
    65.9346     49.6503     32.8823     27.8708    -7.80001    -2.06356    -7.77024     12.7554     1.32251     -4.5976
    46.0005     36.0297     47.2711     23.6315    -10.4193      -5.501    -10.2144     2.79916    0.639346    -9.33372
    25.9342     10.8989     37.2376     24.5515    -14.4959     4.75425    -3.63971     2.87366     2.14664    -8.76038
    42.9245    -27.8699     35.3227     34.2858    -15.7225     6.18656    -11.5039     20.0692     1.61792    -10.9829
    73.8918     2.02998     49.3915     26.7824    -17.6211    -15.1796     -19.756     12.5665    0.773054    -4.14358
     129.83     30.3831     17.8342     26.4031    -19.9439    -5.72429      -9.846      7.7529    0.961893    -4.39116
    3.22038     60.6003    -6.37965     65.1646      -14.57     7.79201    -19.9398      5.0486   -0.166335     6.39067
    82.0432     30.3166     18.5016     31.9562     15.8179    -12.3325    -8.50609     11.9882     1.65451     -9.7639
    43.8368     19.8047    -4.50998      8.9328     3.55479    -9.54136    -2.16705     4.35895  -0.0213537    -3.01876
     11.733       53.16     23.1634     33.8905    -9.91665    -1.20357    -7.88868     5.94005    0.563378    -10.5715
    71.9768   -0.766701     13.0193     36.5993     9.80773    -19.3752    -28.8857     10.1299     1.23683    -2.04005
    41.6567     40.8422      24.115     24.2385    -10.3734    -8.72636    -2.37138     9.05368    0.187226    -6.62559
    29.5334     45.4821     16.5474     17.4566     -17.683    -4.37477    -12.3331     12.0661     1.44996    -11.7629
    30.1892    -18.8911      31.158     20.6042    -12.3055     12.1104    -3.64616     14.1002    0.445197    -6.01067
    93.7628     27.1915    -6.57165      16.252   -0.144964    -2.77436    -9.01655     5.79124    0.947538    -7.19954
    68.3713    -21.3946     29.5684     52.5267    -11.7646    -26.3256    -24.2041      4.6389    -0.24764    -4.53998
    131.065     39.5513     11.3143     27.1126    -17.1479   -0.703151    -4.66473     7.64879    0.721363    -6.58957
    25.6204     63.9478     5.00031     72.9627      1.0007     4.18043    -2.41632     4.89833   -0.240673    -3.69691
    144.409     36.4653     8.82785     25.2855    -20.2978    -0.39114    -6.82859     7.20959    0.760073    -6.26178
    91.1075     23.0212     48.0434     17.4445    -16.3815    -13.2898    -17.3957     12.6711     1.52737    -1.10583
    87.4658     9.50973     40.5178     34.7851    -18.8802    -23.8695     -17.992     4.78213    -0.42151   0.0459376
    14.5047    -19.7726     14.4524     15.3462    -6.54355     14.5849     5.99038     12.6276    -0.20561     5.64551
    79.8644     43.7463     46.9959     3.10833    -11.4889    0.879188    -14.6207     10.9901     2.14037    -8.24927
    81.3836      35.124     7.39955      19.005    -18.0005    -6.11148     -3.5354     7.19731    0.392473    -6.18422
    69.5305     39.8027     53.4522     33.0222    -2.94957    -15.0298    0.865267     9.28334     1.51461    -6.26253
    32.3274     49.6976     25.3231     18.2892    -13.2449   0.0925027    -13.6823     10.0848     1.04558    -10.8451
    49.1524     33.0922     46.6435      41.496    -7.20032    -12.3419     -3.3166      4.3574     2.56949    -4.38539
    45.7648     30.4108     4.33522     14.1857    -17.0766    -11.5791    -1.22087     8.48931     1.26383     -5.6925
    32.4346     52.1788     41.7553     29.7716    -4.29187    -1.25611    -3.76531     2.90329  -0.0506958    -12.0048
    17.6521     53.3102    -37.3697     81.6575    -16.6302     1.73714    -7.80528 -0.00269854    -1.18388    -2.10177
    86.2188     49.9662     37.7026     30.2269   -0.956945    -5.82693    -1.11925     18.3153     1.06798    -5.06141
   -4.03543     29.3928    -13.2573     14.4568    -22.0636    -23.0053     -1.5309     22.6073     2.46969    -10.9975
    41.4861     55.8349     33.2705     30.9588    -6.46758     2.85491    -12.9444     12.1566  0.00246477    -4.12916
    18.3049      49.307     15.9929     23.8288    -16.2148    -1.51235    -12.9338     10.3788     1.63596    -9.57726
    26.2925     41.2637     35.1087      32.996    -12.6152    -2.63745    -11.0691     2.28713    0.492145    -7.22021
    124.673     37.4108     30.1717     11.4413    -16.7972    -2.87212    -14.0545     17.5422    0.127704    -1.38207
    32.3358     54.6751      31.104      21.035    -10.3617     5.14066    -15.0984      7.8081    0.829077    -9.69816
    54.5017    -57.0777    -4.85828     82.8062    -17.9257     11.7352     3.91252     11.9929     3.53612    -26.4882
     76.055     45.8067     48.2717     18.5646     -5.2642    -4.95066    -7.08913     14.8953    0.458127    -5.98197
    16.3189    -5.31536     24.9814     15.5504    -14.9813     12.0891     2.98407     5.29842    0.933146    -3.41032
    63.1101     22.2149     48.5377     27.7089    -13.1024    -13.2247    -10.6301     5.70263     2.01115    -4.96403
    118.287     29.4347    -1.05157       24.88    -4.52962     -1.6676    -11.4504     7.68851    0.574571    -7.75058
    30.0097     59.9759     26.9023      53.082     1.35199   -0.356546     -2.2749     10.5947   0.0216575     -5.1242
    88.1728     30.4312     41.1294     32.9789    -11.3439    -14.4085    -4.57808     7.79884    0.985284    -3.58139
    64.3791     24.9586     11.3121     18.8566     32.4816    -9.64559    -20.2392     16.9045    0.961471     -12.774
     35.011     31.1581     9.89251     14.1209      13.881    -5.85154     -12.734     5.29793     1.12417     -12.902
    19.0954     37.8757     12.5235     13.3555    -5.93395    -3.91445    -9.15146     2.03978  -0.0979299    -9.98044
    62.8749     40.5667     15.3622     22.2033    -16.1966    -6.16199    -5.99805     10.5797     1.01375    -7.08381
    20.5565     33.6965      22.179     23.6664     -21.186    -10.2124    -10.7917     5.45479    0.568628    -8.75959
    14.0119     32.4402     26.7902     31.6571    -18.2727     1.40102    -12.2022     1.61882    0.154856    -6.43459
    117.314     8.45571     21.7176     45.8834    -23.0023    -23.7734    -13.8423    -5.09789    -1.07786    -3.83982
    15.1356     19.3036     6.62864     16.4279     12.1468    -8.08475    -11.7615   0.0235382    0.875463    -7.25564
    97.2998     23.9346    -13.6037     19.8501     16.8705     -1.3796    -18.3029     10.7029     1.27421    -12.1559
    51.8339     56.7084     36.8417     35.2218    0.660161   -0.412184    -6.62758     16.6347    0.880165    -4.11279
-0.00370189     37.9118     5.17935     25.3146    -21.5728    -4.66523      -11.24      7.2389     1.40318    -7.03764
    15.9256     41.6035     8.44612     18.6184    -17.9671    -8.46691    -8.01827     12.6462     1.97512    -10.0302
    104.646     36.9851     41.7274     7.72298    -12.5971    -4.60717    -16.0823     19.2153    0.883098    -1.49024
    108.115     40.9861     33.0254     27.3205    -9.27398    -7.57086    -1.92642     12.0531     1.33259    -5.33759
    5.69016    -1.44726        4.45     6.12262    0.616973  -0.0417887  -0.0491321     -0.5328   -0.494405     3.46791
    10.0981     14.8588    -5.36943      6.5774     3.05343    -13.7075     1.63489     4.03501    -1.35122     1.57716
    118.002     42.9352     20.8752     34.3855    -9.72882    -5.20429     2.33448     7.71242    0.682645    -8.10263
    125.751     22.5245    -31.6353     21.9647     14.5282     4.95175    -24.1002     11.0003     1.75192    -12.4256
    41.9984     9.51615     23.7589     22.6116     9.09642     -9.9721    -20.7152     6.59282      1.8338    -5.88745
    69.2002     52.6104      39.256     39.0462     2.72261    -6.52086     3.09303     14.8869    0.443761    -7.68274
    46.3321     9.44824     48.2013     31.7935    -13.8178    -8.26467    -10.6157     6.29185    -1.35722    -9.03352
     10.716     17.9348     19.7041     17.6828    -19.9665     0.47497     -3.9485     1.02034  -0.0271501    -6.07362
     57.523      56.068     37.8863     51.6578     7.97723    -8.72771     11.6674     8.81656    0.457546    -11.0879
    74.9866     5.45814     7.24346     24.3501    -5.58058     4.50716     -8.6985     11.1092     1.03776    -1.05233