    54.8006     40.5907     58.3868     33.2925      1.9065     26.3997     15.6033    0.168725    -7.27299     12.2365
    20.4989     2.64232     23.2971     25.6425     3.66386      14.507     6.28591   0.0445619    -10.3596      11.327
    63.6459     66.1369     32.2404     63.6438     3.07939     16.3789      7.2689    0.083333    -8.39868     11.9577
    121.726     36.4384       11.47     14.9839    -11.7446      27.702     11.2978   0.0439216    -10.4119     12.9538
   -3.42487     54.0519     15.2252     20.7785     22.1431     32.3034     13.1555    0.277584    -2.48096     12.0973
     22.543     82.9898     12.0204     57.4096     8.77566     26.8444     17.8541    0.122564    -13.2022     14.7384
    108.813     15.6417     43.9572     34.4542     11.0359     30.0922     10.1579    0.251202    -7.01575     13.1757
    40.2742     30.6142     52.0556     25.0945     11.0348     23.8749     10.3782     0.04926    -12.3009     15.0681
    31.9341    -30.1121     9.33375     43.1414     6.61702     10.3347     28.3553    0.220087    -4.29068     12.2968
    77.5616     40.1783     48.6254     37.2845     6.10937     23.8416      11.677    0.152773    -6.42517     12.2428
    99.6605     3.82932     19.3002     58.3642     16.7322     35.2858     2.97568    0.622414    -9.91208     14.5475
    108.404      39.784     44.9229     37.3726     7.94139     21.5331     10.2907 -0.00429256    -6.15353     12.1628
    129.224      32.436     39.2849     31.4744     11.8156     24.6884     11.4238     0.17033    -7.56276     13.1414
    19.9718     34.9972     36.1514     14.7923      17.041      21.311     6.07955   -0.047059    -7.90591     12.7826
    28.9542     53.2855     39.4863     38.9381     8.07641     26.9602      14.355    0.267329    -8.60691     13.6208
    143.821     37.5927     34.2357     27.9049     13.0466      22.972     13.0361    0.105763    -8.57361     13.4996
    74.1442    -1.73481     48.0593      38.713     9.65341     31.2952     9.37372    0.273609    -7.51429     13.7591
    53.3552    -17.4647     32.5935     39.8882     8.31163     23.3246     16.0994  -0.0384561    -8.98419     14.0465
    88.7156     25.6713     61.2395     30.6227     4.89669     25.4799     11.2579    0.319221    -5.29157     11.8708
    66.1325     28.4828     22.3161     21.5065    -16.0491     27.9071     5.52925    0.245185    -5.45312     15.9962