    52.2709     53.1337     41.2817     35.2225    -1.47257  -0.0139577     11.8003     14.9641   -0.439961      -1.817    -10.4461     3.61295    -3.85242    0.899162     1.21107    0.436594     6.99163    -2.73661     3.37199    -1.93074     4.72565    -2.04532    -4.87878      -1.575    -1.18087   -0.854527   -0.466021    -2.71103   -0.945294   -0.263925     43.3557     28.9005     3.50948
    32.0019     51.8082      35.162      24.326    -10.4122     -4.2249     18.0475     7.38017   -0.278991    -1.63831    -13.4147     5.97522    -4.19954    0.838011     4.73583   -0.445731     6.12208    -3.16351     2.70913    -1.92287     4.50374    -1.92803    -5.02983    -1.67897    -1.36341   -0.886148   -0.461364    -2.38004    -1.31295   -0.262284     43.3557     28.9005     3.50948
    30.5027     45.3374     24.5329     20.7769    -16.0192     2.43125     15.5011     10.0499   -0.731717    -1.73332    -14.3278     10.0224    -2.63588    0.450954      2.8528   -0.612733     5.02118    -3.55703     2.77837    -1.78558     4.54586    -3.28804    -4.46745     -1.5761    -1.83034    -1.03359   -0.384373     -2.2118     -1.4933   -0.178836     43.3557     28.9005     3.50948
    12.3947     13.1867     1.26948     9.31414     2.83898     9.29902      3.8106     2.85119    0.180597    -10.8824    -4.95983     2.78698    -5.46184    0.913444     4.15697     5.17696     3.71837    -3.08213     3.31805    -1.18045     4.05094    -1.07189    -4.12545   -0.995078    -2.36178   -0.847179   -0.221107    -2.11942    -1.17212   -0.280169     43.3557     28.9005     3.50948
    27.0251      -7.746     13.0697      21.628     6.36716    0.212148     17.6404     6.28604    0.285273     4.83328    0.031417     14.7025     -7.8753     2.39498     3.32283   -0.586117     5.45682   -0.722808     3.29764    -2.76069     5.17871    -1.82262    -2.56563    -1.38252    -1.62925   -0.824446    -1.40789    -2.47756    -1.04556   -0.187256     43.3557     28.9005     3.50948
     73.931      6.5072     10.6641      34.905     7.32181     11.6305     25.5723     9.28614   -0.565018     7.36564    -3.44528     10.8164    -4.82559     1.37437     2.37764   -0.233015     6.21134    -5.80306     3.04528    -1.60411     5.12534    -2.87863    -6.03984    -2.07804    -1.10402   -0.889112    -0.38614    -2.40986    -1.24052   -0.233146     43.3557     28.9005     3.50948
    20.9106     52.8102      26.134     38.0778    -10.2904    -1.99395     15.8605     8.90567   -0.966282    -3.53497    -10.5296     6.12721    -4.33186     1.03474     3.75542    -1.27048     6.33145    -3.43917     2.56889    -1.65911     4.57358     -1.7534    -5.53224    -1.77702    -1.40461   -0.795705   -0.652352     -2.6229   -0.856242   -0.297329     43.3557     28.9005     3.50948
    68.1236     48.3404     41.1636     47.5952     4.09496     8.20805    -3.39902     9.92924   -0.239312   -0.512567    -11.8333     10.0121    -4.12362     1.01063      2.8999    0.428033     6.74786    -3.85979      2.4417    -1.82606     4.71482    -2.66042    -5.35224    -1.67873    -1.11256   -0.887812   -0.699465    -2.21097    -1.09746   -0.224665     43.3557     28.9005     3.50948
    4.33643     53.0786     8.71858     45.6767    -16.9971    -2.97441     19.9114     8.96725   -0.536824    -7.25147    -7.41276     6.36145    -4.30237     1.12114      1.1854    -1.63982     6.57882    -4.11219     2.62682    -1.78991     4.77913    -2.95242    -5.48448    -1.61991    -1.72421     -0.9544   -0.803584    -2.33398   -0.981811   -0.280286     43.3557     28.9005     3.50948
    39.0124    -5.38248     38.1541     24.2297     -12.334    -6.50358     8.12985     7.84411   -0.506918    -3.55775    -13.0424      8.7938    -5.34768     1.37482     2.30309    -1.22996     7.20193     -3.4747     3.64071    -1.72322     4.88133    -2.96786    -4.82911    -1.69108    -1.58233   -0.925444  -0.0177405    -2.63697     -1.0292    -0.24478     43.3557     28.9005     3.50948
    16.2094      65.597    -23.8057     82.7435    -10.9991    -10.6456     15.9777     -1.0731    0.930819    -8.44762    -4.60183     1.58961    -5.89349     2.16674     1.80816    -5.54566     3.93359    -3.35465     6.63349    -2.23764     6.10699    -2.88381    -4.10321    -1.50191    -1.10381    -1.07869   0.0313526    -2.16903    -1.53873   -0.166911     43.3557     28.9005     3.50948
    84.6205     3.62074     44.5073      34.784    -17.8367     16.5964     22.4074     10.2823   -0.414006    -6.13513    -8.05657     4.27083    -1.63528    0.182856     1.45754    -1.44762     6.64483    -2.42262      3.9686     -1.9334     4.76282    -2.76869    -4.56523     -1.6941    -1.68078   -0.937054   0.0857181    -2.59271    -1.21739   -0.264697     43.3557     28.9005     3.50948
    59.7551    -51.9366    -6.82193     83.4013    -17.3996    -1.65176     7.85663     8.61582    -1.73754    0.668013    -29.5999     1.85161    -7.10273     2.00717    0.571942      3.2721     3.59017    -5.92765   -0.196751    -2.34387     5.59923   -0.973425     -4.4911   -0.690595    -1.21796   -0.964318    -2.37821     -1.8074     -1.5264   -0.165695     43.3557     28.9005     3.50948
    30.9063    -30.1881     23.6686     32.5669    -10.4643     -15.502     7.20888     18.0551    -0.87351    -3.65378    -12.7729     8.01669     -5.5531     1.10264      3.4705    -1.29966     6.45382    -2.35113     4.30795     -1.8763     4.22884    -3.89044     -6.0748    -2.38774    -1.16697   -0.995964   -0.375782    -1.94963    -1.03702    -0.29044     43.3557     28.9005     3.50948
    12.8333     14.8897      24.639     23.5185    -18.4514    -3.77936     6.79486     2.86321   -0.324422    -5.11866    -9.22525     10.6261    -4.98361        1.52    -1.79149    -1.23017     9.45768    -4.52027     2.35722    -1.56821     4.89626    -1.87895    -4.79122    -1.97497    -1.70327   -0.731232   -0.308541    -2.53357    -1.23085   -0.261498     43.3557     28.9005     3.50948
     110.03     32.0282     41.4311     15.9126    -13.9639     4.56572     18.3058     16.0116   -0.593051    -6.52869     -8.2771     5.37287    -3.91841     1.29372    0.336359    -1.12605     5.56685    -3.51058     3.44052    -1.83061     5.24047    -2.68894    -4.68953    -1.52948    -1.38664   -0.900532   -0.569327    -2.32162    -1.27032   -0.285004     43.3557     28.9005     3.50948
    57.6101     17.8415     49.7159     33.7256    -11.0417     10.3922     12.9565     6.41464   -0.477851    -4.96416    -10.1926     8.75036    -4.87919       1.599     4.54482    -1.84962      6.9857    -3.27796     2.80828    -1.44125     4.17573    -1.92058    -5.62319     -1.4948    -1.33337   -0.883932   -0.464846    -2.77079   -0.910706   -0.296395     43.3557     28.9005     3.50948
    126.031     29.6632    -17.8577     21.5287     6.15249    -2.72718      22.266     8.81763    -0.72406     2.11738    -13.0894     8.11966    -3.73251    0.956562      2.4848    -1.12222     8.25847    -4.75701     2.62744    -1.34849     4.77342    -2.30982    -5.64139    -1.79725    -1.47566   -0.885456   -0.538769    -2.53657    -1.03744   -0.274233     43.3557     28.9005     3.50948
    85.4956     29.4469     9.30172     25.2114     20.0036     8.00903     17.1548     11.6702   -0.687332    -8.98018    -18.4125     8.12927    -1.01441    -0.02825     1.05218    -4.70716     10.3816    -2.36174     3.12407    -1.55859      4.2081    -3.22428    -4.60235    -1.14092    -2.29753   -0.995339   -0.661529    -2.36986    -1.16485   -0.223806     43.3557     28.9005     3.50948
     109.01     42.4475     30.6965     34.8321    -7.68066      4.9492     3.16825      10.361   -0.781914    -3.46174    -10.5847     9.35315    -4.70121    0.970913     2.33107   -0.579368      5.7856    -4.24093     2.66229    -2.00432     4.99363    -2.69563    -5.33687    -1.74026    -1.27458   -0.969393   -0.937237    -2.09106    -1.22652   -0.230554     43.3557     28.9005     3.50948
    62.7416     43.3416     32.3004     31.1378    -9.65473     3.39966     10.8348     10.5815    -1.04142    -4.24777    -9.64566     7.26666    -4.54663    0.871743     2.02331    -0.94358     6.34118    -4.14417     2.75032    -1.83935     4.97372     -2.5323    -5.24263    -1.81177    -1.25004   -0.948829    -0.95519    -2.28245    -1.05207    -0.26491     43.3557     28.9005     3.50948
     18.722     25.6444     2.23239      8.7569    -12.6731     14.3463     1.64397     8.26438   0.0506358    0.908955    -9.58993    -4.29323    -8.90956      3.2323     2.57121    -5.06633     7.19175    -1.97285    -1.10273    -4.76511     5.17786    -5.56543    -6.96222    -1.78548   -0.336653   -0.991148   0.0445938    -2.57254    -1.11043   -0.194004     43.3557     28.9005     3.50948
    24.0015     33.8195     15.5631      12.218    -11.2769     7.78639     6.31802     3.80461   -0.329884    -1.86148    -12.5225       4.044      -4.683     1.15784   -0.556504   -0.149593     4.62473    -3.44765     3.92847    -1.40912     4.41713    -1.94714     -5.6714    -2.45954    -1.23407    -0.77807    -0.78663    -2.76863   -0.840246   -0.295254     43.3557     28.9005     3.50948
     87.795     36.8609     15.2177     23.8902    -16.1318      2.7558     8.52248     8.70553   -0.572157    -2.78368    -10.7152     5.92691     -5.0236     1.31492     2.44922    -1.07365     6.70956    -3.27654     2.72858    -2.29899     5.02406    -2.74389    -5.50812    -1.48987    -1.16859   -0.940197   -0.667612    -2.49646   -0.998793   -0.288697     43.3557     28.9005     3.50948
    89.1134     43.3466     43.0007     32.4824    -3.36426     6.46179     5.63562     15.0242   -0.791222    -3.70778    -9.82043      7.7284    -4.17308    0.878495    0.620568   -0.178347     5.84177    -4.10813     2.96013    -2.15095     5.15668    -2.93249    -4.99642    -1.67787    -1.31717    -1.02637   -0.800314    -2.08291    -1.31818   -0.213958     43.3557     28.9005     3.50948
    30.0923     62.3577      23.157     62.6384     2.82331    -1.48261     4.62877     9.32065   -0.307019    0.936326    -10.5541     3.14588     -3.2292    0.535904     1.29787    0.554253     8.16906    -1.81757     4.40297    -1.93747     4.34401    -2.65112    -4.56701    -1.41315    -1.37832    -1.03808    0.141388    -2.76763    -1.28839   -0.198086     43.3557     28.9005     3.50948
    31.0657     31.1904     40.3593     32.6208    -13.1106     3.68724     13.3327     1.48569 -0.00173675    -3.25891    -11.5013     8.79556    -4.72093     1.06809     3.78086     -1.4177     7.32662    -3.79846     3.08316    -1.67038     4.84624    -2.59512    -5.36067    -1.51026     -1.5426   -0.937383   -0.632367    -2.37131    -1.17902   -0.339997     43.3557     28.9005     3.50948
    29.0805     25.6252     10.1331     21.4141     15.7983     8.80422     14.7104     4.81053   -0.860905    -14.7855    -16.1289     10.7095    -4.01937    0.808009     2.84775    -1.93149     6.13623     -3.2579      3.0577    -2.16996     5.13545    -2.56054    -5.13549    -2.00588   -0.401234   -0.872978   -0.737153    -2.52846     -1.1176   -0.259778     43.3557     28.9005     3.50948
    113.195     21.8624     26.0637     34.9463    -17.3194     10.9974     15.0637     5.79261   -0.104058    -4.73175    -8.32504       7.436    -2.73333    0.512576     3.20266    -1.69098     7.36818    -2.28152     3.95032    -1.57037      4.2352    -2.88025    -4.96454    -1.51957    -1.50857    -0.91273   0.0502639    -2.71112    -1.21183   -0.276305     43.3557     28.9005     3.50948
    49.7051    -23.7342     34.3035     37.5283    -13.8122    -2.16288     17.4592     16.8804    -1.00122    -4.15931    -16.3925     5.29572    -8.20217     2.57545     1.41718   -0.186961     5.86771     -3.4727      2.6152    -1.15019     3.85532    -1.95907    -5.17299   -0.621134    -1.23808   -0.893094   -0.879677    -2.77326    -1.08285   -0.311541     43.3557     28.9005     3.50948
   -5.51558     43.5858    -3.80196     30.0143    -24.0806     7.00972     15.6391     14.5798   -0.765542    -6.16887    -9.58502     9.78262    -3.46931    0.542981     1.50107     2.60246     8.97851    -3.34984     2.58082    -1.52469     4.23161     -2.5639    -5.58492    -1.72026    -1.02142    -1.00481   -0.967862    -2.39055    -1.04714   -0.275376     43.3557     28.9005     3.50948
    72.3788     27.5911    -4.10222     13.4185     4.27361     5.39221     11.7756     6.44645   -0.472412    -6.93781     -13.282      3.7946    -4.56533    0.990224     2.27793    0.944439     6.27847    -3.79667     3.67852     -1.4321     4.31773     -2.2313     -5.8892     -1.4611    -2.79278   -0.836457    -0.42078    -2.47947   -0.962905   -0.263462     43.3557     28.9005     3.50948
   -0.22157     32.5217    -2.76481     15.0032     -20.693     16.4857     5.16816     16.2871   -0.913645   -0.509219    -14.0282     7.55987    -5.21032     1.42591     4.71116    -3.11337     7.37149    -3.83601     5.70077    -1.54536     5.89961   -0.742042      -4.704    -1.65808   -0.859793    -1.02426    -0.65588    -2.29478    -1.31993   -0.257377     43.3557     28.9005     3.50948
    67.9365     40.5642     50.6329     12.8673    -9.28842   -0.506945     15.2479     7.42112    -1.08655    -1.74078    -13.4158     6.20879    -4.27829     1.06821     3.02108   -0.178526     6.11057    -3.74756     2.98138     -1.9609     4.99272    -2.47886    -4.69854    -1.77764    -1.29787   -0.989285   -0.923617    -2.39502    -1.06635   -0.221431     43.3557     28.9005     3.50948
    20.2846    -16.4384     18.6925     18.3974    -8.69837    -16.4511    -1.67721     11.1608    -0.88012    -4.04863    -2.66518     5.81887     6.58671    -2.74956     5.75026    -2.48807     6.37947    -4.65192     3.84547   -0.963735     4.36996    -3.19772    -6.19269   -0.654685   -0.491638    -1.07764   -0.765848    -2.78241    -1.23776   -0.189183     43.3557     28.9005     3.50948
    148.549     38.7835     8.49184     26.5796    -19.2893    -2.19209     10.0286         6.9   -0.444762    -3.61414    -11.4869      7.5827    -4.56306     1.07744     3.45826   -0.722948     6.39833    -3.04256     3.09344    -1.73953     4.50052    -2.17755    -5.02921    -1.60239    -1.27939   -0.917329   -0.575789    -2.52028    -1.09119   -0.267781     43.3557     28.9005     3.50948
    72.3155    -30.3575     18.1851     66.0594    -19.3248     15.2657     17.8398      3.9958   -0.568837    -1.61058    -18.2223     2.08732   -0.488475    -0.42054     3.20369     1.01222     5.37911    -3.47212     1.65413    -2.93107      5.7623    -1.27251     -4.5269    -2.61533    -1.73121    -0.79188   -0.903887    -1.90301   -0.961161   -0.252155     43.3557     28.9005     3.50948
    10.2533     49.6424    -33.4645     55.7621    -27.2809     13.9769      7.1092     21.3786   -0.999548    -4.31902    -11.4751     17.8914  0.00423795   -0.788188    0.806173   -0.747177     3.45298    -2.62649      1.4484   -0.895015     2.32501    -3.43735    -4.73613    -2.00649    -2.15296   -0.645141    0.146021    -3.21494   -0.701327   -0.328997     43.3557     28.9005     3.50948
     12.278     42.4237     14.7875     24.8039    -18.4353     5.94965     11.8971      9.6218   -0.755455    -1.39523     -13.124     8.93782    -3.43486    0.878701     2.80132   -0.846513     6.34194    -3.64297     3.14455    -1.78659     4.76734    -2.87736    -5.02809    -1.32144    -1.62832   -0.976047   -0.688593      -2.435    -1.06981   -0.313378     43.3557     28.9005     3.50948
    129.528     36.8783     16.1262     27.9384     -16.197     1.14584     10.3649     8.40766   -0.485542    -4.32998    -10.6726     7.60305    -4.41101     1.06272     2.83461   -0.864932     6.48583    -3.26057     3.14938    -1.78861     4.66248     -2.4206    -5.03773    -1.62657     -1.3033   -0.942544   -0.603097    -2.43243    -1.13822   -0.257762     43.3557     28.9005     3.50948