   1.30901   0.620353   0.263923   0.770548     10.725    63.8069    19.0644    1.43212   0.347138    0.64084    1.01973   0.659609    1.80594    4.93248    11.3052    19.3618    26.9547    17.7554    10.0424    4.68938    1.85468   0.638426   0.360708    1.17137    3.54383    11.9361    26.8334    25.0469    20.2394     7.1828    2.14102   0.999267    0.54531
   3.01701      2.507    1.74687   0.634927    2.45707    23.6398    35.1315    22.7098    5.53162    1.47887    1.14558     1.3916    3.64197    7.40156    11.4915    16.0036    22.8453    15.1427    10.5509    6.98424    3.38265    1.16399    3.43847    13.3182    19.9253    21.6372    20.7699     9.5834    3.88189    2.28212    1.99024    1.97772    1.19551
   1.60774   0.832119    15.8713    25.1385    22.1956    20.7931    1.16854   0.635693    2.76414    2.47343    6.51991     2.1511    5.24465    7.60604    10.1063    14.6941    21.5927    14.2979    9.75682    7.47613    5.03534      2.039     0.4486   0.929038   0.656673   0.988402    3.58935    11.5036    17.1706    15.2151    17.1497    21.2945    11.0545
   12.0496    3.71431    1.68115    2.66306    9.85706    33.0093      5.722    1.38811    3.37097     8.7872    17.7572    3.54184    6.00151    7.95749    10.7597     14.806    20.0515    13.7349    9.05404    6.52694    4.65947    2.90659   0.965053    2.09423    3.85028    6.97389    15.1604    22.2374    20.9291    12.6445    8.48182    5.17823    1.48517
   3.94339      1.326    7.02221    6.61277    10.0777    19.6455    1.23769    2.73294    16.1804    13.9998    17.2216    2.68196    5.29002    7.27315    9.49048    14.9694    24.5301    14.1577    8.66456    6.27053    4.50764    2.16454    2.27278    4.15211     1.6012    1.33172    4.10292    14.9169    16.0065    12.6055    14.3538    18.4315     10.225
  0.484214   0.254377    4.07887    21.3556    35.2218    32.5779   0.843894   0.312216    1.89864    1.30605     1.6664   0.691185    2.80758    6.48916     10.857    16.7862    25.1024    16.6053    10.8163    6.49932    2.78334   0.562338   0.244865   0.600916   0.347089   0.687607    2.93779    16.6567    25.4372      21.47    18.5879    10.3694    2.66054
   1.07887    1.02118    1.84476    16.5001    31.1934    31.0674    10.9559    2.26519   0.860923    1.33775    1.87464    3.12992    5.76629    7.96605    10.3627    13.7666    17.4339    13.4901    10.6925    8.34378    5.79851     3.2496   0.641545    2.59396    5.16147     7.8661    8.78915    7.14166    15.9361    20.1866    20.1471     9.8192    1.71712
  0.462158    0.14986  0.0764948    1.45594    45.4049    49.9456    0.84545   0.194825    0.12815   0.243923    1.09262   0.207492     0.2417    0.74175    4.45598    20.5518    46.9371      20.96    4.61846   0.911345   0.277023  0.0973591   0.027374   0.205915   0.422602   0.834422    2.69605    20.0884    54.5379    18.8122    1.98875    0.24153    0.14483
   1.81458    1.48826     1.4126    5.07776     15.447     35.125    24.1157    9.80455    2.19517    1.52017    1.99916    5.28319    6.77182    8.53396    9.57042    11.5766    14.0651    11.8618    9.71295    8.43012    7.74329    6.45076      3.528    9.00196    13.6362    14.5633    12.8271    8.47239    11.0777    10.4144    8.78004    5.22725    2.47175
   11.8798    8.73101    6.11428    6.21692    9.77313    17.5527    8.86327    5.15174    5.54442    7.33818    12.8345    14.2231    10.4801    7.95985    7.04921    7.59332    9.11002    7.68935     7.0773    7.61895    9.36187    11.8369    5.85843    8.03565    10.8543    11.6881    11.6993    6.57312    11.5634    11.8413    9.93293     7.7205    4.23292
   3.51107   0.477278 0.00210141 0.00444284   0.271133    50.9767    42.2803   0.407496  0.0437056   0.434866    1.59089 0.00103273  0.0101781   0.169925    1.52676    12.1735    73.0728    11.5245    1.36883   0.120762  0.0157579  0.0159874  0.0111147   0.121316   0.869408    10.4656      63.77    21.2965    2.55141   0.846778  0.0519865 0.00677531 0.00914894
  0.124547   0.407235   0.675106    33.0272    48.8786    13.5141   0.364881  0.0136232   0.322211    1.81354   0.858949  0.0266962   0.146849   0.506732    2.37407    15.3199    64.2055    14.5661    2.31843   0.438169  0.0894466 0.00815081 0.00401628  0.0978152   0.422709   0.475619   0.943822    4.53637    23.1919    32.6192    32.0715    5.58343  0.0535423
   1.19566   0.169684    1.82293    4.10132     10.115    76.9231     1.0218   0.242837   0.674269   0.912327    2.82108   0.508539     1.3256    1.93532    3.14458    8.69354    69.0904    8.56412    3.18018    1.89774    1.22927   0.430726   0.119773   0.312696   0.410931   0.710295    3.70907    66.9503    12.2222    6.10108    4.61994    3.53753    1.30621
  0.717208  0.0421644  0.0372024   0.452058    18.2184    78.0608    0.80027  0.0475438  0.0336215  0.0858753    1.50479  0.0469297   0.152251   0.598342     3.3044     21.511     48.931    21.1656    3.41952   0.672944   0.159712  0.0382985   0.119213   0.103743   0.185163   0.641289    4.56429    46.6231    41.4634    5.10654   0.865197   0.207672   0.120369
   0.15066  0.0567086   0.167447    7.12039    38.6302     51.999   0.593447  0.0810876   0.082659   0.393636   0.724725  0.0927783   0.702627    5.06949    12.7329    19.4131    24.4045    19.2226    12.6401    4.96229   0.675283  0.0841923  0.0385741   0.116729   0.227557    0.44839    2.32824    31.7922    35.6779    20.9257    7.53762   0.739913   0.167213
  0.871216    1.11677  0.0370018    3.09771    65.7689    21.3362   0.928396  0.0405923  0.0192862    3.01191    3.77194  0.0518266  0.0584792   0.164762    1.15003    12.2934    73.2522    11.6998    1.09565   0.166959  0.0440009  0.0228859 0.00306794  0.0459845   0.225681    1.67117    1.72889    8.03405    41.8378    43.2785    3.07578  0.0778016  0.0212235
   1.10058  0.0172064  0.0351327   0.106521   0.930894    96.0607   0.418819  0.0129281  0.0338301  0.0628024     1.2206  0.0101379  0.0288778  0.0637278   0.312584     4.0096    91.1208    4.02295   0.323352   0.068351  0.0297969 0.00987024 0.00354143  0.0117987   0.052358   0.249236    3.79491    90.8307    4.11834   0.546778   0.224842   0.121288  0.0461708
   3.61354    1.95438   0.408768   0.119687     1.3257     42.278    41.1655    6.98585   0.517528   0.707192   0.923799   0.182116   0.873107     4.3054    10.9331     20.067    31.1549    18.7234    9.48449     3.4261   0.695113   0.155248   0.216331    1.69205    8.88827    24.4898    36.2756    21.2591    4.64798    1.41282   0.635248   0.326545   0.156251
   17.7923    0.19944   0.125707   0.217596   0.749843    59.5696   0.308184    0.10946    0.44676    0.60785    19.8733  0.0832814   0.168935   0.237088   0.582082    3.83418    90.3393    3.68142   0.590886   0.245038   0.159895   0.077943 0.00303637  0.0405071   0.209262   0.404329    3.67614    88.3031    4.67273    0.96725   0.602311     0.6366   0.484726
   1.06152  0.0173116  0.0228821   0.108611     4.6449    91.2604    1.45475  0.0514597   0.021491  0.0295952     1.3271  0.0139616  0.0625559   0.338606    1.89049    16.6699     62.126    16.6032    1.89076   0.326331  0.0637081  0.0144578 0.00799329  0.0345111   0.158979    0.89439     9.6369    65.4186     21.919    1.46005   0.312947  0.0900721  0.0665243
  0.197359   0.106449    0.35855    9.93679    47.7466    38.5168    1.67619   0.207747   0.201419   0.382064   0.670035   0.286938    1.17267    4.00949    10.2865    19.3258    30.0066    19.2528    10.3271    3.97104    1.14209   0.218921  0.0617778    0.28638   0.522216    1.26196    3.91855     15.551     36.095    28.3925    11.7903    1.86938   0.250881
   0.58621   0.277226   0.366691    5.94384    29.0238    47.9726    13.4043    1.23893   0.187267   0.291701   0.707471    1.44364    3.80336    7.53354     11.647    15.9587    20.2122    15.8729    11.2644    7.22646    3.80207    1.23581   0.456081    1.63203    4.14509    9.64903     15.257    12.7992    23.0417    19.5342    9.97005    2.78792   0.727606
   4.85804   0.870889     1.0871    4.24109    12.5088    29.4858    1.30949   0.626671    2.87804    9.81795    32.3161    1.11889    2.29229    4.25211    8.80728    17.9043    30.8146    18.1132    8.95279    4.34683    2.31973      1.078   0.297686   0.833355   0.974124     1.4741    4.64608      25.67    29.2178    19.0486    11.3902    5.08902    1.35899
  0.505464   0.148341    3.95411    9.66807    18.2036    62.8161     0.8758   0.314526    1.48131   0.803878    1.22877    1.57723    2.98759    4.01429    5.67339     12.681    46.6302    12.7866    5.58709    3.85695    2.85387    1.35183   0.180266   0.415899   0.318044   0.529264    4.50192    45.2642    19.9919    10.2331     8.7788     6.9834    2.80326
   19.9575    1.15953   0.199205    0.13203     2.7356     53.992     3.3557   0.281925   0.096356   0.550257    17.5399    0.11899   0.174426   0.556545    2.25484     17.054    59.9695    16.9395    2.12242   0.553245   0.160717  0.0957309  0.0343343   0.319495     1.0462    2.90799    21.0774    53.3084    18.4866    2.07992   0.409139   0.176596   0.153995
  0.330494  0.0944547   0.114236    1.94192    31.4272    63.7999    1.36133  0.0968833  0.0498177   0.131377   0.652365   0.103301   0.459294    2.13294    9.08702    21.8793    33.8574    21.5326    8.63241    1.89017   0.361488  0.0640119  0.0435287   0.152807   0.344535    1.00485    5.74295    35.1757    38.4154    15.3958    2.97238   0.580077   0.171957
   1.66685    1.13534   0.671155   0.581638    5.45354     47.085    29.3191    10.2022    1.56158   0.996435    1.32714    1.76748    4.88946    8.07782    11.0068    14.7548    20.1075    14.4024    10.7651    7.93896    4.60946    1.68031    1.41028    5.42526    12.1084    17.6381    23.5101    21.6954    10.6328    3.65538     1.9998    1.27036   0.654011
   1.87286   0.206572  0.0694884   0.121718    2.34121    79.1587    14.3003   0.570356   0.148413   0.214461   0.995901  0.0477047   0.231376   0.932379    5.09597    21.9652    43.9164    21.5399    5.02556   0.955216   0.227095  0.0632975  0.0650626   0.363109    1.16172    5.42994    38.1453    42.4673    9.57814    2.07145   0.437531   0.197643  0.0828205
  0.351593   0.105005   0.798916    15.4865    31.9546    48.2188   0.808856   0.143887   0.307294   0.630615    1.19396   0.358211    2.33248    6.77238    10.7458    16.9848     25.832    16.7949    10.8914    6.80291    2.20788   0.277258  0.0715616   0.187584   0.261473    0.56226    3.99296    30.0091    27.1168     19.021    14.4942    3.71408   0.568905
   1.05259    1.39694    8.04259     14.933    19.3609    42.0274    7.01199    1.29377    2.32227    1.07899    1.47949    4.58609    6.10732    7.18199    9.22976    13.5489    21.7393    13.2164    8.65335     6.6643    5.33345    3.73917    1.35988    1.76037    2.03536    3.85335    14.4842    17.2956    14.2226    11.3151    12.2206    14.1347    7.31828
     20.68    3.32956   0.337279    0.60776    7.63064    39.2929    8.64819   0.363383   0.389311    3.29583    15.4252   0.430597   0.740183    1.93955    6.51215    18.6906    39.5613    20.4678    7.86137    2.50898   0.809807   0.477706  0.0737114   0.447429      1.882    9.51131    27.1379    26.5587    22.5615    8.50681    1.86923   0.895078    0.55633
   8.17353   0.475945    3.75005    4.54546     5.9017     42.757   0.385678   0.742811    6.73259    6.17347    20.3617    2.17931    3.45478    3.69985     4.4852    9.03656    54.6219    9.01552     4.4043    3.59248    3.35322    2.15687    0.37085    0.92017    0.62126   0.478766    2.43372    54.0048    13.4372    7.65264    7.56779    8.55986    3.95302
   3.30708   0.671049    13.0488    14.0093    16.0153    34.1882   0.530914    1.08071     5.9775    3.11835    8.05285    5.30859    6.87621      6.321    6.95192    10.6723    27.0223    11.1501    7.13669    6.41883    6.90791    5.23423   0.520453   0.873404   0.486148   0.502802     2.6419    29.6775    17.6134    12.2553    12.7749    15.1611    7.49308
  0.356762   0.304926    1.03848    17.7621    52.1259    22.2885    1.66466   0.197726   0.927748    1.90577    1.42739   0.499658    1.68135    4.31783    9.41707    18.9399     31.019    18.5138    9.35828     4.1911     1.6228   0.439194  0.0637195   0.400172   0.787329    1.50195    2.50271    6.90709    24.4502    32.2378    23.4952    6.88935   0.764502
  0.901738   0.529698    3.75975    30.5123    36.2193    15.5153   0.686993   0.241313    2.08128    4.46264    5.08966   0.897843    2.73994     6.2781    11.1184     17.341    24.3326    17.1185    10.8673    6.04496    2.56445   0.696784   0.141498   0.464851   0.599487   0.844144    1.75182    5.88982    17.9142    23.4257    26.7087    18.7595    3.50025
   9.38443    11.8465    4.51203    4.38465    10.8857     16.616    9.94013      3.773    4.56461    12.6471    11.4459    1.58031    2.60963     5.0972    9.08369    15.5388    27.5067    16.7061    10.1264    6.54683    3.60029    1.60405    1.39164    6.13868      11.31    13.1042    12.0803    8.19122    14.8313     15.197    11.2881    5.06562    1.40205
  0.803335   0.169281   0.176719    3.73988    26.8756    63.4754    3.04545   0.212056  0.0948763   0.364768    1.04263   0.931097    3.46915    7.92028     12.257     16.264    19.8738    15.8645    11.6697    7.44054    3.45028   0.859654  0.0826372   0.290607   0.692329    1.91437    11.8975    31.2716    33.3593    14.3299    4.73164    1.08216   0.347958
   26.4239    9.26273     2.6376    1.22082    2.74152    26.5947    14.6118    4.43328    1.73679    2.72174    7.61516    1.65401    3.94412     7.6073      11.74    16.3184    24.8306    14.4801    9.52472    6.31871    2.70775   0.874304    1.63593    6.28083    12.6764     17.908    25.2726    20.3916     7.5127    3.52758    2.33349    1.81771   0.643202
      1.19   0.441828    3.76881    13.9676     27.873    37.3552   0.711738   0.815524    2.55536    5.01268     6.3083    3.36112      7.154    8.51977    9.78607    12.2107    18.4843    12.3927    9.84714    8.32512    6.90656    3.01245   0.119957     0.3349   0.441005   0.730677    2.53479    22.6961    27.0533    18.3515    14.0818    10.1794    3.47657
  0.580683   0.094337  0.0444935   0.544395     13.281    81.2578     3.0491   0.166027  0.0371461   0.120725   0.824349   0.212579      1.195      3.933    9.93273    19.3029    28.6122    20.1133    10.7237    4.42011    1.33713   0.217274    0.16525   0.161961   0.440759    1.80836     13.113    47.8151     28.518    6.06707     1.0996   0.269185   0.541644