  144.575   38.3705   10.0785   27.0986  -18.5758  -1.40249   10.0293   7.12908 -0.443008  -3.74929  -11.3195   7.62215  -4.51258    1.0691   3.35259 -0.763871   6.43205   -3.0817   3.10362  -1.74799   4.52721  -2.23163  -5.03847  -1.60679  -1.28624 -0.922001 -0.578703  -2.50248  -1.10098 -0.265749   43.3557   28.9005   3.50948
  124.531   29.4545  -16.3641   21.8705   5.53119  -2.15128   21.6615   8.65206 -0.672787   1.74041  -12.8909   8.07663  -3.77695  0.972644   2.57441  -1.04932   8.16686  -4.69175   2.69165  -1.33613   4.74108  -2.32667  -5.60455  -1.82619  -1.52405 -0.883034 -0.538729  -2.53305   -1.0379 -0.273315   43.3557   28.9005   3.50948
  85.5547   6.03897   42.5845   34.8879  -17.2713   15.6538   20.8653    9.4349 -0.505714  -5.87488  -8.13644    5.0719  -2.04631  0.251339   1.93019  -1.51575   6.76793  -2.49022    3.8796  -1.84098   4.64039  -2.75154  -4.71757  -1.64004  -1.61605 -0.924083 0.0473941  -2.63324  -1.20509 -0.266734   43.3557   28.9005   3.50948
  40.3868  -24.3136   30.7223   33.5419  -12.1372  -8.55342   12.4261   16.1568 -0.879401  -3.62591  -15.0169   7.25339  -7.71217   2.08745   2.35433 -0.663889   6.24752  -2.85677   3.47813  -1.41756   4.05788  -2.95565  -5.42979  -1.30381  -1.28191 -0.969806 -0.577855  -2.36142  -1.12641 -0.280719   43.3557   28.9005   3.50948
  67.9771  -38.0057   10.4616   71.8911  -19.1662   9.76543   14.5857   5.43662  -0.86619 -0.926994  -22.2633    1.7014  -2.27415  0.305819   2.48736   1.80391   4.78636  -4.23919  0.927899  -2.80921   5.81684  -1.06301  -4.52393  -2.11448   -1.6118 -0.818514  -1.42518  -1.82202  -1.09389 -0.234032   43.3557   28.9005   3.50948
  113.832   34.1421   24.1061   27.3341  -15.1402   4.15457   11.3794    9.7672 -0.333307  -4.56905  -9.72062   7.08281  -4.17848   1.16836   2.27239  -1.05797   6.44733   -3.2609   3.22743  -1.83794   4.83444  -2.67142  -5.04038  -1.58526  -1.30619 -0.920782 -0.534384  -2.42408  -1.17289 -0.275133   43.3557   28.9005   3.50948
  15.4544    65.234  -15.7332   77.6818  -9.72831   -8.5087   15.0518   2.11481  0.394268  -6.89088  -5.54811   2.03137  -4.96934   1.64829   1.20241  -4.12924   5.11638  -3.12318   5.84086  -2.12375   5.63052  -3.03135  -4.29034  -1.48034  -1.32245  -1.05479 0.0291558  -2.28109  -1.45354 -0.183559   43.3557   28.9005   3.50948
  48.6896   54.4705   36.6342   46.3939   1.61199   1.91851   5.76859   12.2535 -0.553379 -0.363674  -10.8922   4.97506  -3.62391  0.657826   1.57736  0.708928   7.47225  -2.62163   3.44243  -1.86812   4.56698  -2.41093  -4.82985  -1.52693  -1.19805 -0.891993 -0.283824  -2.62498  -1.09045 -0.240991   43.3557   28.9005   3.50948
  72.9745   41.2694   39.1032   21.6609  -10.0875   2.29802   12.2578   11.0182  -0.95817  -3.25662  -10.9517   6.21266   -4.5283  0.944374   2.03307 -0.486927   6.12703  -3.75525   2.84213  -2.03969   4.99533  -2.43762  -5.10721  -1.72045  -1.28659 -0.947932 -0.843178  -2.35711   -1.0457 -0.262015   43.3557   28.9005   3.50948
   15.034   51.6244   20.8436   40.2174  -12.4312  -1.92734   16.4019   8.56937 -0.795795  -4.50784  -9.78837   6.53058  -4.36161   1.07827   2.95809  -1.40297   6.46606  -3.66576    2.6341  -1.69264   4.62599  -2.21944  -5.49067  -1.68794  -1.53572 -0.896991 -0.664784  -2.50945 -0.943403 -0.285545   43.3557   28.9005   3.50948
  92.6513   43.3133   39.5737   35.7562  -3.05457   6.99864   2.78563   12.9179 -0.736238  -3.37352  -10.3283    8.9838  -4.38854  0.940164     1.419  -0.36042   5.83278   -4.3052   2.73575  -2.08725   5.11464  -2.90512  -5.21362  -1.73496  -1.30527 -0.998941 -0.898344  -2.04331  -1.29167 -0.213334   43.3557   28.9005   3.50948
  22.4231  -11.7415   23.0648   20.1887  -9.69194  -13.3522   2.11242   9.15516 -0.686839  -3.16719  -5.68069   8.50779  0.846487  -0.68666   3.07181  -1.99048   7.36175  -3.94876   3.61176  -1.80574   5.00854  -2.70831  -5.37799   -1.7977  -1.33596  -0.85982 -0.219978   -2.6647  -1.07466 -0.227693   43.3557   28.9005   3.50948
  33.2012   50.0331   34.1788   25.2784  -10.7454  -2.57574   17.0678    7.9148 -0.335171  -1.93547  -13.0673    6.5698  -4.02154  0.794854   4.18576 -0.644752   5.99054  -3.30285   2.73803  -1.88795   4.55679  -2.11248   -5.0005  -1.67969   -1.4453  -0.90152 -0.490082  -2.38909  -1.26427 -0.251967   43.3557   28.9005   3.50948
  45.4218   19.2958   45.2793   31.9681  -11.5931   6.05819   12.1787   4.31448 -0.406439  -4.45657  -11.0813   8.93315  -5.29612    1.6843   4.02554  -1.75955   7.21899  -3.66296   2.88241  -1.48712   4.41595  -2.19236  -5.41369  -1.48842  -1.41026  -0.93311 -0.515218  -2.62428  -1.05976 -0.308934   43.3557   28.9005   3.50948
 -1.51293   43.9823  -6.35438   33.0483  -23.5762    8.7249   13.2625   15.7854 -0.824578  -4.99885  -10.6593   10.9365  -3.10124  0.404685   1.95701  0.890801   7.53595  -3.40517   2.91288  -1.42098   4.23052  -2.34136  -5.35997  -1.64996   -1.3212 -0.943528 -0.743314  -2.47212  -1.00932 -0.279574   43.3557   28.9005   3.50948
  21.6333   38.9507   21.2712    21.932  -16.7275    4.2951   12.3319   7.33167 -0.622363  -2.00859  -13.4973   9.41721  -3.29254  0.779571   1.83573 -0.575331   6.19375  -3.73139   3.19943  -1.72964   4.78272  -3.06811  -4.80354  -1.56971  -1.54132 -0.948253 -0.642137  -2.43233  -1.16656  -0.26366   43.3557   28.9005   3.50948
  74.1379   29.1107   3.59541   19.5151   12.7666   6.80878   14.5361   8.91573 -0.637254  -8.81924  -16.3764   6.47961  -2.82603  0.468645   1.68226  -2.25567   8.24237  -2.98364    3.2643  -1.59437   4.35736  -2.70081  -5.23808  -1.41055  -2.25545 -0.915241 -0.558474   -2.4325  -1.06655 -0.242939   43.3557   28.9005   3.50948
  18.5418   14.9753   5.21159   13.4961   6.08244   7.50965   8.63058   2.42881 0.0851564  -10.6128  -7.66691   7.20871   -5.4312   1.03505   2.80026    2.6263   4.32941  -2.51901   3.32708  -1.79948   4.68198  -1.43627  -4.01289  -1.54777  -1.36436 -0.954709 -0.663929  -2.35794  -1.18411 -0.273203   43.3557   28.9005   3.50948
  12.2424    29.112   3.75478   11.6049  -15.7097     13.47   3.43245   10.0653 -0.435672   0.03346  -11.7432   1.85782  -6.52322   2.08781   2.62503  -3.48507   6.56644  -3.13887   2.63653  -2.59631   5.12495  -2.81178  -5.70529  -1.76654  -1.09935   -0.9236 -0.442408  -2.44915  -1.09793 -0.238436   43.3557   28.9005   3.50948
  63.5794    3.8138   12.1818   33.6925   7.71034   10.0324   24.6062   9.08394 -0.659791   6.72724  -3.39011   11.5028  -5.73222   1.81932   2.81368 -0.376061   6.05292  -4.99438   3.14061  -1.69124   4.93794   -2.8109  -5.67341  -1.87309  -1.09209 -0.812534 -0.638412  -2.46831   -1.2109 -0.225379   43.3557   28.9005   3.50948