     56.131     17.0196     51.2859      40.757     9.26038     21.6033    -4.04855    -1.71131   -0.267584    -6.94559
    136.242      37.409     28.1205     30.0735     15.6895     20.7916     3.17147  -0.0879453    -0.14125    -6.64117
    84.8519     15.6045     12.0106     30.2736    -8.36591     32.7249    -3.65831    -2.61786 -0.00312392     5.28346
    106.095     5.61251      20.685     57.0696     20.9135     25.9213    -11.2085    -4.79156   -0.388886     -7.0105
    37.8223     54.8798     39.0044     49.4164     2.59129     19.6984     3.96451     1.38797    0.138822    -4.45377
    88.4943     36.1691     8.78253     17.4959    -11.7788     24.4779    -1.38136    0.611964    -0.18281    -11.7878
    93.0738     27.6015     57.6872     24.9836      7.1456     24.7523    0.375163     3.89231     1.01274    -5.91331
    12.1938   -0.140267     18.6459     22.8731     9.62778     7.92619     9.14557    -2.29703   0.0195831    -6.90739
    -6.0505     54.2416     5.97484     27.6404     24.8539     29.0538    0.859656     5.22576    0.583789    -7.41417
    108.078     41.3137     40.7445     37.2579      7.3123     16.6392     1.34169     2.75166   0.0578172    -6.17757
    52.3925    -26.6651     16.7504     52.4924     10.8338     27.5625      8.1178     4.70072    0.196958    -5.92979
    39.2517     49.2903     47.0479     29.3783     6.74823     28.0769     7.37721    0.138351  -0.0207665    -5.40794
    8.37716     77.0932    -8.17502     56.5459     21.7231     33.8349      9.6283    -1.44789  -0.0633725    -9.91805
    91.6294     8.97332     45.9366     36.6894      13.465     29.4121    -5.19261     2.14551 -0.00819568    -6.61679
    84.7515    -17.2344    -1.67899     77.0307     19.8619     27.1614    -9.67229    -6.16219   -0.692014    -6.55798
    25.7766    -31.7266     11.3808     37.0263      6.6717     12.7051     26.8264     7.77402     1.01351    -6.93874
    62.4163     44.4148     54.5744     35.8181     1.22062     22.0485     3.35275     4.61317  -0.0167195     -3.9257
    64.1452      42.637     40.0249     32.6929     9.85885     24.5324     2.88707     1.24906    0.141287    -6.63425
    26.8352     43.7382     41.8412     23.1546     13.8077     23.9962     4.62302    -6.17182   -0.940858    -6.63159
    66.5785    -9.30685     42.1342       38.16     12.1758     29.0927    0.711579     1.95813    0.161081    -6.76974
    68.9688     56.8601     34.6378     60.8343   -0.470961     8.10029    0.119271    0.183978   -0.293948    -3.97268
    16.1744     57.2837     26.5122     40.6977       12.71     27.3704     5.65595    0.171736  -0.0655863    -6.77818
    38.1884    -6.90273     16.7702     25.2153    -8.52666     27.4887    0.222241    -5.94324    -1.26878     5.05855
    87.2494     42.2402     48.1373     40.4316     3.16891     16.7597    0.704586     4.27336    0.201614    -5.35476
    126.321     38.7651    -9.08447     13.3662    -12.5157     30.7807     4.80411    -4.13006   -0.771279    -1.65056
    124.247     41.5884     34.0525     31.9178      11.641     18.2345     3.19661     1.54201  -0.0753906     -6.4745
    10.0655     39.8751     25.6778      22.169     19.0114     19.4199    0.044497    -2.29849   -0.710327    -6.16052
    47.2178     33.7955      13.978      26.989    -27.4717     23.7061    -6.87227     1.50785     0.16492    -20.5415
    27.9905     12.3206     39.2961      33.841     13.9419     17.6905     2.21157    -7.06517   -0.986519    -7.55006
     147.75     41.9642      22.981     27.2336     16.8161     19.7711     5.74299   -0.996818   -0.324977    -6.54085
    25.4038     32.8139     26.2502     12.6515     15.5607     11.7401    -5.75099      1.3812   -0.202708    -2.99282
     43.755    -17.7803     33.6005     31.0321     9.56539     17.2164      14.947   -0.200435    -0.31232    -6.87842
    117.395     23.5969     36.5491     31.8049     14.3541      25.898   -0.908337     1.30647  -0.0783512    -6.37095
    28.0616     25.4366     13.3366     14.6839    -6.16092     17.2692    -6.94502   -0.477933   -0.288129    -10.9226
    52.9646     34.3752      54.999     20.9328     9.93694     20.6451     3.35148    -6.69423   -0.692923    -5.78686
    42.2352     37.3812     34.7862     28.1664     13.9863     21.6013   -0.335866    0.546994   -0.196614    -6.08723
  -0.236886     34.6812      7.7237     13.9327     19.7486     13.7676    -9.16088      9.9304    0.847519    -2.75443
    34.5933     80.4128     5.27211     76.7727    -1.46002      10.881     7.04738    -4.88722    -1.22003   -0.732832
    131.299     39.0169     9.18109     22.0125     1.70295      25.032     4.07832    -2.17771   -0.415498    -4.26812
    89.6845     40.7135     29.9373     26.9911     14.3514     19.9356     2.48754     1.11644    0.106033    -5.71748