   80.3161    28.6435   -6.28643    14.3206    4.44844    4.22708    13.1852    6.65328  -0.610746   -6.66226
   114.852    25.8943    26.5916    32.3706   -17.1856    8.33489    13.7986    7.33845  -0.194065    -5.1935
   69.5071    47.3117    36.6389    30.8897   -7.31959    1.83704    11.0426     12.542  -0.825549   -3.98422
  -2.84904    40.2244    4.27242    25.7361    -21.784    5.02385    13.6042    8.83691  -0.721982    -4.6612
   73.9944    42.9168    54.5719     24.854   -2.84757    5.96451    9.38198     14.884  -0.118135   -3.80891
   55.6373    29.9768    17.5555    46.1769    16.0301     11.495    7.77306     7.3177   -0.86196  -0.494871
   15.6132   -24.8642     15.376    21.3955   -7.10779   -21.5107   -3.08754    15.8164   -1.10985    -4.8994
   90.7789    29.1514    43.6851    34.9552   -9.95826    11.6632    8.38746    10.0898   -1.27816   -5.79617
   86.2495    44.4942    26.6747    28.9383   -12.7936    1.17177    10.7172     10.379   -1.35984   -4.31387
   45.2797       53.2    39.0925    32.3896   -5.34398   -2.35067    15.6588    12.7564  -0.208021   -2.94886
   13.0086     46.632    11.9304    29.2532   -17.5613    5.94152    12.5787    13.2359  -0.536256   -2.22221
   26.4202    8.68003    37.4748    27.0114   -15.1064   -3.33507    7.01147    2.48286   -1.25118   -4.30566
   63.2572    53.2585    40.0118    52.2462    5.73366    7.13188   -5.79169    9.79533  -0.651369   0.908476
    76.577   -6.00266    44.0936    35.2602   -17.8007    13.0805    23.2072    12.9487  -0.313583   -6.01245
   37.3406    40.5584    38.0307    44.5213   -6.75125    4.44696    9.01685    5.64408  -0.803181   -3.90505
   48.1032    46.4237    45.4236    16.9816   -9.25709   -2.91246     14.484      3.182  -0.692694   0.200715
   16.9191     54.665    26.7583    36.4463   -10.0199   -2.78848     16.352    8.70561  -0.902851   -2.69539
   5.25563    1.26373    5.41901    8.33547     1.3323   0.763537    3.16505   -0.92825  -0.427944   -4.56673
   13.3755    42.2205    19.2346    18.6805   -15.2718     4.4056    8.92625    3.60489    0.21156   0.364661
   55.6609    6.58185    37.0438    20.6957   -10.6799      -2.97    7.83294     9.9402   -1.60821   -4.83873
   89.4296    11.3002    50.0735      26.12   -17.1512    14.6219    23.2971    12.7394  -0.504128   -7.08691
   68.5649    4.94846    4.86841    21.4947    3.05386   -2.42785    19.7224    11.5579  -0.398517    5.15482
   28.9724    39.4069    20.7553     20.265   -19.4651    7.63872     12.367    11.0607   -1.13841   -1.18934
   116.575    38.9848    14.2217    28.0315   -17.5996   0.606922    9.64586    8.45588  -0.253239   -3.84448
   134.433    31.5182    18.8986    27.8232   -19.7522    2.88667    12.9708    8.17081  -0.670542   -4.87017
   100.424    33.3879    49.4058    10.4943   -12.2036    3.98245    19.9838    17.2448    -1.7318   -6.21731
   77.4116   -18.5112    26.5892    55.5187   -16.5506    20.4695    22.6923    4.75609  -0.460495   -1.64699
  -5.75747     45.834   -9.17831    33.8092   -25.2989    9.06655    15.7688    18.8766    -0.9104   -6.07376
   125.494    36.5193    34.9435    13.4581   -16.1692     1.4835     18.046    17.1368  0.0753351   -6.90453
   11.5231    20.1831   -1.86407    9.31962    1.84704     13.613    3.50922    5.85149   0.262915   -11.2968
   53.7931   -36.8742    18.7975    58.3699   -14.6792    3.65637    15.9929    12.9237  -0.682538   -2.46048
   2.53782     24.121    -1.5399    8.24549   -18.7535    18.6434  -0.210199    13.7319  -0.297593    2.34616
   11.5631    57.6861    15.5446    49.2996   -9.86397   -2.71569     15.898    9.32375  -0.814771   -4.59729
   139.929    35.7826    1.20329    25.6572   -11.3544   -1.84973    13.3855    7.27468  -0.455258   -2.25387
   27.5582    59.7809    30.0048     54.155   0.824417   -1.08988    7.73276     11.181  -0.732609  -0.982046
   53.2744   -22.9728    35.6734    37.3913   -14.7518   -1.23747    18.1625    18.1988  -0.840719   -5.07542
   145.448    38.0504     12.659    26.7445   -19.7572    -0.9033     10.094    7.50356  -0.555483   -4.20087
   42.0447   -13.3957    40.8293    25.5825   -13.8173   -5.98635    12.0025    9.54815  -0.756921   -3.26936
    134.21    32.4267   -10.7361    23.4564   -1.92874   -2.90234    18.6893    8.07921  -0.540125    1.15841
   97.4429    11.4326    35.2649    37.2674   -18.8993    17.0693    19.7655    6.28732  -0.475834   -5.29498
   18.2809     24.921   0.381234    18.7767    20.8566     10.734    15.5478    5.43044   -1.11696   -25.6537
   84.0023    27.3083     20.206    27.9108    13.3258    10.4055    18.1614    13.2207   -1.35961   -3.50413
    50.104   -4.77823    13.9597    38.0819    12.0256    15.4225    28.8605    8.95557  -0.739097    9.36846
   50.5739    38.7926    23.8424    24.4053    -13.788    7.53897     7.3003     9.5553  -0.276369   -2.05774
   123.716    38.7158    26.9323    26.3113   -13.7378    2.67709     9.7268    11.1039  -0.423203   -5.02773
   94.3533    46.3947    41.0028    31.1738   -3.20762    4.81806    5.54122    16.5312  -0.733976   -3.44819
   97.4136    38.7736    14.4318    24.9276   -17.2249    2.81999     8.7513    8.32554  -0.199745   -2.67091
   29.7851    53.2915    33.5484    25.3276   -10.8875   -5.30883    19.4762    8.19583  -0.687082   -1.99898
   34.6692    46.9742    29.1547    19.1929   -13.7078   0.195064    16.7323      9.805  -0.209588   -1.73762
   113.288    32.5686    1.40917    22.6821   -1.14375    1.71915    14.0899    8.01779   -0.22173   -6.96666
   21.7891    48.8326    22.2023    22.7676   -15.8584   0.108175    16.8688    9.66399   -1.21896   -1.81533
   12.2008   0.410877     21.517    18.4888   -15.0985   -10.6072   0.104269    4.53424   -0.91951   -4.60568
   34.2865    11.8307   -18.8203    57.7505    12.7323    5.28663    8.78523     3.1813  -0.532182   -14.1379
    29.797   -37.8413    15.6573    42.8983   -10.1933   -15.4957    5.59237    19.8163   -1.82127   -4.08568
   56.7773    29.0579    13.2263    19.6171    32.6222    9.68171    19.7763    13.2197 -0.0555774   -14.6249
   8.91366    35.7172     6.0607    17.1982   -19.2112    11.8566    6.93399      12.44   -0.80693  -0.111544
   65.7911    20.0345    50.1452    28.1386   -12.8756    9.65289    16.1273    7.77744  -0.457562   -5.33965
   17.8523    66.4443   -31.0008    86.7344   -12.9949   -11.6531     15.437   -3.56646    1.50809   -8.57844
   135.047    41.3582    14.9442    29.6302   -16.5152  -0.458898    7.15293    7.63159  -0.300224   -3.81817
   24.7827    28.9104    10.0006      7.598   -13.6873    11.4499    3.02174    5.26526  -0.351401   0.138443
   151.994    39.5105    7.87612    26.4021   -20.7226   -2.88378     9.5775    6.58261  -0.397522   -3.68499
   34.4773    -26.593    30.8281    28.1825   -12.2636   -14.4827    8.90268    18.0012   -0.36496   -4.52061
   60.9871    30.9633     51.773    42.2512   -5.19586    13.4271    4.93427    7.82874   -1.39841   -4.83941
   96.0381     31.146   -2.24456    23.8051    18.9695    4.62915    16.7532    9.83551   -0.92893   -9.96891
   75.2685    41.0179    50.9874    8.52127   -10.2803   -1.45152    16.6508    8.40336      -1.29   -2.20405
  -2.78108    56.2645    -2.6057    49.9119   -20.2938   -3.37697    23.1324     10.936  -0.828702   -9.50649
   67.7058    3.38574    50.5781    43.4643   -16.9055     22.316    17.0143    3.05996  -0.715095   -6.34286
   11.9435    50.1574   -36.4701    57.9593   -27.4446    14.1813    5.94598    20.7149  -0.803333   -3.98648
  -6.61392    35.3261   -9.11991    17.6046   -22.2268    17.3678    7.58909    19.2848   -1.19743   -2.62799
   33.8824    29.2828     42.178      27.98   -15.2344    4.61997    16.3107   0.137043    1.23067   -2.82073
   107.545    41.4825    35.2601    30.6637   -7.75342     5.0758    5.72288    12.9923  -0.926067   -4.29302
    38.018    64.3057    20.3661    69.9859    6.32724  -0.474804   -2.12979    7.19419   0.103934    4.27883
    109.51    25.7198     37.912     23.752   -15.9589    8.08465    17.3341    12.4123  -0.150206   -6.49291
   81.0608     47.092    42.7399    40.2507   0.931933    7.28318  0.0620972    13.5074  0.0737664   -1.95467
   118.196    26.7006   -30.5987    17.9046    18.1238   -3.53417    27.8266     9.8613  -0.935738    3.48028
    101.49     44.371    34.9555    40.2879   -2.88823    7.50296   -2.09898    9.75492  -0.802797   -2.73519
   125.418    15.0537    19.6421    44.2835   -23.1404    16.1026    14.8714   -1.34068     0.3772   -4.09805
   108.026    19.8959   0.844128    31.2703    1.07658    5.34495    21.1534     8.2971   -0.40222    6.67972
   28.5305   -12.8636    31.4154    20.2422   -11.6658   -14.1494    2.46949    9.04562   0.109744   -3.34962
   49.9299    26.0228   -1.62726    10.8715    4.42839    8.45319    8.67449     6.0669  -0.264243   -6.20905
   47.8382    30.3314    54.4757    29.7739   -9.06894     7.0663    10.7222    1.79837   -2.37263   -1.94731
   33.1767   -23.5192    17.8153    31.4432  -0.438905   -4.82481    18.2725    13.8166  -0.383803    4.22493
   58.0863    53.5871    42.6029    37.4141    1.86557     1.6784    8.72508    17.1083  -0.625982   -1.12209
   82.7823     5.7879    17.6592    26.6041   -13.4905   -9.00512    5.37119    12.9093    -1.6632   -5.81151
   25.0985    47.3242    40.6951    30.8165   -8.28896 -0.0239503     10.028    1.37201   0.434778 -0.0491763
   84.9601    3.08543    10.0062    36.8913    4.77085    15.5174     29.876    9.11482  -0.510851    8.63362
   73.6166    37.2571    12.9486    20.1506   -17.6301    5.51559    6.51881    7.98892  -0.245211   -1.35115
   18.4374    32.0102     30.733    32.5665   -18.0486    1.59132    15.1268    2.39571  -0.491063   -4.87744
   46.1009     8.7165    45.7406     36.472   -13.3947    7.08241    14.0107    6.09567    1.38252   -4.94622
    118.88    43.1867     24.034     36.284   -10.0709    3.26804    2.16131    8.35683  -0.445377   -2.80674
   74.2948    -35.734    13.6011    73.7557   -22.1602    15.3832    16.0441    1.71801  -0.781565  -0.924064
   9.90244    20.1847    20.8625    22.6295    -20.672   0.163725    7.83994    3.68322  0.0592519   -3.75925
   22.6071    -7.7611    15.2808    15.6547    7.04409  -0.185034    16.3335     3.7124    1.56672    5.44934
   37.1238    48.9129    23.7827    35.4993   -13.3521   0.915044    16.2267    11.4451  -0.743184   -5.48762
   41.1316     14.091    24.6025    22.0649    9.58131    8.16044    20.6947    5.89197    -1.8339   -3.89058
   17.2456    66.9494  -0.153386    74.0472   -3.47451   -6.82577    12.2499    5.46008  -0.216202   -3.56413
    24.067    31.4644    15.0811    14.1874    3.42237    5.64777    12.3162    2.18974  -0.104435   -9.55253
   60.9559   -52.9559   -10.8433    86.0273   -17.4538   -2.80925    6.36007    7.60675   -1.67068    1.26034
   4.92444    45.7514    15.7836    37.0803   -19.8079   -2.67525     19.827    5.93509   -0.74755   -6.63362
   129.934    29.9842   -23.2329    20.4741    8.50802   -4.21099    23.8901    8.97352  -0.874347    2.78265