     14.857     6.47889    0.697509     27.9408    -5.73386     17.6573     1.53102       3.412     1.79456    -5.85864    -1.59151     19.5099     2.66833     5.00853     -4.8445     3.74048     1.12922    -1.85732   -0.987815     -9.3645     3.45508     -4.6547   -0.671895     3.45073     3.73881     -3.4085    -4.83431    0.389135    -8.84344    -2.63667      52.132    -1.03203    -2.90937
    39.0844    -21.4423      33.414     32.1102     9.27889     16.3476     17.3445    -1.31487   -0.954531     -7.0806     16.5037     22.3223     2.26477     1.01811     -9.6616     1.57956    -4.52109    -2.27065    -6.89782    -7.01463    -1.23463     -5.7807   -0.627337     4.45577     2.64381    -2.15014     -4.0858    0.188872      -8.878    -2.61836      52.132    -1.03203    -2.90937
    49.2842     37.5207     56.0587     29.1645     6.18885      21.297     2.75316    -3.26649    -1.22718    -5.40642     13.1488     18.8301     2.09466     3.72047    -9.58451    0.545107    -4.44162    -2.12472    -6.67431    -5.49593   -0.672677    -6.06519    -0.88316     4.46941     3.31575    -2.28066    -4.06338    0.201421    -8.89105    -2.61641      52.132    -1.03203    -2.90937
    37.5088     40.6316     36.5484     21.3881     13.6896     20.7659     0.31983   -0.206653   -0.725822    -5.63259     13.5708     19.7131      2.5762     2.99737    -12.3829   0.0657025    -4.00151    -2.08828    -5.92591     -6.5251   -0.570026     -5.5865   -0.672621     4.59461     2.94559    -1.98797     -3.9601   0.0969003    -8.75304    -2.68548      52.132    -1.03203    -2.90937
    123.282     26.0512     32.6059     32.3983     15.3094     24.6995   -0.134442    0.544663   -0.061183    -6.53292     11.8406     16.9405     2.16299     2.15296    -10.3302     1.59937    -4.43877    -2.20981    -6.40742    -6.42426   -0.864237    -6.06826   -0.831762     4.46365     3.17316     -2.0115    -4.12077    0.156624    -8.86326    -2.60141      52.132    -1.03203    -2.90937
    53.8702     50.1106     35.4321     40.2419     9.23735     23.1634     3.12588     1.93027    0.248002    -6.64842     10.3488     18.2759     2.25637     1.42867    -10.3673   0.0529755    -4.52048    -2.27649    -7.01226    -6.10256   -0.673629    -5.93517   -0.833643     4.37983       3.151    -2.36814    -4.08035    0.181699    -8.87242    -2.63425      52.132    -1.03203    -2.90937
    23.0441     27.4731     19.2009     10.4407      14.088     9.33061     -8.9417     5.26009    0.153426    -1.29175     15.9672     13.8565     1.78629    -1.32921    -3.21977   0.0475449    -7.92597    -2.59305    -8.55619    -5.56979    0.196356    -3.78884   -0.731057     6.51334     3.68523    -1.82885    -4.41988    0.134457    -8.69941    -2.70058      52.132    -1.03203    -2.90937
    78.5078     37.4483     59.6351     35.0885     1.65054     18.5137   -0.143084     5.47548  -0.0864772    -5.67247     10.1942     19.0124     2.76051     1.19095    -11.0432   -0.589975    -4.08775    -2.25629    -7.05248    -6.13444   -0.592058    -5.85322   -0.786409     4.44026     3.06327    -2.44407    -4.07237    0.209525    -8.85387    -2.64667      52.132    -1.03203    -2.90937
    125.364     39.1399    -14.8891      10.261    -17.0717     32.5049     5.19439    -4.71774   -0.762751    -1.28894     14.4374     18.5838     2.41912     2.00043    -12.0362    0.413391    -5.25657    -2.37418     -7.8526    -5.47143   -0.802763    -6.08464   -0.885665     4.36891     3.13257    -2.06378    -3.93918    0.131243    -8.83365     -2.6256      52.132    -1.03203    -2.90937
    135.258      32.703     26.4013     32.4439     17.1503     22.1445     1.37696   -0.912011   -0.352478     -6.7546     12.0506     17.4358     2.24687     2.54065    -10.0499     1.52536    -4.44926    -2.15488    -6.36185    -6.27379   -0.857313    -6.04157    -0.86733     4.45154        3.22    -2.05913    -4.12377    0.157488    -8.86552    -2.60829      52.132    -1.03203    -2.90937
    70.7039     27.3234     22.1559     26.2227    -15.3601      27.771    -4.13325   0.0907408    0.263679    -7.53095     11.9547     18.2375      2.3027     2.03209     -11.819    0.706641    -5.11101    -2.38045    -7.25693    -6.10081   -0.795175    -6.00726    -0.83636     4.45784     3.09224    -2.13907    -4.06586    0.146925    -8.83561    -2.61584      52.132    -1.03203    -2.90937
    53.5219        38.7     28.9634     20.3762     15.3935     14.7959    -2.71551     3.19491    0.426302    -3.20853     14.5086     17.6318     2.19574     1.40526    -9.40669  -0.0788606    -5.32417    -2.34032    -6.83292    -6.53278   -0.441751    -5.62825   -0.742794     4.62969     3.36042    -2.30634    -4.09786    0.133978    -9.19224    -2.46954      52.132    -1.03203    -2.90937
    133.259     42.9698     28.6429     31.8535     13.6214     17.6109     3.98582     0.22968   -0.178231    -6.57623     11.5766     19.0079     2.35207     2.07989    -10.1532    0.216141    -4.20295    -2.20547    -6.67375    -5.99605   -0.665216     -5.8983   -0.841612     4.38908     3.19424    -2.33831    -4.09313    0.192703    -8.86147    -2.64138      52.132    -1.03203    -2.90937
     -9.173     46.0007     1.99037     17.1314      26.141     22.2566    -6.54359     11.2803     1.54434    -4.23311     14.3036     21.3532     2.85373     5.01361    -13.0449     1.24695    -3.26608    -1.69285    -5.80376    -5.50196   -0.826867    -6.08233   -0.802637     4.35584     3.09735    -2.12535    -4.15469    0.208679    -8.76864    -2.67445      52.132    -1.03203    -2.90937
    94.1024     43.0344     48.6994      36.836     3.72974      17.899     1.77772     4.99063    0.071958    -5.15682     11.1871     18.2975     2.39699    0.979915    -11.0848  -0.0301218    -3.76549    -2.32967    -6.93956    -6.32456    -0.60596    -5.84976   -0.728958     4.42227     3.01243     -2.3692     -4.0987    0.218966    -8.84106    -2.64259      52.132    -1.03203    -2.90937
    30.1274     70.2363     20.5531     63.7788    0.948555     17.4165     6.02326   -0.790108   -0.145995    -3.22971     14.7131     15.9117     1.99155     1.81296    -10.1782     2.32231    -3.69347    -2.37967    -6.58636    -6.55838   -0.809918    -6.05977   -0.784695     4.41398     3.14001    -2.04353    -4.18523    0.197469    -8.85424    -2.59968      52.132    -1.03203    -2.90937
    99.2653     38.2462     3.83113     16.7979    -15.2392     25.8042   -0.350016    0.185843   -0.103509    -15.0768      16.675     16.6074     2.26556     2.79235    -11.2451     2.34588    -5.40517     -2.2552    -6.96909    -6.21272   -0.724379    -6.01727   -0.782008     4.32626     3.07257     -2.1861    -3.99015    0.153736    -8.79891    -2.65846      52.132    -1.03203    -2.90937
    48.4112     45.2199     42.2463     27.4292     9.99061     27.7159     5.40702   -0.261955   -0.203577    -7.19853     11.7456     18.3038     2.24071     2.64071    -9.58857   0.0472582    -4.96335    -2.10897    -6.42034    -5.76524   -0.689607     -6.0625   -0.995303     4.37719     3.33773    -2.24031    -4.04805    0.144838    -8.87106    -2.62412      52.132    -1.03203    -2.90937
    48.1774    -6.03042     37.0988     43.5635     12.6338     23.6912      1.4392  0.00349594    -1.22702    -7.90279     12.5355     20.3744     2.23189     1.84091    -9.61646     1.87359    -4.87868    -2.46534    -6.68891     -5.8577     -1.1635    -5.82561   -0.766081     4.22414     3.42502    -1.92567     -4.1345    0.174722    -8.90089    -2.61405      52.132    -1.03203    -2.90937
    109.242     44.3633     39.0297     40.8834     6.83892     13.7587      1.0676     2.19896    0.128643    -6.15558     10.4431     19.9265      2.4151     1.64187     -10.714    -0.54128    -4.22471    -2.29523    -6.95219    -6.00093   -0.641768    -5.81467   -0.799883     4.41306     3.13197    -2.44212    -4.07306    0.206575    -8.85711    -2.65571      52.132    -1.03203    -2.90937
    27.4103     38.1243     34.3347     35.8875     14.5966     24.6334      1.4715     -1.4256   -0.662665        -7.9     9.86325     19.3612     2.49281     2.65648    -10.5059    0.308489    -4.84508    -2.32738    -7.14197      -5.768   -0.737253    -5.77083   -0.775088     4.44283     3.20463    -2.27113     -4.0164    0.160823    -8.87757    -2.64198      52.132    -1.03203    -2.90937
    30.1483    0.705959     39.8536     35.5743     10.6627     15.0034      6.5273    -6.93831   -0.691137    -7.43201     13.3293     20.2905     2.80124    0.816606    -10.2949     1.58307    -4.79124    -2.53869    -7.19827    -6.57408    -1.00664    -5.98106   -0.590178     4.22925     2.93115    -2.01242    -4.10273    0.190057    -8.88965    -2.60149      52.132    -1.03203    -2.90937
    108.354       3.487     15.7536     64.8614      24.117     24.5626       -14.4    -7.29403   -0.780262    -7.74114     12.6586     15.6098     2.11743     4.66694    -9.92249     2.27761    -5.11769    -2.08055    -6.06108    -6.27912   -0.909135    -6.29549    -1.02182     4.65799     3.37621    -1.76222    -4.10935    0.078752    -8.87434    -2.55321      52.132    -1.03203    -2.90937
     124.06     41.8319     35.3731      34.337     10.6752     16.7139     2.58346     1.60453   0.0949816    -6.41792     10.9526     19.2579     2.34785     1.74787    -10.4577   -0.106855    -4.20542    -2.25893    -6.76873    -6.06267   -0.657234    -5.87193   -0.809004     4.40059     3.14886    -2.36922    -4.08518    0.199486    -8.85671    -2.64837      52.132    -1.03203    -2.90937
    92.7757     10.4127     53.7197      28.047     11.3961     31.0802    -3.68484     3.44914   -0.236435    -6.23792     11.7486     15.6402     2.25099     1.81331    -10.7497     1.54089    -4.34088     -2.1925    -6.44274    -6.59381   -0.770862    -6.13373   -0.829091      4.5082     3.10106    -1.99972    -4.10083    0.153952    -8.85816    -2.58917      52.132    -1.03203    -2.90937
    54.5319     37.9345     53.0269     49.4509     1.48055      14.526    -3.23123     1.27071    0.857347    -5.96015      10.069     19.9802     2.27049     2.32359     -10.614   -0.258973    -4.61318    -2.36955    -7.00954    -5.81364   -0.780789    -5.91779   -0.857351      4.4891     3.22707    -2.34391    -4.06978    0.190414    -8.87524    -2.64052      52.132    -1.03203    -2.90937
    111.754     12.3465     24.8274     48.5962      18.885     26.2154    -8.41019    -3.18119    -0.25353     -6.4154     12.0151     15.9669     2.02413     3.24038    -10.2955     1.91354    -4.74154    -2.21665    -6.32876    -6.41024   -0.905426     -6.2284   -0.903901     4.56379     3.24692    -1.87502    -4.12104    0.129407     -8.8624    -2.57524      52.132    -1.03203    -2.90937
    17.5303     41.4985     32.3597     13.6991     19.3076     18.0455    0.598004    -5.89338    -1.28595    -4.92875     15.0408     18.1278     2.40859     1.48608    -13.2933     1.13099    -2.74429    -2.71373    -7.07256    -7.27169   -0.612595    -5.62434   -0.432916     4.50193     2.89902    -2.26144    -4.06562    0.181808    -8.79403    -2.64041      52.132    -1.03203    -2.90937
    58.3202     34.1073      6.8725     10.6319    -3.78596     19.5176    -4.06048     1.76355   -0.033319    -7.58946     15.3968     16.4061     2.02932     1.50164    -7.75641    0.528328    -4.35367    -2.54049    -7.40972     -6.3598   -0.885623    -5.88029   -0.890378     4.88914     3.34173    -1.92798    -4.03682   0.0986294    -9.13108    -2.52139      52.132    -1.03203    -2.90937
    33.7957    -8.07703     19.1679     22.5391    -8.30421     26.1265    0.513032    -7.83747    -1.92457     5.05825     5.35895     21.4174     2.80832     2.20096    -9.74091     2.20174    -4.40972    -2.23442    -5.72271    -7.20049   -0.205034    -5.77339   -0.752649     4.14965     3.19537    -2.56945    -4.25382    0.180687    -8.85184    -2.63311      52.132    -1.03203    -2.90937
    8.74361     11.5831     19.4268     22.1049      19.068     10.1505     5.34414    0.572364    0.637127    -6.15955     9.59309     14.9306     2.98733    0.318283    -13.0879     2.12679    -4.70647    -2.66956    -7.25136    -3.86517   -0.959568    -6.33551    -1.79117     4.07288     3.39114    -2.18138    -4.05344    0.238413    -8.66324    -2.65817      52.132    -1.03203    -2.90937
    69.1775       43.13     42.3165      30.675     9.85172     24.2084     3.49739     1.36032   -0.120806    -6.46711     11.1833     18.0981     2.29151     1.74344    -10.3408     0.19773    -4.34131    -2.31953    -6.84011    -6.08865   -0.648043    -5.94182   -0.797885     4.40437     3.16301    -2.32249    -4.06777     0.20201    -8.86104    -2.63458      52.132    -1.03203    -2.90937
    24.4201     26.7894     14.4263     20.3415    -15.9509       20.64    -8.25796    -1.22206   -0.864797    -18.8465     9.61675     20.3759     2.21678     2.43007    -9.43628   0.0285767    -2.75827    -2.29049    -6.87987    -6.23743    -1.01277    -6.37796    -1.04129     4.56047     3.39814    -2.26992    -4.59509    0.423435    -8.79822     -2.6242      52.132    -1.03203    -2.90937
     59.678     26.3332     43.1365     30.9524     14.8455     25.2653    -1.44826    -1.31717   -0.198283    -7.35861     10.6964     18.3368     1.91717     2.39369    -10.7024     1.17159    -4.28229    -2.29018    -7.35613    -5.88778   -0.717306    -5.75188   -0.810803     4.51548      3.1944    -2.34263    -4.04075    0.177096    -8.89813    -2.61996      52.132    -1.03203    -2.90937
    57.8803      68.203     23.8386     73.0482    -2.78839     3.81289     1.44023    -2.25626    -0.72576    -2.23018     14.4115     19.3793     2.47482     3.31998    -10.5392     1.28645    -3.55628    -2.15415    -6.78467    -5.80254   -0.767363    -5.76805   -0.911316      4.5193     3.28675    -2.23062    -4.13799     0.17718    -8.85437    -2.64077      52.132    -1.03203    -2.90937
    111.854     15.9498     39.0841     34.2206     15.8603     28.7278    -3.77442     1.18265    0.190683    -6.37055      11.771     15.6694     2.02959     2.11365    -10.5395     1.98985    -4.45229    -2.24485    -6.32373    -6.66318   -0.894442    -6.15585   -0.812108     4.51558     3.12517    -1.90009    -4.13054     0.14859    -8.86035    -2.58414      52.132    -1.03203    -2.90937
    87.1399    -7.93938     17.2356     59.5689     16.6288     29.0012    -8.28808    -2.52332   -0.137696    -6.04954     15.1398      16.188     2.04159     2.36304    -10.4189   0.0800504    -3.86374    -2.21312    -6.50884    -6.06981   -0.356321     -6.0436    -0.89407      4.3792     3.22726    -2.17516    -4.04799    0.136647    -8.84555    -2.60277      52.132    -1.03203    -2.90937
    94.6114     48.2707     40.1253     53.9339     1.89309     6.21753    -2.39499     1.39324    0.140294    -6.22825     9.10363     22.0467     2.64865     2.00671    -10.9095    -1.59963    -4.54144    -2.30404     -7.2597    -5.64269   -0.631983    -5.69601   -0.830122     4.42449     3.18626    -2.59569    -4.03329    0.206072    -8.82187    -2.63136      52.132    -1.03203    -2.90937
     114.26     37.3402     16.6678     24.5004    -2.15792     23.3383     1.01148  -0.0466149   0.0158376    -9.55823     13.2579     17.9378     2.22845     2.23745     -10.896     1.10554    -4.64711    -2.28074     -6.9133    -6.11475   -0.775102    -6.00332   -0.812728     4.38324     3.14353    -2.20501    -4.02286    0.166281    -8.85682    -2.63393      52.132    -1.03203    -2.90937
    138.759     40.4438     10.6228     22.2961     5.60042     24.0449     5.24512    -2.29728   -0.515642    -4.00101     12.6876     18.6204     2.35196     2.19656     -10.561    0.510952    -4.46387    -2.23543    -6.96682    -5.82985   -0.763148    -6.02258   -0.885596     4.39774     3.20331    -2.16284    -4.06651    0.166982    -8.85334     -2.6251      52.132    -1.03203    -2.90937
    86.8627     7.19947     31.5728     34.7645     11.4068     22.2398     7.43553     3.38257    0.929353    -6.83844     12.4753      18.965     2.46206      1.7913     -10.026     1.35254    -4.27525    -2.22534    -6.57196    -6.25312    -0.93074    -6.07992    -0.85399     4.54883     3.24193    -2.02431    -4.05528    0.115196    -8.83569    -2.50003      52.132    -1.03203    -2.90937
    142.573     40.2702     26.1577     27.9812     16.2009     20.2196     4.72979   -0.337345   -0.155169    -6.62625      12.256     18.1361      2.2135     2.25545    -9.98651     0.85806    -4.17693    -2.18439     -6.4553     -6.1112   -0.709393    -5.96909   -0.849441     4.39562     3.20623    -2.21581     -4.1084    0.181499    -8.85885    -2.62759      52.132    -1.03203    -2.90937
    34.3248     14.8442     32.4358     29.2203     17.9082     18.6113    -4.75664   -0.364248    0.130596    -6.05897      11.332     18.0244     2.17701     2.08279    -10.1237     2.81801    -4.75714    -2.37482    -8.22041    -5.52156   -0.771247    -6.02479   -0.945359     4.02455     3.16523    -2.56566    -4.14371    0.341413    -8.58625    -2.73771      52.132    -1.03203    -2.90937
    131.186     39.4512    -2.80137     16.2487    -6.00754     28.6418     5.18346    -3.66444   -0.806204    -1.48302     13.1782     18.8313     2.45873     2.00222    -11.3236    0.206912     -4.8056    -2.31002    -7.52168    -5.60257   -0.804174    -6.07501   -0.899855     4.40035     3.16979    -2.10434     -4.0161    0.152474    -8.85119    -2.61917      52.132    -1.03203    -2.90937
     50.168     36.8893     11.7073      27.616    -32.9088     23.3513    -6.90012     1.85206    0.132957    -23.9132      16.111     17.7902     2.53672     2.74045    -12.7752     1.64418    -7.14503     -2.2756    -6.94845    -6.16066   -0.469266    -5.61592    -0.74278     4.26237     3.01817    -2.49955    -3.85582    0.146878    -8.87692    -2.65032      52.132    -1.03203    -2.90937
    102.182      25.496     40.9583     37.4239     11.6366      22.367    -1.84685     1.78983    0.177149    -6.62609     10.8813     17.9092     2.24569       1.946    -10.5156     1.07043    -4.52904    -2.26549    -6.61819    -6.33496   -0.876494    -5.99506     -0.8141     4.46154     3.16744    -2.10883    -4.10809    0.167781    -8.87067    -2.61325      52.132    -1.03203    -2.90937
    86.1531    -19.6668    -7.31828     81.7611     21.7032     26.4789    -9.23421    -7.09611   -0.753271    -6.93462      21.433     15.8356     2.04657     2.91262    -10.1983    -4.43144    -1.94255    -2.14882    -6.88608    -4.93441     1.25345    -6.04556    -1.04137     4.26854     3.23506    -2.88569    -3.85653    0.161678    -8.77086    -2.63496      52.132    -1.03203    -2.90937
    19.9078    -8.86211     26.1866     29.4752     12.7099     7.25066     15.8089    -1.70857  -0.0581614    -8.44437     7.92225      16.917      1.8326   -0.266354    -12.2277     2.56532    -5.51386     -2.0869    -8.59736    -5.77095    0.450823    -7.60312    -1.17175     4.46393     3.44351    -1.26899    -4.05752   0.0739707    -8.76685    -2.50137      52.132    -1.03203    -2.90937
    25.5755      54.402     37.9524     33.9073     9.74498     28.7384     7.02463     0.16456    0.599694    -6.14494     12.0432     17.5418     2.03194     2.37132    -9.30849    0.374354      -4.737    -2.11244    -6.54472    -5.75851   -0.712318    -6.12164    -1.01911      4.3271     3.36654    -2.25367    -4.09655    0.151745    -8.86667    -2.62141      52.132    -1.03203    -2.90937
    2.18506     63.5373     7.22761     42.3002     22.2357     35.4251     7.55429    0.939837    0.463015    -10.3898     6.64856     17.3233     2.50103   -0.837903    -10.1413   -0.581961    -5.29697    -2.50748    -7.04568    -6.70606   -0.810213    -5.98925   -0.746215     4.31576      3.1209    -2.33358    -4.05344    0.161606    -8.86821    -2.62579      52.132    -1.03203    -2.90937
    66.4433     45.7644     53.5301       35.64    0.870512     22.8422     4.02716     5.78321    0.166106    -3.36057     13.3866     16.1182     2.06148     1.07579    -11.0034     1.35435    -3.27705     -2.3327    -6.71603    -6.49208   -0.652369    -5.96705   -0.742493     4.45753     3.02592     -2.1509    -4.14502    0.207977    -8.84009    -2.62001      52.132    -1.03203    -2.90937
    41.1243    -13.6748     27.4548     22.6569     8.32769     10.2752     16.3392   -0.769649     0.11195    -5.64054      6.4804     7.66542     1.61461     7.04992    -13.5025    -2.39863    -5.10828     -2.6613    -7.37203    -6.50979    -2.53671    -5.67255   -0.793083      4.2558     3.75933    -2.42269    -4.74379    0.248429    -9.15329    -3.08206      52.132    -1.03203    -2.90937
    45.6866     49.4684     50.4534     32.3748     3.18036     27.0832     6.93304     3.02583    0.231947    -3.86567     13.9811     15.9589     1.94774     1.95422    -9.93639       1.485    -3.74351    -2.18534    -6.50681    -6.06412   -0.688951    -6.10956   -0.939781     4.41444     3.26986    -2.12029    -4.14356    0.172298     -8.8614    -2.60326      52.132    -1.03203    -2.90937
    95.1804      29.204     58.3859     23.8676     6.64616     24.8559    0.776584     4.61795       1.646    -5.87955     11.0924     17.5457     1.75175     1.34664    -10.8457    0.388089    -4.10264    -2.39279    -6.70052    -6.31488   -0.641432     -5.9782    -0.75967     4.44776     3.05539    -2.26497     -4.0866    0.205638    -8.85192    -2.62885      52.132    -1.03203    -2.90937
     46.924    -33.9725     -6.8375     65.0215      9.5845     23.3827     14.2702     5.80146    0.697831    -6.91306     19.4548     19.6334     2.21588  -0.0923879    -10.2687    -2.86238    -2.44388    -2.22291     -6.7077    -5.93074   -0.323086    -5.46792   -0.705366     4.46226     3.07612    -3.16174    -4.11818    0.307544    -8.86194    -2.75524      52.132    -1.03203    -2.90937
    40.5461     38.2393     49.2508     15.3109     13.6821      19.518     4.31691    -10.1635    -1.13175    -5.57477     14.2797     17.0786     2.53187    0.843072    -11.4809    0.501936    -3.79854    -2.65016     -6.9887    -7.43261   -0.611314     -5.8996   -0.443247     4.35741     2.85691    -2.30467    -4.04176    0.183388    -8.81754    -2.63073      52.132    -1.03203    -2.90937
    69.2285      33.435     61.0208     17.1977     7.38093      21.468     4.34194     -4.1415   -0.141666    -5.38058     13.8669     18.3732      1.8284     3.01732    -9.97115     0.39083    -4.10949     -2.2819    -6.76232    -6.09975   -0.559424    -6.03022   -0.695673     4.42618     2.94717    -2.30407    -4.09603    0.209966    -8.85927    -2.62247      52.132    -1.03203    -2.90937
    64.0067     4.03739     47.3714     50.5521     14.2597     25.7353    -12.2334    -1.09921      -1.513     -7.7665     9.21787     17.4826     2.36886     3.18923    -10.3725     2.10354    -5.67668     -2.1826    -6.58151    -6.34809    -1.22895    -6.11291   -0.952292      4.5804     3.30228    -1.85373    -4.10992    0.119654    -8.90997    -2.57203      52.132    -1.03203    -2.90937
     11.348     82.6858    -23.2873     60.3557     27.6187     35.4481     10.4891    -3.22312   -0.569455    -12.0514      5.7016     16.4699     2.12527    -1.83756    -8.39622    -1.70515    -6.92172    -2.64688    -6.17485    -7.69872    -1.12281    -6.65799   -0.761078     4.01122     3.06312    -2.11722    -4.21126    0.213642    -8.85224    -2.60121      52.132    -1.03203    -2.90937
    69.8886     16.2719     58.1836     34.6211     7.87375     23.7246    -3.88467    0.393848   -0.816612    -6.28375     11.5379     18.2638     2.38668      3.1495    -10.2338    0.790128    -4.64639    -2.16193    -6.61866    -5.86322   -0.749959    -6.05288   -0.938765     4.52509     3.31045    -2.12229    -4.06874    0.152783    -8.87713    -2.59955      52.132    -1.03203    -2.90937
    40.6463    -31.0914     20.5792     42.6485     8.20794      23.927     17.9279     6.92785    -0.19505    -6.16481     15.8973      22.502     2.43665    0.259921    -9.27511     1.43403     -4.2712    -2.22735    -6.19135    -5.88987    -1.60366     -5.4741   -0.755966     4.40753      3.4522    -2.35811    -4.10357    0.215635    -8.92654     -2.6509      52.132    -1.03203    -2.90937
    111.825     43.3095     28.5872     29.8967     14.3306     20.0467     3.90258    0.746217   0.0226038     -6.3728     11.7469     18.6696     2.30933      2.1629    -10.2235    0.619222    -4.07373    -2.24599    -6.97732    -5.89374   -0.653363    -5.91026   -0.813046     4.37069     3.17888    -2.41522    -4.10346    0.216175    -8.87616    -2.63386      52.132    -1.03203    -2.90937
   -3.18847     40.4132     15.8706     18.4893     20.2427     19.3555    -1.88874   -0.631563    -1.33117    -7.51384     11.3487     19.3079     1.89162     1.85482    -11.6393     1.06994    -2.29551    -2.25734     -7.0374    -6.14958    -0.80299    -6.00471   -0.678958     4.49141     3.10731    -2.25004    -4.14112    0.238041    -8.82377    -2.63391      52.132    -1.03203    -2.90937
    10.6451     74.0652     8.24541     58.0538     11.7643     27.9438     8.65219   -0.532935  -0.0153731     -6.0929     11.5319     15.2987     2.03595    0.286406    -9.63296     1.21828    -4.49054    -2.41352    -6.63164    -6.95005   -0.931667    -6.25048   -0.765181     4.31003      3.0766    -2.04343    -4.17856    0.188269    -8.87054    -2.59309      52.132    -1.03203    -2.90937
     6.3875    0.817208     11.6392     14.6334   -0.604186     6.67905    0.312736    -7.66373   -0.882446    -6.40516      1.0635     12.3115     1.32899    -4.87256    -9.05574     3.90732    -2.23987    0.470563    -1.16349    -1.04766    0.978683    -6.55592   -0.617666     4.04384      1.4283    -2.79393    -4.34951    0.574175     -8.9515    -2.56095      52.132    -1.03203    -2.90937
   -11.7589     56.9665     2.00238      26.319     28.2849     33.2375     1.95124     5.63509    0.710933    -8.21644     9.51282     19.2035     2.35041     2.65077    -12.4271     1.80478    -2.21181    -2.16043    -7.56513    -5.07928   -0.611007    -5.28179   -0.695571     4.73538     3.26209     -2.3678    -3.95843    0.144257    -8.89905    -2.64918      52.132    -1.03203    -2.90937
    24.9857     46.2318     41.4385      22.378     13.5773     25.5575     5.80562    -6.05992   -0.812942    -6.96394     13.2409     19.4326     2.52436     4.12804    -9.71351    0.161286    -4.51082    -2.04464     -6.5548    -5.83997   -0.606339    -5.88779   -0.819859     4.51323      3.0059    -2.16862    -4.06059    0.200333    -8.83268    -2.64677      52.132    -1.03203    -2.90937
    114.925      25.429     49.1021      21.986     11.8419     28.2464    0.974185     4.30851   -0.108056    -6.15387     11.5239     16.1349     2.49697     1.26486     -10.726     1.23346    -4.07444    -2.14072     -6.5358    -6.65736   -0.734754    -6.04794    -0.79501     4.44147     3.01644    -2.10272    -4.12475    0.169927    -8.85156    -2.60988      52.132    -1.03203    -2.90937
     46.176     11.8967     54.5968     37.1155     9.30719     19.4235    -2.74663    -7.12832    0.526052    -6.73679      13.181     19.9596     3.40457     4.25869    -9.46733    0.573995    -4.95802    -1.90862    -6.72933     -5.4356   -0.814484    -6.02978   -0.919005      4.4566     3.34462    -2.15813    -4.05829    0.156012    -8.88934    -2.59053      52.132    -1.03203    -2.90937
    59.9402    -7.20228     39.0212      25.783     9.55706     19.3323     9.27497   -0.708478     1.01373    -6.55686     11.5093     17.8663     3.14026     2.90279    -10.2534     1.43883    -4.37644    -2.11831    -6.71291    -6.52325   -0.268292    -6.42304   -0.752087     4.51392     3.22612    -1.71403    -3.98437    0.176242    -8.78048    -2.38389      52.132    -1.03203    -2.90937
    148.814      42.176     22.6939     27.1088     17.1248     19.7013     5.91894    -1.07703   -0.344287    -6.57068      12.594     18.2954     2.26714     2.41397     -9.8296    0.848091    -4.14793    -2.14031    -6.41368    -6.02909   -0.694514    -5.96323   -0.875345     4.38262     3.23507    -2.22046    -4.10935    0.177455    -8.85802    -2.62896      52.132    -1.03203    -2.90937
    17.3828     60.1045     25.9586     45.6801     11.0481     26.7882     5.96867    0.313178   -0.177823    -6.63694     10.8845      17.345     2.23268      1.2381    -10.0246    0.305356    -4.70262    -2.29653    -6.74676    -6.30813   -0.768304    -6.04133   -0.817043     4.36756     3.18152    -2.21969    -4.08516    0.194017    -8.87121    -2.62177      52.132    -1.03203    -2.90937
    59.6867    -23.6624     20.7544     54.4463     12.8982     29.7184     2.49586     3.32689    0.452522    -6.10918     17.1716     17.3535     1.98618      0.9095    -10.4798    -1.24154    -3.08573    -2.16458    -6.83775    -5.89483   -0.189387    -5.78881   -0.827792     4.28948     3.12323    -2.50859    -4.04299    0.155719    -8.86658    -2.66788      52.132    -1.03203    -2.90937
    77.8227     48.4088     42.1015     45.3973     2.49844     15.7265      1.4503     2.91901   -0.208473    -4.97942     11.4817     18.6834     2.44846        1.54    -10.8474    0.191943    -3.93377    -2.26952    -6.98256    -6.16308   -0.676821    -5.85928   -0.797816     4.44033     3.09867    -2.33518    -4.10181    0.200529    -8.85636    -2.64305      52.132    -1.03203    -2.90937
    22.4004     -34.483     7.90937     37.6716     6.01694     11.1775     30.5664     9.16527     1.22528    -7.23849     9.44867     17.7921     2.29493     4.90843    -11.1336    0.888878    -5.43631     -2.4654    -6.86381    -7.08661   -0.435611    -6.91108   -0.897445     5.90001     2.84532    -2.13428    -3.91549    0.174311    -8.98925    -2.72147      52.132    -1.03203    -2.90937
    24.1844     21.2539       16.18     12.3159    -2.10831     14.0931    -7.50988   -0.740086    -0.44288    -8.97904     7.38358     17.2971     1.40162     1.93486    -4.77834   0.0941311     4.14261    -2.51963    -6.92033    -7.16215    -2.28433    -6.77794    -1.10322     4.03572     3.49916    -1.67084    -2.91734    -0.27908    -8.89511    -2.80961      52.132    -1.03203    -2.90937
     5.2089     53.6028     12.3836     33.1318     19.2469     24.5607     0.33202     4.87779   -0.249711    -6.14602     11.7321     19.7791     2.35971     2.84858    -11.7209    0.146982    -4.36629    -1.96138    -5.94617    -5.89483   -0.668596    -5.55468   -0.772939     4.58283     3.22115    -2.01783    -3.78756     0.02906    -8.93979    -2.63598      52.132    -1.03203    -2.90937
    35.1005     48.8139     47.7604     26.4765     7.93819     28.5906      8.1962     -2.0564   -0.359295    -5.65793      13.723     17.7854     2.20189     3.80381    -8.57843    0.655165    -4.73375    -1.91754    -6.18567    -5.27057   -0.707831    -6.20046    -1.20863     4.38362     3.60187    -2.18053    -4.09534    0.130946    -8.88967     -2.5997      52.132    -1.03203    -2.90937
    74.0222    -7.36914     44.3911     37.4853     12.2183     32.3922    -1.21969     3.22511    0.293935    -6.41144     15.6139     16.2468     2.19939     1.23609    -10.4641   -0.366797    -3.34741    -2.14493    -6.59856    -6.04451   -0.180067    -5.95638   -0.843017     4.27921     3.13677    -2.29848    -4.02309    0.160466    -8.84489    -2.61714      52.132    -1.03203    -2.90937
     34.192     86.9411    -5.43768      83.255     -2.6985     8.77405     8.68216     -7.7111    -1.89512     1.14793     22.0827      14.225     2.01315     4.92274    -9.73232     5.86963    -2.54238    -1.95956    -5.95716    -6.19426    -1.09526    -6.05812    -1.01608     4.60304     3.40217    -1.46546    -4.29576    0.114447    -8.84209    -2.55936      52.132    -1.03203    -2.90937
    91.8565     44.2742      36.232     32.1575     10.4376     21.7749     3.83457     1.39791    0.450122    -6.21723     11.2953     18.4203     2.12394     1.74995    -10.4211    0.324932    -4.11265    -2.28179    -6.89371    -6.03841   -0.644165    -5.86658   -0.808405     4.41853     3.14262    -2.35336    -4.08518    0.195026    -8.85588    -2.64123      52.132    -1.03203    -2.90937
    18.8857    -19.9089     10.1116     25.6882      4.8861     4.36977     22.9719     5.70182     1.61063    -5.41849    -1.09843     3.29872    0.900994     14.3371    -12.8029     -3.4268    -5.59571     -2.4227    -6.58791    -6.51403    -3.17607    -4.23623   -0.152528     3.67423     3.24114    -2.34283    -3.97153   0.0685475    -8.67171    -2.06708      52.132    -1.03203    -2.90937
    6.93527     48.7183     28.5805     30.3096     17.9731      25.986     4.23386    -3.86949   -0.350324    -7.60747     11.1927     19.1647     2.47086     2.63229    -10.7308    0.614436    -4.23582    -2.19692    -7.32341    -5.83978   -0.567906    -5.65461   -0.720551     4.45935     3.03403    -2.40079    -4.00561    0.162964     -8.8434    -2.64217      52.132    -1.03203    -2.90937
    103.308     22.9448     8.33579     27.6869    -4.62366     31.5603   -0.925686     -3.2441   -0.592686     6.59839     7.89658     20.0319     2.59246     1.37271    -11.4117   -0.549362    -4.62986    -2.42698     -7.8067     -5.7918    -1.05057    -6.22447   -0.946817     4.55527     3.19886    -2.02987      -4.116    0.163565    -8.83919    -2.60704      52.132    -1.03203    -2.90937
    1.26669     33.0435     7.69547     12.1674     19.0329     11.1664      -11.68     12.1704     1.00654    -0.84753     17.3215     18.9148     2.15458     3.78109    -7.70234    0.301635    -6.88159    -2.24598     -6.6743    -6.68631   -0.833094    -7.10118    -0.70987     3.91999     2.52238     -2.3527    -4.50136    0.448935    -8.99025    -2.53369      52.132    -1.03203    -2.90937
     28.032     26.6593     45.0099     29.7982     13.7613     20.7571     0.50638    -10.2577    -1.80107    -6.85511     13.2576     18.7333     2.05279     3.05277    -10.1446     0.34923    -4.68007    -2.37413    -6.95034    -6.62434   -0.647086    -6.04534   -0.673178     4.35073     2.77049    -2.17986    -4.07266    0.226662    -8.83636    -2.63515      52.132    -1.03203    -2.90937
    18.7694     35.4529     26.4945     10.6235     14.7108     11.1007    -5.79969   -0.416736   -0.413759    -4.04441     16.1974     16.8208     2.21603    -0.64883    -11.4296   -0.316665    -4.79499    -2.22388    -5.48065     -6.7294    -1.16585     -6.7412    -1.52533     3.99713     4.24861    -2.33656    -4.05113  -0.0276425    -8.88388    -2.57112      52.132    -1.03203    -2.90937
    12.2498     21.8001     30.1359     29.7456      17.962     17.5544      4.5006    -7.21709    -1.51448    -8.29808     10.9761     18.7628     2.21642   -0.456914    -11.7245     1.08978    -4.68631    -2.65173    -7.39827    -6.63129   -0.800186    -5.89788    -0.83707     4.25172     3.19967    -2.15748    -4.05789   0.0818505    -8.83944    -2.59425      52.132    -1.03203    -2.90937
    84.7762     40.9352      27.691      23.357     16.2501     18.5577     1.18296     1.26288   -0.210789    -5.04705     13.3372      18.388     2.23445       2.304    -10.2926    0.718461    -4.34483    -2.27659     -6.9769    -6.23612   -0.566798    -5.90593   -0.731514     4.34741      3.1297     -2.3981    -4.14854    0.224944    -8.93615     -2.5939      52.132    -1.03203    -2.90937
     17.426      43.226     20.5559     25.2955     16.6613     19.3733    -3.42948     5.30873     1.04599     -4.3587     14.0738     19.5707     2.48708     3.52183    -10.8849     0.34736    -4.97706    -2.03122     -6.3516    -6.21648   -0.562443    -5.78083   -0.648968     4.47385     2.90705    -2.12193    -3.99274     0.15858    -8.90455    -2.63267      52.132    -1.03203    -2.90937
    80.3582     26.4236     45.2257      43.052     8.38314     20.9007    -3.42401     2.00784      0.9505    -6.59068      10.126     18.4213     2.18421     2.00002     -10.656    0.654657    -4.68928    -2.32682    -6.81553    -6.23715   -0.854628    -5.97682   -0.818779     4.47852      3.1819    -2.15341     -4.0986    0.166094    -8.87849    -2.62299      52.132    -1.03203    -2.90937
    38.9841     57.3278     40.9783      47.352     1.00511     21.9706     5.61126     3.29877    0.114587    -3.37948     13.4877     15.8739     2.06368      1.1612    -10.5735     1.56702    -3.55267    -2.41662    -6.73863    -6.53053   -0.704417    -6.04527   -0.753823     4.41415     3.07809    -2.11469    -4.16313     0.21165    -8.85249    -2.61443      52.132    -1.03203    -2.90937
    113.518      38.639     44.9027     30.5236     8.33342     19.7287     2.21922     4.03875   0.0307632    -6.15259     10.7728     18.4574     2.37201     1.13995    -10.7985  -0.0990694    -4.03306      -2.309    -6.83015    -6.27502   -0.614904    -5.88909   -0.751916     4.40327      3.0564    -2.36879    -4.08824    0.211551    -8.85111    -2.64564      52.132    -1.03203    -2.90937
    27.6796     48.3062     42.7385     46.1316     5.52454     17.0428      1.4053    -2.64892 0.000311979    -6.21485     11.1359     19.5285     2.32403     2.55829    -10.0908  -0.0498409    -4.76419    -2.10706    -7.06212    -5.83622   -0.730569    -5.96424   -0.926625     4.41613     3.14619     -2.3468    -4.08512     0.15711    -8.87674    -2.63519      52.132    -1.03203    -2.90937
    91.9118     3.02548     45.0047     41.9183     16.2509     31.9831    -10.2368     1.00647    0.111918    -6.68325     11.1319      14.553     2.04767     2.44252    -10.7603     2.57738    -4.77706    -2.26124    -6.26499    -6.88219   -0.988169    -6.25199   -0.814221     4.60327     3.12276    -1.75491    -4.13474     0.12786     -8.8676    -2.56031      52.132    -1.03203    -2.90937
    65.0136     56.5171     36.1726     58.3896  -0.0791469     10.4175     1.18376    0.667352   -0.155385     -3.7129     12.9295     18.9423     2.26105     2.33833    -10.7297     0.59501    -3.73107    -2.31574    -6.88192    -5.96125   -0.713173    -5.83801   -0.820972     4.48576     3.19155     -2.2747    -4.11542    0.201927    -8.85443    -2.64219      52.132    -1.03203    -2.90937
    66.3641     3.27179     9.44632     34.0561    -10.0531     34.5527    -3.98238    -2.97223    0.153929     8.51274     6.66057     20.5075     2.46051     1.62703    -11.4594    -0.45123    -4.94286    -2.44617    -7.61773    -5.87724    -1.08224    -6.14993   -0.955523     4.60002     3.27097    -2.10752    -4.14778    0.170786    -8.83942    -2.62391      52.132    -1.03203    -2.90937
    55.5307    -20.7781     37.5796     35.0701     9.96735      28.173     10.5541      3.3391   -0.226113    -6.72949     18.9695     20.9553     2.44629     1.00811    -9.08717   -0.724357    -3.22426    -1.85815    -6.43223    -5.15762   -0.600751    -5.39762   -0.925639     3.91057     3.43625    -2.46618    -4.05354     0.14895    -8.90206     -2.6847      52.132    -1.03203    -2.90937
    130.687     35.2283     37.4752     24.7003      13.393     23.5326     3.50312     2.48738  -0.0924376    -6.25862      11.699     17.3277     2.24575     1.50687    -10.4536    0.831058    -4.05934     -2.2491    -6.54489    -6.38685   -0.692286    -5.99058   -0.786858     4.40679     3.09227    -2.19897    -4.11409    0.186012    -8.85123    -2.62448      52.132    -1.03203    -2.90937
    44.3682      27.377     41.2817       41.69     8.58381     21.4483     1.70935   -0.282798    0.208612    -6.70619     10.8228     18.3998     2.01724     2.36877    -10.1083    0.648269    -4.80195    -2.32523    -6.81754    -5.76732   -0.744355    -6.11364   -0.866683     4.47976     3.21869    -2.22746    -4.08687    0.144278    -8.90533    -2.61919      52.132    -1.03203    -2.90937