     51.2622      38.8482      31.3724      20.7837      15.4536      15.8794     -2.22323      2.54768     0.201533     -3.64139
     65.1827      4.53003      47.3119      50.0633      13.7291      25.8222     -11.3483    -0.567209    -0.987842     -7.62833
     70.7943      56.2642      34.9881      58.8258     0.279736      9.38186     0.684361     0.396675    -0.170008     -3.90413
    -10.9131      48.0449      2.66741      18.2208      26.9383      24.4347     -4.36025      8.75992     0.857755      -5.4712
     30.2521      22.9665      46.8884      31.9718      13.1949      20.2909   -0.0419523     -10.2784     -1.74028     -6.98166
     50.5244      45.4041      41.7074      28.1092      11.0476      27.2063       5.1359    0.0889686    -0.131532     -6.84674
      8.7173     -2.98917      7.56314      17.5754     -3.26619      9.59147      3.17303     -3.85622    0.0297691     -4.70961
     45.1306      54.5629      42.4171      51.2659     0.256543      17.0998      3.31287      2.34982     0.263479     -3.56889
     120.242      28.7766      45.4451      23.0738      12.3064      26.8161      1.62726      4.03435    -0.807006     -6.24598
     7.44514      66.1771      13.1352       48.089      15.5502      30.9307      7.34608     0.636372     0.108772     -7.80916
     92.7031       3.1521      39.3417      44.2636      16.1827      31.0656      -8.9744     0.577871   -0.0377216     -6.53579
     10.8512      82.0335     -20.3279      60.1923      26.1303      34.8631      10.4033     -2.95529    -0.490952     -11.4238
     132.432      43.1575      29.0516      32.5012      13.2981      17.2296      3.80755      0.28266    -0.187495     -6.59173
     73.0727      7.62076      14.7845      27.7481     -10.1688      35.5253     -3.57257     -2.17166     0.291702      7.50281
     112.679      12.9473      26.2909      47.0455      18.7816      26.5279     -7.95092     -2.72863    -0.232726     -6.34389
     73.7529      45.9769      49.2743      47.8876     -0.12013      13.0374    -0.768519      3.91703    -0.369164     -5.35701
     57.2152      24.3658     -4.35505      54.4968     -17.9639      21.7475     -8.64805     -4.58378    -0.276376     -5.93415
     84.8312      29.5261      22.8206      26.6523     -10.9535       26.718     -2.99086     0.460765   0.00510767     -7.00747
     21.2205      31.4491      24.0554      10.2632      16.0865      9.50104      -7.6959      3.01515   -0.0437507     -2.05006
     77.9823     -15.3606       19.793      59.8448      16.7606      30.6825     -6.73012    -0.782629    -0.102173     -6.05757
     10.6092      47.6492      15.2254      28.0962      18.4201      20.9546     -2.72546      6.44344      0.90074     -4.66793
     105.599      22.6781      6.79502      27.9347     -4.03789      31.7956    -0.989985     -3.63645     -0.54054      6.86042
     142.196      40.1436      26.2399      28.4313      16.3301      20.1092      4.57454    -0.372557     -0.17855     -6.62849
     35.2567     -33.8645      16.3513      43.7002      8.74714      20.7255      20.8125      7.33635     0.583016     -7.03192
     107.103      2.87707      15.6102      63.8134      23.2418      24.9496     -13.2981     -6.66195    -0.653147     -7.57146
     82.8365       5.9355      32.3527      34.0169      11.0612       21.507      8.20804      3.53875     0.995087     -7.03897
     51.2958      9.33052      54.4923      34.7319      10.1558      20.6137     -2.55744     -5.99953     0.133491     -6.77219
     19.3261     -31.8301      5.42605      34.3363      4.74881      8.13037       31.253      9.79361      1.70853     -6.85162
     65.5487     -13.6269      42.4147      36.6366      11.4751      30.5884      3.07842       3.0411     0.227752     -6.63812
     49.3023       -34.46     -8.36842      67.4382      10.6913      23.6471      14.0417      5.92415     0.487352     -7.12918
     122.953      38.6912     -16.4727      9.29343     -19.2432      33.2347      4.90121     -4.72959    -0.661454     -1.59076
    -6.99843      60.0091      3.04939      32.8951      26.1173      34.4376      4.14721      4.38725     0.700655     -9.04329
     116.288      37.2582      17.2537      24.9489      -0.7581      23.4138      1.34091     -0.19859    0.0355435     -8.46932
     23.1843       74.724       13.728      64.9982      4.38772      20.2183      7.43334     -1.35376    -0.464586     -3.88512
     133.604      31.7965      26.6633      32.9465      16.9489      22.3504      1.02749    -0.890172    -0.299939     -6.64924
       110.1       43.935      39.1553      39.6399      7.08491      14.5476      1.37329      2.36266    0.0343304     -6.15648
    0.227013      31.8342      5.12775      11.7666      22.5791      10.8119     -12.8434      15.6166      1.54462     0.799135
      43.027     -14.3134      10.2288      34.8335     -6.35183      30.9494      2.73893     -1.17609     -1.04841       6.7933
     23.7294      44.8034      43.4143      42.3407      7.34329      17.9434      1.61164     -4.10102    -0.479222     -6.40551
     53.8731      69.2442      24.6403       72.546     -2.39229      4.91821       2.2382     -1.92584    -0.661897     -2.09403
     102.052      25.2702      40.5938      37.8467       11.797       22.308      -1.9374      1.74344     0.156279     -6.65284
     55.2979      -12.025      37.0833       24.095      9.97593      17.3244      13.4545    -0.764001     0.474672     -6.71175
      40.767      32.4328      39.3776      38.3535      12.1442      23.8734      1.30519     -1.02159     0.257309     -7.38188
     65.5775      45.1639      54.7719      34.9624     0.857558      22.5015      3.85946      5.45006    0.0956346     -3.55154
     33.9766      87.3929     -5.96606      83.5922     -2.72523      8.67014      8.77019     -7.83334     -1.91506      1.18157
     23.2335      46.8136      40.4286      23.1189      14.2572      25.6878      5.81229      -5.9372    -0.821129      -6.8652
     30.9015      33.8514      13.1916      25.6785     -27.8384      21.2951     -9.31676      1.82071      0.22442     -25.0568
     21.4324      8.22273      35.0247      31.5732      14.2766      14.4193       5.9568     -7.70597    -0.574835     -7.96038
     29.6079      54.7939      41.3131      36.0563      6.92884      27.9518      7.24449      1.05163     0.554003     -5.41821
     132.144      35.7191      35.9409      25.4879       13.825      23.0367      3.50922      2.06304     0.022798     -6.35568
     55.2351     -24.0468      21.9817       52.176      12.0257      28.1127       5.2652      4.11198     0.557138     -6.35193
     92.2719      43.5041      48.8647      37.2025      3.45545      17.8496      1.85232      4.97799      0.11428     -5.05796
     87.1518     -19.1799     -7.23689      81.6971      21.9765      26.4097      -9.5607     -7.33883    -0.801477     -6.78573
     35.9643     -8.42045      39.3959        35.35        9.228      14.2769      10.2338     -4.45397    -0.419579     -7.14117
     61.3752      26.5085      45.6429      32.9091       11.983       25.318     -1.14601    -0.585918    -0.144044     -6.98589
      112.52      43.2578      28.3894      29.8507      14.5139      19.9431       3.8992     0.767505    0.0178614       -6.417
     35.5522      48.6488      47.5039      26.3059      8.25249      28.5823      8.06491     -1.91769    -0.294113     -5.73685
     50.9711       31.117      55.1963      45.2872      3.88823      16.7893     -2.93911    -0.681892     0.464476      -5.9359
     123.182      41.2853       36.618      33.7946      10.5428      17.1138       2.5415      1.93363    0.0766623     -6.44214
     82.3167      29.0285      44.3575      44.4396      8.02763      19.5736      -3.1425      1.90451      1.27689      -6.4468
     98.3213      48.5866      38.5035      51.5773      3.30217      7.76258     -1.20817      1.33848 -0.000580557     -6.04255
      16.195     -6.97329      22.6015      26.7221      12.6132      6.30738      15.4726     -0.74862    -0.119333     -7.97173
     110.365      37.9882      46.8353      30.1836      7.67103      20.1598      1.99012      4.38049     0.199372      -6.1094
     102.406      38.6447       3.3187      17.3624     -14.4332      25.6587   -0.0391315   -0.0698742  -0.00837759     -14.5292
     63.3618      48.7372      38.4709      40.2262      7.41736      22.0196      3.25863      2.33711     0.310608     -5.91152
   -0.640721      46.3292      21.1613      25.1167       20.802       23.842      2.27491     -2.43341    -0.889584      -7.6485
      45.347      35.8576      28.6511      23.0501     -10.9935      26.7726    -0.688821    -0.107795    -0.468346     -11.4404
     1.16345      34.9878      11.2106      13.4171      13.2233      14.0247     -8.08849      4.17532   -0.0517608     -5.98926
     130.535      39.5176      -7.4357      13.9735     -9.62265       30.142      5.49176     -4.21625    -0.904402    -0.744156
     46.3723      48.9678      50.9616      32.5096      3.29398      26.6133      6.66561      2.91323     0.170349     -3.92817
     148.829       42.173      22.8229      27.1366       17.194        19.68       5.9172     -1.05776    -0.339567      -6.5832
     94.0011      44.5657      35.4132      32.1796      10.9535      21.5062      3.88884      1.36575     0.394151     -6.26126
     140.694      40.7841      13.3739      23.4927      8.07001      23.0314      5.30133     -2.00578    -0.470193      -4.7116
     73.0257      42.4814      41.8859      29.4483      10.2903      23.9329      3.50278      1.11666   -0.0864007     -6.53497
     63.4549      35.4309      12.6533      20.4451      -31.251      26.4696     -5.05771      2.42627    -0.168941      -21.356
      7.7218       15.815        19.45      22.8444       19.693      12.1616      3.37651     0.279167    0.0723065     -6.11519
     28.2885      61.0401      29.2792      51.0588      5.83335      22.7413      5.40808     0.792557    0.0517485     -5.28578
     84.3519      40.9325      27.5161      23.2481      16.6672      18.2139      1.03351      1.32122    -0.175557     -4.86216
     14.1277      54.7113      28.8608      35.9732      14.4584      28.2261      5.63857     -0.85229    -0.264685     -7.13073
     44.0419     0.327373      38.4621       42.395      14.0244      23.1328    -0.718163     -1.64516     -1.42053     -8.04039
     33.1148     -22.3612      26.7651      27.5499      8.80058      10.9513      19.9895    -0.695392    0.0494356     -6.44896
     68.1944      34.3526      5.16734      11.0836     -4.76668      20.6488     -2.98436      1.18922    -0.102248     -7.95023
     36.3065      31.0719      13.3723       11.711     -1.25261      16.5426     -6.68952      2.51019     0.138413     -6.76127
     46.1959      37.6758      54.2492      22.1899      9.62781      20.5325      4.01727     -7.14397      -1.1119     -5.69407
     33.4119     -2.87337       22.219      18.8988     -8.51129      24.1313    -0.648605     -9.22953     -1.56664      2.33245
     68.5108      33.0992      60.6779      17.2938      7.80862      21.2997      4.15396     -4.56566    0.0911824     -5.46189
     33.9383       39.529       43.235       16.172      15.0785      20.7224      3.01511      -7.0781     -1.18846     -5.79756
     133.758      39.6647      3.33315      19.1838     -0.90074      26.5244      5.00974     -2.99286    -0.668421     -2.86398
     105.292      14.2424      45.5432      31.2512      14.0416      29.9001     -3.63335      2.59292   -0.0517584     -6.34245
     31.5052      45.5707      29.0155      30.1533      14.8138      22.4375     0.218727      2.81652    -0.273875     -5.74595
     76.0531      16.7508      56.8356       35.077      8.00743      24.3919     -4.12215      2.06294     -1.05425     -6.41881
     97.7048      25.4615      58.6208      21.8365      8.25407      26.6027     0.543367      4.27202      1.65086     -5.97506
      48.345      -24.551       31.848      35.9062      9.28335      24.8109      14.8914      4.08817    -0.919079     -6.66957
     79.5282      35.4437      60.5239       31.421      2.62748      20.7743      0.52672      5.05413     0.184993     -5.42353
     82.6728    -0.398372      52.2731      33.3538      12.9858      32.7662     -5.35076      2.63784     0.138039     -6.39632
     16.2615      40.7225      29.9178      13.1826      18.2145      16.1272     -1.21729     -4.11667     -1.05246     -4.81766
     15.2081      20.8973      14.1989      15.8166     -8.02726       15.303     -8.40684     -2.80066     -1.06025     -14.3219
      13.685      31.6287      32.0786      31.1068      17.9496       21.428      2.83793     -6.57758     -1.09283     -7.97093
     32.6341      20.0707      31.7412      25.8486      17.6113      17.4805     -4.48104     0.280147    -0.326822     -5.24483
     120.788      23.7447      33.5295      33.0467      15.5353      25.3947    -0.731264     0.612262    0.0924319     -6.48865