   0.593865    0.083037   0.0140515    0.148895     1.54372     54.4741     31.1983     11.2218    0.245605   0.0607893    0.415846    0.258113     2.51192     7.24311     11.1046     16.4328     23.1907     17.2542     11.8709     7.55693     2.44598    0.130684   0.0467042      3.5794     11.3528     16.3369     28.0002     34.3741     4.93581    0.907627    0.362028    0.100448  0.00402569
    0.35574    0.115929   0.0829291     2.78521     18.6279      72.158     5.28625    0.116348   0.0167157    0.146829     0.29673   0.0309781    0.359461     2.21828     7.09837      19.308      42.521     19.0702     6.90285     2.06151    0.373739    0.044163  0.00238532   0.0511404    0.399543     2.83787     17.9944     41.4848     20.1187     11.4258     5.00883    0.657446  0.00768446
    17.9618     7.54082     2.01212     3.45202     11.8205     31.8982         5.4     1.24871     3.04657     7.02054      8.5987      0.1227     1.57127     6.45253     11.2655     17.2898     26.1341     18.2337     10.5503     5.71848     1.93814    0.723537    0.109919     1.25506     5.06131     10.9906     21.4717     20.4034     18.4038     11.6864     7.83761     2.58623    0.193972
    0.57119   0.0403793    0.362715     11.5421     29.1507     55.5822    0.344688   0.0114079   0.0881978    0.177548     2.12894   0.0352414    0.855568     5.00241     9.67205     18.5742     32.0068     18.5704     9.53504     4.88366    0.831106   0.0335876 0.000108124   0.0105388   0.0762896    0.365121      2.0479     34.5492     34.9381     16.6803     9.65988     1.66417  0.00836016
    8.73733   0.0184315   0.0263188    0.543453     4.00797     59.0921    0.238907  0.00564089    0.010507    0.256352      27.063  0.00305979   0.0309138    0.172652    0.781055     9.90403     78.0529     10.0684    0.782196    0.171746   0.0299606  0.00308882 5.65816e-05  0.00261887    0.018443    0.129397     2.99079     76.8171      17.237     2.02354    0.644936    0.135348 0.000776322
   0.603236   0.0913634   0.0254761    0.409487     17.3993     70.0133     10.4674    0.126133    0.034401    0.110724    0.719143    0.224201    0.583655     3.80778     12.4352     20.4628     25.4223     20.4223     12.1801      3.7871    0.583976   0.0906072  0.00123224   0.0288821    0.273315      3.3818     25.2215     34.7838     28.7311     6.75941    0.734261   0.0802796  0.00442316
    17.9924    0.310487   0.0201881    0.212608     3.14857     57.7436     3.23955   0.0744469   0.0160543    0.480905     16.7612    0.219585    0.131242    0.397693       2.765      20.745     50.1395     21.7987     3.23556    0.439518   0.0949706     0.03328  0.00219184     0.02105    0.199151     1.27364     19.1872     59.0876     18.0598     1.76679    0.338098   0.0546126    0.009897
    2.33081     0.82518    0.138488     5.99935     22.4969     39.3225     23.4498     1.63016   0.0902864     1.26792      2.4486     1.44145     6.51666     9.95203     11.7032     13.6818     15.6578     13.8114     11.2591     9.00126     5.62605     1.34936    0.016598    0.367862     3.21152      14.683     24.3168     12.4647     20.9471     15.7601     6.92928     1.17522    0.127722
    12.5041     9.72091    0.447943     1.10653     7.29911     20.3502     22.1732     3.39598    0.987876     10.7148     11.2992   0.0877793    0.400091     1.47405     6.10051     19.0919     43.0846     19.7238      7.6445     1.89097    0.373902    0.127818    0.175026     1.20752     7.70975     21.4426     26.4607      8.2249     15.1697     12.7397     5.77499    0.975109    0.120033
    0.20854   0.0165341   0.0379291     2.48584     20.5507     76.0607    0.308302 0.000777444  0.00748191   0.0247632    0.298428  0.00455252   0.0937983     1.19096     4.99432     15.8128      55.894     15.8373     4.94398     1.14561   0.0778569   0.0047408 2.52033e-05  0.00159254   0.0125104     0.10012      3.0365     58.7543     24.5714     10.3487     2.91861    0.253086  0.00324643
   0.936646    0.122634   0.0396653    0.994968     12.0933     70.0971     14.5405    0.183144   0.0157001    0.206079    0.770235    0.109117    0.410114     1.92997     7.45392     21.8061     41.8906     18.8336      5.7455     1.40115    0.319515    0.100448  0.00164895   0.0543381    0.529918     7.00089     36.2941     26.3488     19.8919     7.66672     1.89441    0.311091  0.00615732
   0.965383   0.0549487   0.0143918   0.0592722     4.06564     72.3998     21.6004    0.171748  0.00699008   0.0639431    0.597463   0.0518021    0.204167     1.51385     10.8598     23.0586     29.7145     22.1867     10.3925     1.73056    0.254624   0.0328658  0.00329148   0.0492944    0.344622     5.97188     38.5921     38.4473     15.2973      1.1115    0.147266   0.0291517     0.00636
   0.363131    0.117142   0.0103557      1.4141     27.9225     68.9247    0.641089   0.0103839   0.0102661    0.155234    0.431149   0.0526783    0.246006     2.80332     11.4712      21.298     28.2394     21.2893     11.4514     2.89019    0.241593   0.0168532  0.00237699   0.0243918   0.0946833    0.353568     4.50843     46.9814     33.8415     12.3788     1.74796   0.0665406 0.000322105
   0.347587     0.11078    0.021747     1.23502     29.1786     61.1947     7.07476    0.136798   0.0317369    0.142791    0.525413    0.199019    0.652996     3.96462     11.5723     20.1592     27.0821     19.9218     11.4756     4.17643    0.677536    0.118402  0.00247499   0.0523185    0.333734     2.62576      16.916     27.9974     36.8121     13.5069     1.62831    0.119828  0.00516161
    0.37639   0.0477945   0.0107549     0.14765     17.9617     77.0011     3.64281   0.0982304  0.00982122   0.0706295    0.633107    0.121331    0.235197     1.27575       8.029     23.9719     35.6974     22.4415     7.03201     1.03207    0.121453   0.0424484  0.00237503   0.0360136    0.191995      1.3965     15.1821     37.8554     40.2761     4.72951    0.305606   0.0226959  0.00165141
    7.54181    0.180324    0.551686     9.14465     21.6106     43.9173    0.337548   0.0162812    0.127794     1.35439     15.2176  0.00457784    0.447093     2.89502     6.99055     16.1563     46.0894     16.6607     7.24611     3.04105    0.465857    0.003427 0.000207458   0.0265442    0.119818    0.347754     3.99357     44.0417     27.0924     14.6226       8.001     1.72766   0.0267966
   0.646599   0.0366349  0.00849325   0.0170182    0.678983     78.5374     19.6642   0.0715818  0.00362975   0.0248407    0.310599  0.00935448   0.0355733    0.296008     4.96324      25.658     39.6259     24.3584     4.66732    0.339371   0.0411881  0.00568876 0.000577894   0.0338403    0.177742     3.84789       39.71     51.5443     4.33809    0.285831   0.0489891   0.0104867  0.00224834
    0.20848   0.0284444  0.00155268    0.156687     39.9043     58.7409    0.258479  0.00323407 0.000809319   0.0208981    0.676202   0.0014921  0.00618923   0.0741635    0.837266      14.449     69.0458     14.5772    0.906843   0.0795976   0.0127565  0.00971808 2.86303e-05 0.000412022   0.0152936    0.127123     1.46522      25.236     65.9953     6.92844     0.22495  0.00718378 6.20287e-05
   0.107973  0.00211155 2.88811e-05  0.00304168     58.1538     40.8106   0.0735713 0.000727626 0.000315521   0.0132794    0.834584  0.00325142  0.00346599    0.014145    0.149735     5.43286     89.1095     5.09149    0.178111   0.0155546  0.00162812 0.000243384 1.91672e-06 3.44118e-05   0.0013115   0.0273683    0.535091     14.0299     76.3815     9.01297  0.00964596    0.002121           0
   0.630043    0.399968    0.114142     2.01432     17.5222     47.2646      23.827     6.84011    0.326446    0.268148    0.793024    0.993461      2.6537     4.72188     7.86689     13.4765     19.9554     19.0847     14.5551     10.2146     5.28419     1.19358    0.102493     2.66389     8.47363     15.1253      20.368     16.8537     21.9259      10.076      3.6988     0.68969   0.0225154
   0.362022    0.131828    0.031685     5.53351     57.2133     35.0537     0.33511   0.0171829   0.0517223    0.508375    0.761617   0.0459881    0.132931     1.18063     7.73826     22.4015      36.436     22.9784     7.89195     1.08638   0.0957418   0.0122052 0.000589621  0.00764228   0.0824986    0.364759     1.18425     12.3129     50.4845     28.9676     6.37309    0.221303 0.000803878
   0.158867   0.0161784  0.00282766    0.802134     34.8449     63.0959    0.310217  0.00155592  0.00173449   0.0653296    0.700406   0.0143081   0.0255128    0.615605      8.3919      24.161     33.5102     24.0742     8.48306    0.694698   0.0276691  0.00180711 2.58446e-05 0.000764952   0.0167978    0.151136     2.08045     40.6962     42.0866     14.0897    0.857838   0.0202356 0.000285892
   0.333638    0.111911   0.0953864     5.07785     38.1144     54.4384    0.671341   0.0100638   0.0246936    0.133686    0.988629     0.00952   0.0717191    0.765791     4.36028     18.3878      52.781     18.2531     4.48811    0.807216    0.068804  0.00671067  0.00148389  0.00947918   0.0641947    0.423595     3.06821     29.2105     43.3817     17.9438     5.30938    0.574509   0.0132132
   0.538455    0.150604    0.464805     14.0721     37.3027     44.8273    0.312606   0.0119935    0.153987    0.781014     1.38432   0.0423587     1.74391      8.0503     13.0485     16.7064     20.7613     16.6208     13.0953     8.14135     1.74635   0.0434723  0.00121336   0.0192315    0.114567    0.391491     1.62822     27.1167     32.4528     22.8652     12.9697     2.40621   0.0347197
   0.476351   0.0128644 0.000977879   0.0156395    0.746832     92.9015     5.38833   0.0292491  0.00106126   0.0324915    0.394701 0.000322269  0.00846693   0.0596979    0.950341       16.05     65.8013     16.0784    0.980846    0.062051  0.00796599 0.000667959 3.61454e-05  0.00454441   0.0606164     1.17949     24.6693     68.8841     4.91813    0.242706   0.0358392  0.00519561 3.13289e-05
   0.372752   0.0463993  0.00924984     1.37529     26.6079     69.7393    0.963419    0.035656  0.00977698   0.0729907    0.767274  0.00893023   0.0349801    0.516283     4.85311     20.0433     49.6122      19.503     4.88837     0.49658   0.0376512  0.00553941 0.000763285   0.0139754   0.0905685    0.532415     4.96294      45.414     34.5922     12.6273     1.68196   0.0826176  0.00124071
   0.716012    0.166451     1.08625     20.9426     45.0774     29.3665    0.641831   0.0383779     0.11137     0.47337      1.3799   0.0579712    0.706139     4.11434     10.5914     19.4483     29.0502     19.4623     10.9662     4.61364    0.909474   0.0800931  0.00676333   0.0684752    0.222327    0.663514     2.41188     10.4632     33.8356     28.2619     19.1949     4.69649    0.174937
    10.2348     12.3912     3.23431     1.48305      5.2712     27.8636     22.5611     6.77482     1.57932       3.439     5.16765     4.66281     5.19498     5.82386     8.31416     11.0407     14.0346     10.1983     9.31648     9.16931     9.93241     12.3124    0.602747     6.26772     16.7684     24.5606     21.4555     9.07189     9.99812     6.79828     3.43066    0.968154   0.0779628
    26.3122     1.26819   0.0217004   0.0762983     2.42228     48.9043     10.3636    0.206116   0.0144832    0.590795        9.82    0.263401    0.206418    0.787152     6.61927     23.8798      38.846     22.2269     6.04255    0.877378    0.189701   0.0613933  0.00156285   0.0860245    0.584801     5.30498     37.3312     42.3732     12.6445     1.45756    0.194945   0.0206437 0.000516925
   0.580627   0.0495721   0.0147771   0.0169877    0.902988     89.9968     8.02436   0.0460941  0.00875973   0.0152117    0.343842    0.033847   0.0619498    0.245209     2.71264     23.6586     46.1884     23.8273     2.95969    0.266949   0.0414216  0.00402905  0.00273643   0.0469755    0.110169     1.30779     31.5942     60.0754     6.47689    0.335915   0.0431776  0.00616061 0.000607442
   0.401652   0.0939137    0.398122     11.9291     46.0147      39.154    0.861985   0.0238904   0.0570069    0.148472    0.917156   0.0130205    0.226023     1.98582     6.90931     19.0275     45.0095     18.5942     6.43226     1.65502    0.137555  0.00982057  9.8961e-05   0.0262649    0.162253    0.554963     2.64589      15.585     42.5814       25.81     10.9855     1.61821   0.0303316
     17.251 0.000529349  0.00358847   0.0880353    0.413848     60.9984   0.0943448 0.000396365 7.21674e-05  0.00628033     21.1435 8.21676e-06  0.00282237   0.0207467   0.0730456     1.47162     96.8229     1.51095   0.0751027   0.0201541  0.00266955 8.50814e-06   3.425e-06 7.71869e-05 0.000622103   0.0293535     1.23884     96.2785     2.12874    0.207952   0.0924673   0.0234603 1.09995e-05
    0.51645  0.00401089 0.000150778  0.00378801    0.224677     97.3321     1.42586  0.00729228 0.000442072   0.0112304    0.473957  0.00023605  0.00357141   0.0152876    0.240132     9.90958     79.6387     9.90417    0.269016   0.0162275  0.00299966 0.000112899  5.7859e-06 0.000761674   0.0185359    0.358473     10.9077     85.4759     3.14884   0.0776763   0.0110706 0.000968845 1.00074e-05
   0.226273 0.000177312 7.82127e-05  0.00583599    0.113006     99.3388   0.0635146 0.000192838 0.000117255  0.00163619    0.250316 1.26323e-05 0.000185257  0.00180088   0.0160271      1.1495     97.6525     1.16162   0.0162316  0.00186917 0.000185386 1.81648e-05  6.3198e-07 1.09822e-05  0.00059406   0.0148086     1.26656     97.4283     1.23999   0.0403752  0.00873788 0.000659832 1.73563e-06
   0.936405    0.532736   0.0357037   0.0281321    0.488734     30.2747     58.5095     7.89612     0.16582    0.522573    0.609582   0.0190316    0.171731     1.44852     7.37012     20.1569       43.23     19.3701     6.67809     1.24807    0.176771    0.130643   0.0163162     1.06099     9.66966     31.6703     45.1051     9.87327     1.53012    0.759754    0.301541   0.0129958 2.76785e-05
   0.226826   0.0523837   0.0105125     2.82676     45.1807     50.2097    0.708892   0.0196339   0.0150679    0.126391    0.623141   0.0359138    0.128105     1.31134     8.76881     22.9057     33.9494     22.8647     8.57159     1.27546    0.131904   0.0570925 0.000385472   0.0073541   0.0634382    0.384291     2.70423     23.6141     48.1263     21.6489     3.26406    0.186132  0.00087076
    1.82304    0.434613  0.00844336    0.022968    0.689408     49.1308     44.1618     2.58916   0.0167788    0.252012    0.870949   0.0739826   0.0772884    0.802431      6.2854     21.8973     41.8066     21.6764      6.3438    0.855341    0.133348   0.0480453  0.00450238    0.106549     2.79374      19.362     53.6697     20.7173     2.55374    0.649983     0.13215  0.00888013  0.00145946
   0.332001   0.0024656 0.000443499  0.00722965      1.8448     96.5515    0.897888   0.0091527 0.000194812  0.00276131    0.351597    0.014217   0.0142851    0.104168     1.35621     21.2197     54.2543     21.5067     1.41146   0.0977364   0.0198806  0.00137889 3.68986e-05  0.00130637     0.01958    0.207507     9.18573     76.2915     14.0106    0.268674   0.0127654  0.00191991 0.000329005
   0.249374    0.065099   0.0093195     1.63614     53.7841     43.1052    0.432522  0.00877553  0.00991883    0.144212    0.555351   0.0094616   0.0369687    0.275337     2.46524     18.1216     58.2228     17.8757     2.62417    0.325142   0.0394978  0.00412376 0.000494305   0.0035558   0.0411757    0.291685     1.48811     15.6421     60.5464     20.3023     1.63552   0.0484213 0.000182387
    12.0639     2.37245    0.394691     6.34577     21.6664      40.027     1.36521    0.150954    0.669194     5.17843     9.76606    0.141365     1.24932     6.30608     12.8497     19.1423     24.9708     17.7214     10.9564     5.31774     1.14042    0.204469  0.00354858    0.116408     0.88759     3.42542     11.0128     30.5335     28.0285     16.8214     7.97016     1.17213   0.0285025
    6.72219     3.43461     3.55345     13.7021      32.673     26.3478     1.26689     0.32053     1.60664     4.57161     5.80124    0.393978     2.27708      8.4368     13.2703     17.0706     21.7858     17.3594     11.1379     6.26483     1.69018    0.313159    0.103057    0.567089     2.14085     4.20607     6.29466     11.2111     30.8576     23.4292     14.6536       5.844    0.692763
     1.2627    0.258208   0.0424608    0.401451     8.29352     59.8621     27.0886     1.08602   0.0300141    0.312889      1.3621    0.365334     1.17258     4.34178     10.2561      17.567      24.198     20.2062     13.7778     6.28902     1.55747    0.268739  0.00779465    0.188582     2.09977     14.4736     34.8635     24.6837     18.1644     4.37592    0.882518    0.246243   0.0139961
   0.384726    0.141614    0.377073     22.5957      55.592     19.0303    0.676434    0.167253   0.0230668    0.328842    0.682944   0.0466267     0.21993     1.40799     5.47289     19.7083     45.6746     19.9228     5.46929     1.67139     0.32393   0.0822127 0.000905942    0.141898    0.264089    0.582027     1.41226     5.52716     28.6891     37.1655     23.6538     2.49134   0.0719056
    1.10704    0.319876   0.0350524   0.0905635     1.32011     45.1823     44.0041     7.15176   0.0624008    0.151135    0.575678    0.116924    0.623709      4.5536     12.5428      20.283     26.0061     19.2257     11.4206     4.24093    0.849262    0.137349   0.0432754     1.08126     9.54149     25.0715     38.1232     20.1571     4.55365    0.993684    0.345192   0.0756386   0.0140064
    8.27789     3.13183     0.51741     1.96765     11.8231     29.1681     6.45649      0.9728    0.805146     11.1688     25.7108     1.17487     2.96411     6.46023      10.788     15.6989     20.6312     17.2065     12.6014      8.3905     3.48204    0.602168   0.0130056    0.422297     2.65159     6.92613     14.4182     17.4345     28.8873     19.5088     8.47814     1.24921   0.0108813
   0.327012   0.0562646   0.0542544     6.29745     33.5827     58.4671    0.596948   0.0320639   0.0269955    0.231723    0.327474   0.0866084     1.77436     8.03819      12.742     16.7214     20.8469     17.0605     12.9486     8.00779     1.71526   0.0584159  0.00523296   0.0544063    0.134736    0.401198     2.80199     41.3247      29.269     17.4252     7.88591    0.693525   0.0040757
    1.90374    0.484993   0.0143695   0.0345417    0.742194     58.8937     35.0104     2.07342   0.0136214    0.210448    0.618565   0.0216562    0.141651     1.95252     10.5852        22.4     31.3934     21.2011     10.1665     1.96984    0.147856   0.0201962  0.00359397    0.139448      2.8423     17.7615      39.139     36.0033      3.3922    0.520569    0.170053   0.0270541  0.00085723
    5.08793     5.54082    0.909626    0.392659     1.38562     23.4154     42.0247     16.9772     1.44839     1.52474     1.29298    0.743971     1.84524     4.27004     8.78245     17.2459     28.7395     19.2401     11.8707     5.43697     1.61004     0.21503     1.05787     9.95117     20.7311     27.7129     26.2811     7.00876     2.93922      1.8186     1.66121     0.80037   0.0377301
   0.518148    0.311739    0.077407     1.57728     10.6301     46.1887     35.0147     4.84713   0.0642673    0.260582    0.509975    0.687188     2.66589      7.1152     12.3826     18.1225     21.8637     17.3938      11.337      6.1797     1.93765    0.314785    0.109006      1.4357     8.41502     22.0083     29.5193     14.3637      12.842     7.09902     3.09338      0.9849    0.129608
   0.392708    0.184425   0.0241011      3.3817     37.3066     47.4563      9.9659    0.520141   0.0353786    0.266082    0.466645    0.209994    0.979771      3.5936     8.73554     18.9577     32.2535     20.0032     9.66988     4.03493     1.32946    0.232437   0.0026901    0.120876        1.39     5.78125     13.9259     17.0802     35.0839     21.6314      4.7132    0.263695  0.00684325
    6.97616    0.157756   0.0207272    0.354685     7.37497     49.6196    0.602502   0.0113637   0.0136514    0.602113     34.2665   0.0373334   0.0544457    0.292289     2.81954      21.117     51.1955     21.2196     2.89315    0.301948   0.0442117   0.0249977 1.94044e-05  0.00354444   0.0682964    0.423224     5.58221     51.8855     36.6906     4.77101    0.518072    0.056517 0.000928673
    1.10979    0.208192   0.0216213   0.0173979    0.476235     69.4131     25.3638     2.29794   0.0548945    0.254436    0.782659   0.0771532    0.334864     2.85533     10.3194     20.4247     30.1096     20.7046     11.2163     3.41815    0.467932   0.0719857   0.0269886      0.5416      3.0049     12.4971     29.4845     50.4612     3.28322    0.469538    0.193532   0.0264326   0.0109781
    4.62124    0.238385      0.8079     15.6717     32.7887     37.9778     0.33599   0.0176457    0.118738    0.973836       6.448   0.0139896    0.393959     3.33451     9.61117     19.1017     34.5625     19.3299     9.90758     3.37232    0.361297   0.0111544 0.000200617   0.0135473    0.100898    0.414068     4.37222     24.1416     33.3611      21.472     13.4301     2.66989   0.0243526
   0.382646   0.0138251 6.53721e-05  0.00176101     24.1901      73.807   0.0838074  0.00104412 0.000240046  0.00196351     1.51754  0.00121844  0.00106728   0.0106058      0.1009      5.1226     89.7139     4.94639   0.0961905  0.00607489 0.000742146 0.000327405   3.942e-07 0.000902267  0.00702728   0.0538151    0.799972     31.8943     66.4972    0.742141  0.00455311 0.000133902 1.48029e-07
    3.60215    0.310235   0.0206803    0.013089    0.981344     70.0039     21.1392     1.62703   0.0356098     0.56385      1.7029   0.0495007   0.0972226     0.69971     4.67244     17.2832     54.6622      16.847     4.82462    0.756511   0.0928945    0.014651  0.00258795    0.201068     2.29091     10.3477     25.7696     54.6114     5.71658    0.780212    0.264432   0.0149053 0.000655608
    16.4842     2.70366    0.315427     2.59151     8.75995      47.643     2.64486    0.272757     1.30817     7.02736     10.2491    0.430929    0.790442      3.5497     8.41521     18.3943     42.0634     16.4738     6.91425     2.57854    0.360183   0.0291869  0.00294367   0.0587243    0.878649     4.60922     15.3793     43.1332     19.0774     9.85105      5.8662      1.0884   0.0549111
   0.342495    0.123983    0.402076     9.05001     24.3588     63.9237    0.256973  0.00291296    0.031185   0.0578337     1.45012   0.0117098    0.642713     3.76467     7.79878     15.8533     43.9795     15.9542     7.68189     3.66529    0.640516  0.00745904 2.10688e-05   0.0186967   0.0757227    0.195392     2.12815     46.9459     27.0435     13.8284     8.00178      1.7571  0.00537985
   0.185756   0.0222787  0.00605509    0.398208     38.6492     59.5595    0.603408   0.0138588    0.003298    0.037827    0.520619   0.0433221   0.0721618    0.393483     3.91348     23.3346     43.9881     23.5606     4.19817    0.427102   0.0455407   0.0234922  0.00019163  0.00314202   0.0436506    0.299164     2.49799     28.6578     55.7049     12.1952    0.527889    0.069052  0.00101354
   0.163317   0.0315612  0.00878615    0.355549     20.8517     77.7763    0.474701   0.0045939  0.00288484   0.0169775    0.313657   0.0281578    0.135015     1.37223     8.50181     22.6017     34.5834     22.7844     8.50248     1.38574    0.102687  0.00239336 0.000388517   0.0054292   0.0340181    0.187487     4.28646     55.4253     32.1225     7.27365    0.624523   0.0398593 0.000347533
   0.268216  0.00407618 0.000853833   0.0231929     10.4446      88.205    0.279454  0.00254969 0.000663413  0.00663354    0.764765  0.00333297  0.00337495   0.0345461    0.722455      18.415     61.8273     18.2186    0.725037   0.0445838  0.00503841  0.00073077 6.38852e-06 0.000708269  0.00717754   0.0973095     2.65034     65.6508     30.3793     1.17372   0.0370683  0.00345907 0.000117978
   0.762716  0.00172729 0.000416693     0.01607    0.185963     94.8897     3.72402   0.0106402 5.86339e-05 0.000387896    0.408273 1.84113e-06 0.000879824  0.00830752   0.0913444      3.9649     91.8334     4.00721   0.0814084   0.0104341  0.00204526 6.41074e-05           0 9.39386e-05   0.0123992    0.263311     36.4265     61.9264     1.23814     0.10585   0.0223709  0.00495749 1.70391e-05
     9.1716  0.00738783  0.00179179    0.037163    0.262057     80.0458    0.120949  0.00263899  0.00368677    0.040666     10.3062 0.000534125  0.00393584   0.0172588   0.0640701     1.89404     96.0682      1.8611   0.0680205   0.0160844  0.00636825 0.000436133           0 0.000586276   0.0049152   0.0507343     2.19058     94.8481     2.65675    0.180935   0.0573251   0.0101134 2.53298e-06
    6.91476     3.50893     2.13371      7.9552     20.9817     26.6475     6.70323     1.63062     1.49253     7.50663     14.5252     11.4075       8.164     6.79608      6.5866     7.85782     9.68474     8.94216     7.89407     7.42109     8.33953     16.9064    0.129363     1.02825     3.61203     8.50518     10.1495     5.94858     21.7318     29.1963     16.4543     2.72713    0.517622
    0.12031   0.0020068 0.000572507   0.0251248     16.5234      82.628    0.175141   0.0036826  0.00017186  0.00261971    0.518979  0.00200391  0.00410634    0.032271     1.11481     23.5532     50.7666     23.4551     1.03285   0.0358242  0.00305506 0.000133455 2.21475e-05  0.00155174  0.00968962   0.0869579     1.44897     59.3813     37.5924     1.43484   0.0373035  0.00690441 8.02532e-05
    1.22485    0.418921    0.134435     10.3617     47.7089     36.5188     0.43672    0.024935    0.109304     1.13356     1.92792   0.0594192    0.532847     4.31144     13.0733     20.4321       25.09     19.4887      12.416     4.11408    0.414726   0.0673615 0.000841281    0.014713    0.157624    0.756178     2.47036     15.5042     41.4673     28.5278     10.2667    0.829042  0.00529905
    1.14299    0.424561    0.181479     6.05691     30.9491     46.5968     9.72575    0.759024    0.146483      1.1243     2.89256     1.72898     5.85968     10.4339     13.0363     14.9822      16.646     13.9407     10.9553     7.66662     3.70094     1.04938   0.0218852    0.366536     1.79017     6.17578     17.0015     14.9178      29.238     21.3264     7.88472     1.19672   0.0804429
    11.4694     3.40884    0.140283     2.76795      24.438     29.6723      3.2403    0.232854    0.186546     5.94018     18.5033   0.0661542    0.155259    0.883485     4.84175     19.3998     49.1708     19.4923     4.98652    0.821262    0.146369   0.0361609  0.00413183   0.0449049      1.3341     4.98915     14.3515     15.9451     38.2687     19.2811     5.39679    0.374343   0.0102344
   0.447711    0.188237    0.104917       0.794     8.27545     66.7188     20.0265     2.66692   0.0769864    0.167414    0.533084    0.316834    0.948466     3.47704     8.60919     18.3327     33.8508     19.9328     9.17774     4.09116     1.04379    0.219531   0.0143287    0.975171     4.51714     13.4593     22.3067     33.7187     18.0399     4.62831     1.86353    0.463006   0.0139494
   0.748538    0.369246    0.142605     1.23165     15.3278     53.6645     23.4537     3.31499    0.195247    0.305455      1.2462     1.46865     5.36571     11.2935     16.3524     19.0895     19.7043     13.1906     7.42019     3.88297     1.51934    0.712798   0.0545474      0.8335     5.16782     14.2835     23.9286     20.8218     24.7821     7.65733     2.01332    0.420785   0.0367511
   0.438989    0.149759   0.0670288      2.2193     24.3134     55.4764     15.8661    0.678162   0.0715581    0.159668    0.559567    0.441602     1.85825     6.16368     11.6617     17.2881     22.0976     17.9523     12.7037     7.20699     2.36144    0.264562   0.0102635      0.1429     1.20127     8.10666     24.5409     21.1886     27.6403     13.4347     3.24426    0.436655   0.0535095
   0.563853   0.0309424  0.00481255   0.0814055     7.50683     82.7593     8.31111   0.0770865  0.00250293   0.0365969    0.625516    0.039236     0.17803     1.24494     8.08055     23.0271     33.4188     23.7093     8.65759     1.42871    0.195089   0.0205619 0.000542992   0.0185131    0.212893     2.60745     26.7424     44.5434     23.1842     2.36459    0.302705   0.0217616  0.00158636
    24.3863    0.169084  0.00424488   0.0675678    0.685385     60.9603      3.7369    0.070914   0.0184645    0.219611     9.68123  0.00583602    0.029092   0.0799666    0.615422     10.5042     76.7409     11.3301     0.61208   0.0628888   0.0134526  0.00610724 0.000835842  0.00683239    0.105121     1.34843       20.48     70.6015     6.82404    0.455016    0.153106     0.02491 0.000128097
   0.284511   0.0211222  0.00225252   0.0887747     17.6554     80.8434    0.454847   0.0104857   0.0019117   0.0189183    0.618469  0.00417112   0.0219136    0.121257    0.856537     15.7154     66.5378     15.8672    0.786134   0.0690833   0.0120865  0.00849953 4.00189e-05  0.00197564   0.0348109    0.247605     2.78419     48.8954     45.3652     2.51557    0.143605    0.011344 0.000282884
   0.297565  0.00456648 0.000159083  0.00764268      7.2294     91.8108    0.145902  0.00110155 0.000265188  0.00328191    0.499356 6.06578e-05 0.000585796   0.0114413    0.166618     7.13304     85.2533     7.25601    0.164089   0.0137576  0.00090481 0.000161694 1.16438e-05 0.000509107  0.00881229   0.0730272     1.56589     58.1384     39.7339    0.464889   0.0140282 0.000563464 2.83865e-05
    1.88622    0.126552  0.00257377   0.0130895    0.458691     66.7876     29.9618    0.207544  0.00429684   0.0644189    0.487231  0.00956407   0.0258017    0.236939     3.63329     24.1325     46.1276     22.3972     3.12718    0.249639   0.0484739   0.0118028  0.00122844   0.0369678    0.284444      7.6241     50.7767     38.3502     2.51456    0.320279   0.0760562   0.0150003 0.000403181
    7.32183     2.18707      1.6646     2.08209     11.4292      38.198     15.0097     5.41147     3.36202     3.24385     10.0901     31.4788     9.87559     7.77777     8.78151     10.8936     12.9727     7.97079     4.42233     2.55467     1.51708     1.75517     0.54434     2.28233      6.9292     14.1044     20.0614     14.0877     21.7889     10.5323     4.85196     2.97682     1.84068
      22.42     3.60872    0.101125      0.3458     5.30924     34.0198     12.2821    0.808322    0.149994     2.80656     18.1483   0.0915005    0.286414    0.946966     4.55698     18.3217     50.6665     19.3383     4.25238    0.910195    0.331493    0.297509   0.0028245    0.401096     2.12118     9.00418     37.4989     21.3702     21.9182     6.28504     1.21302    0.169793   0.0155705
   0.368928   0.0299194  0.00429052    0.160521       8.435     84.9255     5.51725     0.13136     0.00455   0.0492324    0.373491   0.0090743    0.065746    0.412923      2.8622     19.1924     55.0176     19.0285     2.85776    0.451642   0.0936228  0.00852539  0.00114987   0.0231253    0.265385     2.05099     20.2154     49.8726      24.385     2.82786    0.326643   0.0311769 0.000634066
   0.249376   0.0582606   0.0380894     7.57022     40.9048      49.678    0.243669  0.00676551   0.0460987    0.363057    0.841734   0.0117371    0.401185     5.40109     13.5804     19.0541     23.6164     18.9203     13.4219      5.2306    0.354004  0.00823423 8.36419e-05  0.00378717   0.0423528    0.232599     1.37935     30.5323     36.7598     22.7219     7.95099    0.376331 0.000509223
   0.151407   0.0132187  0.00639425    0.203767     28.0851     70.5026     0.44327   0.0103913  0.00148736   0.0153274    0.567033   0.0153572   0.0255719    0.140208     1.50563     19.4698     57.8945     19.2918     1.53085    0.111941  0.00877698  0.00558189 0.000119726  0.00582714   0.0316062    0.199043     2.27663     38.1322      53.884     5.13072    0.309719   0.0290015  0.00118891
   0.433411     0.11548    0.903153     10.1956     22.2778     57.8691     6.80016    0.288993   0.0664413    0.190031    0.859875    0.265766      1.7104     5.34457      9.6348     18.0042     32.4131     16.8562     9.00376     4.87576       1.643    0.248391  0.00444043     0.22914     1.40195     4.34407      12.904     31.8163     21.6751     13.8835     10.0274     3.60011    0.114032
   0.387237   0.0314284   0.0172065      1.2953     14.1574     83.3456     0.12112  0.00339508  0.00557865   0.0307159    0.604988  0.00245127    0.047207     0.46975     2.45815     11.1713     71.6079     11.3236     2.44097     0.44037    0.035024  0.00322642 1.11764e-05  0.00294408   0.0258192   0.0694961     1.68216      70.642     19.0886     6.54674     1.75826    0.175175  0.00885674
    1.87233   0.0301323    0.001411   0.0298631    0.833736     80.9474     15.3651   0.0727815 0.000806756   0.0432799    0.803148 0.000432901  0.00968722   0.0927635      1.2327     16.7759      64.117     16.7518    0.945974   0.0638377  0.00923283 0.000712673 2.28816e-05  0.00168782     0.11113     2.53307     45.9311       46.65      4.3547    0.351607   0.0595705  0.00708506 9.04604e-05
   0.761928    0.073563     1.76996     18.3494     27.8052     49.0348     0.51714   0.0291415   0.0807241    0.308291      1.2699    0.176399     3.51347      7.6886     10.4232      16.209      23.953     15.9868     10.6027     7.83358      3.4566    0.156716  0.00110214   0.0490351    0.212481    0.513017     2.41606     32.9919     26.6287     16.6457     13.9073      6.4939    0.140756
    12.1122    0.367406  0.00406028    0.109838     6.67184     51.1882     3.85748   0.0698794  0.00802027     0.21323     25.3979  0.00202256  0.00769017   0.0486121    0.400989     7.23494      83.948     7.82518    0.426592   0.0580895   0.0188672   0.0289835 0.000111869   0.0247156    0.159591    0.944524     21.3573     38.6517     37.3515     1.28446    0.207024   0.0189579 0.000168091
   0.277277   0.0104682  0.00231522   0.0363304     8.52928     89.5591     1.18914    0.011147 0.000614098   0.0101128    0.374176    0.039524   0.0755555    0.418592     4.38016     24.8249     41.9833      23.871     3.99205    0.369281    0.040629  0.00501876 1.70889e-05  0.00421973   0.0321477    0.344509      9.3485     61.2008     27.4063      1.5613   0.0931912  0.00863963 0.000364526
    7.33408      0.0774    0.241159     4.85363     15.1966     52.5222     0.18628   0.0156877   0.0803957     1.08185     18.4107   0.0269735    0.250304     1.53721     4.27751     12.0904     63.5038     12.3047     4.23616     1.52956     0.23705  0.00623284 2.74602e-05   0.0111665   0.0593846    0.214063     2.49132      61.636     20.5916     9.09755     4.69117     1.19839  0.00930633
  0.0959428  0.00551625  0.00168037   0.0717652     30.1509     69.2399    0.119959  0.00298472 0.000623445    0.012504     0.29816  0.00561982  0.00857032   0.0952387     4.23638     26.3406     38.6356     26.3445     4.22666    0.101731    0.004713 0.000336291 0.000143612  0.00184861  0.00641366   0.0588189     1.05783     46.8618      45.242     6.66009    0.100161   0.0105847  0.00026459
   0.319236   0.0710115  0.00659036     5.37536     67.7549      25.486    0.198439  0.00973422   0.0140453     0.20096    0.563733  0.00464652   0.0656282    0.472929     3.81192     20.0717     51.4612      19.639     3.98888    0.436178   0.0443268  0.00353963 0.000454325   0.0129039   0.0435541    0.239031    0.776842     7.37353     48.7032     36.8056     5.88988    0.154711 0.000295336
    0.18106   0.0721326    0.834331     16.3277     33.3962     40.1972     7.18606     1.10715    0.167414    0.173948    0.356913     0.13915     1.07492     3.99224     9.97368     19.6039     30.3658     19.3626     9.96601     4.29278     1.09406    0.134863   0.0352836    0.890791     1.81417     4.81329     10.6122     13.9208     25.8884     20.9129     16.7593     4.24046    0.112323
    14.7332     4.49771    0.426991     1.24172     5.87647     30.9402     19.4223     3.37995     0.65751     4.73745     14.0865     2.52754     5.57084     8.82245     11.3122     14.0925     17.0619     14.4051     11.3764     8.53965     4.50107     1.79031   0.0779175     1.05841     5.90011     17.2025     28.2125     16.2973     19.1585     8.23557     3.06282    0.742769   0.0515982
    0.22006  0.00197009  0.00109975   0.0702441     2.40472     96.8381   0.0863562   0.0030009 0.000597665  0.00620109    0.367654 0.000698132  0.00248643   0.0263691    0.193127     6.63605     86.4519     6.46367    0.195734   0.0264983  0.00284274  0.00058227 0.000932721  0.00156686  0.00577651   0.0393142     1.15469     83.7799     14.2867    0.621964    0.100945  0.00759075 0.000652647
  0.0816708  0.00141783 0.000911638    0.023754      23.634     75.7508   0.0863124  0.00252626 0.000417236  0.00248261    0.415782  0.00824343   0.0107854   0.0296772     1.63733     26.3574     44.1157     26.2397     1.57807   0.0214067  0.00155938  0.00012362 0.000129924  0.00171106  0.00648421   0.0471195     0.76188     53.4035     43.4251     2.31373   0.0360239   0.0041771  0.00017236
    23.0151     6.12083    0.479634    0.203046     2.28852     39.4431      15.747     2.11339    0.307436     2.35863     7.92333     0.20804    0.764829     4.13428     11.7883     20.0965     26.8866     19.4549     11.5132      4.1806     0.75399    0.218754   0.0262603    0.703749     4.37876     14.4466     31.1909     36.0971     8.70647     2.92761     1.31983    0.197456  0.00524074
    2.74645   0.0532468 0.000192992   0.0122112    0.277946     61.4477     33.3881    0.520624 0.000786332    0.139041      1.4138  0.00129957  0.00700551   0.0949562     1.07634     11.6367     74.6694     11.4366    0.969929    0.078121   0.0255521  0.00404861 2.06261e-05   0.0216845    0.570331     6.01383     64.8421     26.0732     2.13375    0.261363   0.0800605   0.0036027 1.17548e-05
   0.354393    0.149916    0.171277     12.3884     60.7715     24.5607    0.314328   0.0134038   0.0604828     0.46577    0.749864    0.051437    0.239382     2.38752      9.8934     21.3701      32.659     21.5023     9.54376     2.12628     0.17439   0.0524345 0.000427481   0.0176853    0.122598    0.437769      1.1609     7.22207     39.5323      37.146     13.1177     1.23194   0.0106284
    7.75703     1.12316   0.0917849     1.37723     13.8135     43.4492     2.31709   0.0919248    0.116336     3.13695     26.7258    0.524394    0.840768      3.3363      9.9835     21.2644     31.7565     20.4798     8.57347      2.5357    0.546188    0.158889  0.00248296   0.0470399    0.405514     2.21831     10.9716     31.9912      38.965     12.4916     2.49977    0.401494  0.00592453
   0.123273   0.0132518  0.00213313     2.75582     38.0553     58.5119     0.17206  0.00276413  0.00570334    0.065434    0.292283  0.00311399   0.0608665     2.66664     12.6695     21.2124      26.794     21.2662     12.6868     2.57864   0.0605618  0.00126026 2.31326e-05  0.00381594   0.0200249     0.10077     1.30971     39.8176     36.5488      18.967      3.2021   0.0301301 2.03574e-05
   0.240831  0.00221867 0.000390681   0.0121572     4.40887     94.6584    0.266162  0.00232207  0.00037356  0.00451631    0.403757  0.00180878  0.00128025   0.0192619    0.386448     13.6257     72.0673     13.5016      0.3756   0.0191595  0.00152193 0.000247491 0.000274336  0.00083735  0.00573732   0.0834936       3.001     74.5834     21.8153     0.48686   0.0214718  0.00156941 7.95298e-05
    15.2074     2.78512    0.100877     0.39646     6.90489     42.0077     8.69916    0.449074    0.112017     3.71976     19.6175    0.478743     1.27754      4.4627     11.4509     20.3888     25.7121     19.7593     11.2893     4.02127    0.878761    0.280562  0.00460125    0.121481     1.26722     6.72072     24.3581     34.3136      24.226     7.32757     1.52191     0.13349  0.00523862