   41.2702    48.4643    46.4617    30.6072     6.7263    26.7903    6.51555    0.22318  -0.101281   -5.42776
   -4.0412    50.2906    7.68327    25.2909    23.8024    25.8811  -0.752593    5.63233   0.606339   -6.55442
   69.3197    38.9365    55.8376    33.3838    3.09389    21.0737    1.92421    3.05294  0.0616909   -4.83072
   31.8309   -29.5444     15.623    38.0342    7.43733    15.8602    22.0446    5.38055   0.323658   -6.25609
    145.28    41.3383    23.2218    27.6328    16.0894    19.9954    5.28166  -0.913971    -0.3027   -6.47854
   118.808    36.9545 -0.0989761    17.4887   -8.50716    28.2725    3.04502   -2.54752  -0.483468   -3.97792
   20.5213    80.5592   -4.32566    67.6665    10.6106    22.9948     8.9137   -3.63506  -0.807733   -5.39425
   93.3713     11.688    45.2029    34.3738     12.146    28.7956   -3.92828    1.99557   0.183387   -6.02172
   47.1933    15.9931    47.4634    37.3512    11.4578     21.028    -2.0761   -3.81926  -0.493271   -7.12349
    100.78    41.1491    43.0401    36.9267    6.19038     17.388    1.21062    3.28645   0.290263   -5.90598
   56.1863   -16.6351    32.5785    38.6444    10.1522    25.9581    7.21218    1.85093 -0.0614303   -5.92637
   58.5386    27.0403     12.622    23.0731   -16.3608    25.5774   -5.02304 -0.0409185 -0.0783407   -9.63845
   15.6956    31.6442    18.9545    13.9694    13.0894    12.6189   -6.75855    2.81601 0.00409597   -4.73822
    96.988   -3.47937    12.7639    64.1188    20.0863    26.7846   -10.7424   -5.19214  -0.573218   -6.53051
   124.065    35.8733    33.3092    31.1477     12.975    21.0047    2.04871    1.17088 -0.0842643   -6.46849
   17.5565    55.4119    27.8121    39.9949    12.3003    26.6454    5.30043 -0.0741461 -0.0513882   -6.84576
   27.2436    39.3341    39.0735    22.3995    15.0396    21.4879     2.3894   -5.57725  -0.993978    -6.3281
   71.8568    40.4499    34.5887    28.5406    12.6234    21.5074    1.64021   0.982221   0.193405   -6.01713
   56.3496    57.7178    35.2078    58.7431  -0.138526    11.6257    1.70234   0.612779  -0.167694   -3.70992
   21.3594  -0.894078     24.153    25.3304    6.46976    12.9607      6.984   -4.78737  -0.430435   -5.35928