    61.7775    -23.6643     31.9335     48.4161    -14.9201     -15.564    -19.0308      10.824    0.669065    -8.04543    -7.55842    -2.11896    0.123304    0.627882      2.7194    -1.38863    -4.75457   -0.657036     1.14406     -2.8747
    27.0006     26.4399     9.79224     17.2588     13.0156    -7.10694    -12.0676     2.57488      1.3545    -10.8687     -17.777      6.7675     1.49442    0.735495     4.17813     1.89236    -5.94639 -0.00359712    0.312101     -3.3868
    7.50923    0.755346     5.55186     7.39174   -0.622262   -0.786301    -1.07288  0.00341472   -0.584034     1.95038   -0.736654     6.30343     2.21103    0.811392    0.313069    0.912714    -3.81917    -2.79764    -1.12742    -1.35995
    22.2817     61.8182     16.1225     61.0483    -0.10875     2.80801    -4.76809     8.22443    0.166932    -3.44862    -4.17456    -1.78844      2.2592    0.593885     2.94529    0.751626    -6.55637    0.249409   -0.636674    -4.77108
    37.9203     -6.6273     37.8289     22.0247    -13.8046     5.49799    -6.17335     9.22395     0.99874    -9.13766    -7.71857     4.95713     3.49492    0.717052     4.87819    0.872006    -6.51735    0.574639   0.0241695    -3.68291
    49.0081       18.86     47.6608     29.3243    -11.5227    -9.21642    -9.65414     4.88315    0.215591    -7.66747    -7.72821     4.63008     3.46736  -0.0359162     7.03681     1.18458    -6.53619    0.694998   0.0755548    -3.30692
    49.1199     55.4648     35.2079     33.4796     -2.8375    0.288209     -8.6048     14.0902    0.606487    -4.32861    -6.46128    0.351748      3.1677    0.580331     3.57672   -0.121345    -6.18953    0.129412    -0.04979    -3.72091
    14.0867     18.6334     24.6689     22.2808    -19.6549     1.95945     -5.9575     1.53711    0.482919    -6.09339    -7.73323     7.90126     4.59965     0.40767    0.844689     1.10187    -9.72012    0.869799     1.43178    -3.21483
   0.770152     50.6237     2.02516     45.4576    -18.5272     2.15678    -17.5527     7.64112    0.296674  -0.0361952     -10.255     3.22181     3.02741    0.623004     2.69003    0.911634    -7.09009    0.561744     1.02643     -3.2582
    16.2841     47.4785    -38.1556     72.0587    -19.9088    -6.46588    -4.61635     7.43388  -0.0835882    -4.79313    -8.41455     9.18673   -0.366797    0.500849     4.32091     2.24986    -1.67185     1.05513    0.353081    -3.02938
    16.6986     52.7386     21.2509     36.0817    -11.2452     1.23479    -12.2533     7.62217    0.922958    -6.16546    -6.52679     2.45602     2.29163    0.384151     5.73181    0.540713    -6.06044    0.384844    0.295679    -3.13582
     54.157     40.8571     23.7327     26.4223     -11.281    -6.64316    -5.41839      9.8992     1.04744    -5.78111    -6.36156      3.9636     3.00702    0.855588     3.54524    0.188419    -6.42004    0.822545    0.706574    -3.11678
    105.932      16.621     27.0702     36.1228    -18.9459    -18.2103     -13.839     2.18481   -0.336583    -2.95439     -6.7528     3.33885   -0.792336    0.577809     5.31264     1.38707    -7.11817   0.0876954    -1.24623    -4.06837
    127.002     29.8189    -5.63071     24.8545    -5.64163    0.130499     -12.169     7.57918    0.832494    -8.25188    -5.74849     3.81348     2.42202    0.463018     5.42327    0.349443    -6.91664    0.898105    0.447898    -3.32353
    19.9877    -16.0567     19.8802     15.8425    -9.61754     13.3942     3.82478      10.873    0.366962     1.60696    -3.53468     3.72043    -8.70546    0.695642     6.57926     1.44689    -6.25583      2.0356  0.00626003     -4.3744
    70.2852     44.6154     45.7444     10.1703    -9.39644   -0.309078    -11.9062     9.55907     2.07603    -8.62719      -6.515     2.37958     3.12859    0.438855     5.37613   -0.409551    -5.49323     0.45279    0.683098     -3.1553
     125.91     35.4102     15.6079     26.7821    -17.8143    -3.59419    -6.88746     8.03251    0.730664    -5.47056    -7.49186     4.17759     2.56804     0.62023     4.61975    0.488464    -5.83386    0.502775    0.250776    -3.50499
    10.7418     41.0789     8.40262     22.8774    -18.3162    -7.61823    -8.70365     10.3628     1.52727    -9.37197    -5.62017     4.76982     1.63888     0.44928      4.6836    0.233061    -5.77417    0.708786    0.610597    -3.45918
    34.9958    -5.39888     15.9841      27.149     7.43929    -4.10601    -19.3451     8.77387    0.740273    -2.44277     3.86932     12.0582     8.38772  -0.0732881     6.71863   -0.226122    -4.96271     1.27102    0.204058    -3.65584
    61.8587     53.2033     39.5656     44.3538      4.7641    -7.88952     6.54692     11.1628    0.536491    -9.34286    -2.96723     4.06373     1.95499    0.391973     4.16497    -2.14555    -7.01591  -0.0590285    0.249154    -2.99657
    77.4822     25.6499    -6.80258      13.703     7.37448    -3.93292    -11.4994     7.56691    0.977359    -9.05218    -12.2932    0.975158     1.96195    0.569139     3.46757   0.0939211    -6.74695     1.03011    -0.14873    -4.05094
     78.283     7.77491     48.3406      27.197    -17.7463    -17.2853    -18.8062     10.7222     0.39642     -2.4868    -9.89447     1.45233    0.607139    0.543392     3.50909     1.10613    -5.74245     0.10957   -0.346244     -3.5942
    80.7364     5.60096     9.50708     33.6985      5.9796    -13.7888    -24.2774     9.83013    0.423202    -1.97979     6.92269     7.09841     3.53123    0.365771      4.1611    -1.25626    -5.89052     2.02178     2.22811    -3.39983
     75.825     26.6994     14.5553     31.7297      21.054    -12.8923    -10.7857      11.384     1.41867    -11.3164     -10.122     5.48394   -0.880407    0.794727     3.13991      3.6882    -9.37703    0.220312    0.331919    -3.45312
    32.8973     53.8164     31.1994     22.3165    -10.0001     3.87211    -14.1248     7.78692    0.647895    -9.26894    -5.56994     1.33926     2.27818    0.622328     6.57483   -0.328583    -5.48963    0.160732     0.41227    -3.30386
    33.1516    -30.3469     27.8004     33.3401    -12.6814     11.5426    -6.18783     19.0979     1.73254    -9.01425    -9.01456     3.79454     5.43367     0.58675     4.75548    0.689682    -5.43248      0.8257    -0.34124    -3.89013
    28.9264     36.0924     37.2778     29.6016    -13.3895    -4.23537    -10.6943     1.19061    0.233208    -8.30283    -6.06018     4.06355     2.60697    0.685548     5.93698    0.935953    -6.70327    0.650394    0.307123      -3.653
    104.902      43.133     29.4443     34.4092     -6.1681    -8.00389     3.00132     9.31651     1.14596    -7.47307    -6.05126        6.82     2.84167    0.940062     4.43046  -0.0784901       -5.45    0.766966     1.39846    -3.13674
    86.7762     35.3565     10.6777     22.0456    -16.8173    -4.17875    -4.97215     8.26431    0.534472    -6.02826    -5.90091     2.07336     3.68711    0.368222     4.21108    0.844363    -5.97847   -0.477152    0.468905    -3.43782
    109.853     35.1465     37.1414     13.0756    -14.2129    -5.68609    -14.0124     16.7242    0.743427    -1.74048    -10.2723     3.52623     3.12318    0.338945     1.72188    0.968676    -4.69586    0.743608    0.623074    -3.40686
    3.71694     25.9219    -5.12781     9.93621    -16.9087    -18.2838    0.275222     14.0303    0.795863    -8.87895    -3.58757    -1.50456     5.73901  -0.0842405     7.00728     5.04255    -6.58227   -0.631424    0.462033    -3.61035
    18.6954     15.6872     -5.0614     10.6998     4.52547    -12.3569   -0.279664      3.6454   -0.686046    0.777797    -16.3456    -1.37809     5.00331    0.954675     8.35911    -6.52017    -3.74137     1.86775     1.30485    -3.44089
    82.5587     49.4439      37.268     29.7847    -2.30104    -5.44749    -2.17795     16.8092    0.834348    -5.24815    -6.65225     3.55908     2.81056     0.51175      1.2863    -1.12979    -5.79212    0.357212    0.890288    -3.26269
     59.182    -48.3523     10.9765     74.2139    -20.0507    -3.28383    -6.63179     8.48118     2.34907    -21.0069    -9.32802    -5.67961     3.47552     0.60347     3.56095    -2.91512    -4.76165   -0.565314     2.33003     -1.9246
    147.927     36.9821     4.83473     25.5056    -20.3019      1.0406    -6.54921     6.52012    0.658765    -7.02285    -6.97012     3.72635     2.67473    0.542901     5.56775     0.27738     -5.8074     0.41121   0.0513184    -3.44096
    25.5871     29.8647     5.40591     8.17042    -10.4704    -9.71419    -2.16554     4.48341    0.637127    -6.97351    -5.19326    -2.70215     5.33828    0.204893    0.865284    0.274052    -3.84829    0.194444    0.345461    -3.82214
    124.797     23.4695    -27.1369     22.1295     10.8537     3.97952    -21.9646     10.3324     1.54433    -11.4704    -2.29306     2.75525      1.6222    0.395308     4.62533    0.945623    -8.98826     1.14357     1.05169     -3.1899
    78.4337     32.8046      46.365     33.7718    -8.36355    -14.7586    -2.39607     7.72074     1.82241    -4.21705     -8.3136     7.59665     2.76032     1.10209     5.18122     1.83044      -5.351    0.963806     1.06028     -3.4375
   -5.13549     37.9325     -10.829     26.6589    -23.3411    -13.2598    -9.34708     17.2645     1.46264    -6.61152    -8.65647     7.27345     1.93483     1.01222     4.53469    -2.14879    -8.55289    0.886884   -0.677486    -4.08836
    26.9083     46.5502     18.3179     19.7915     -16.148    -3.27267    -12.4048     10.8392     1.35271    -10.9332    -5.96391     5.63984    0.609443    0.740688     4.65689   -0.121206    -4.25719    0.840217     1.04424    -2.74498