    73.9418    -10.5184     39.5806     40.7268     12.4152      33.582   -0.493185     4.42286     0.36115    -6.35918     16.7287     15.7224     2.10057    0.550385    -10.6882    -1.25827    -2.77694    -2.23272    -6.72312    -6.04801
    84.7966     41.0147     27.3418     23.2199     16.4179     18.3319     1.11347     1.31381   -0.182826    -4.97003     13.4179     18.3735     2.27015     2.31063    -10.2227    0.701855    -4.37021    -2.28177    -6.97709    -6.24043
    135.308     32.7144     26.2338     32.5695     17.1968     22.1014     1.35224   -0.961256   -0.356959    -6.76331     12.0555     17.4439     2.24758     2.55529    -10.0454     1.52987    -4.45657    -2.15367    -6.36086    -6.27037
    87.4657     7.93632     32.4942     35.1549     11.3709     22.8982     6.50763       3.322    0.844921    -6.79517     12.5774     19.1104     2.44639     1.48962    -10.0176     1.45684    -4.29097    -2.20227    -6.53967    -6.26025
    2.28122     31.8627     8.36028     11.9133     18.1023     10.6591    -11.4846     11.2436    0.781286    -1.01641     16.9114     18.1634     1.93702       3.177    -6.77406     0.21895    -6.99998    -2.26419    -7.13004    -6.64041
    88.9632     45.3906     46.4454     39.0065     3.11794     17.8384     2.28477     4.54726    -0.16106    -4.65805      11.796     17.9687     2.40886     1.12023    -11.0341    0.315612    -3.66128    -2.30218     -6.9016    -6.34107
    18.7552    -19.9837     10.5556      25.539     5.25092     4.01937     23.5465      5.8607     1.64051    -5.73577   -0.890353     3.59729    0.894156     14.0231    -12.8902    -3.25963    -5.61058    -2.39537    -6.72928    -6.44022
    21.7098     25.5857     14.3011     15.0692    -7.93186     16.0552    -8.84249  0.00863304   -0.583089     -14.377     8.85864     18.6698     1.64495     2.37159    -6.54842    0.138989     1.33062    -2.24876    -7.23209    -6.65668
    48.0333     24.5313      38.836     36.3365     15.1363     24.3745    -2.03503   -0.811118    0.159145    -7.73514     9.94492     18.7335     2.09608     2.37302    -10.5374     1.16432    -4.58182     -2.3351    -7.43385    -5.67211
    123.588     26.2665     32.5247     32.3161     15.3093     24.6639   -0.100662    0.537517  -0.0799577       -6.55     11.8414     16.9383     2.16964     2.15678    -10.3301     1.59861    -4.43845    -2.20829    -6.40752    -6.42432
    110.338     43.2649     28.8765     29.8868     14.2432     20.1684     3.90175    0.769941   0.0462438    -6.37098     11.7361     18.6658     2.29986      2.1606     -10.244    0.621996    -4.06457    -2.24919    -6.97912    -5.89446
    16.7746     61.3398     25.0225     46.6916     10.8109     27.0006     6.28855    0.317554     0.11291    -6.58604     10.9285     17.1483     2.16174     1.12163    -9.97247    0.343644    -4.71218    -2.30177    -6.71685    -6.37416
    58.2493     33.8598     7.08463     10.4922    -3.45458     19.2846    -4.17209     1.70234  -0.0502141    -7.32807     15.1842     16.3749     2.01301     1.42612    -7.53491     0.43157    -4.15345    -2.55889    -7.42586    -6.38406
    17.4773     36.0083     25.5982     10.7753     14.2398     11.3558    -5.75948   -0.408878   -0.431062     -4.4062     16.0371     17.1238     2.24888    -0.34423    -11.4208   -0.369131    -4.44309    -2.26009    -5.55679    -6.91046
    46.2777     13.0283     54.6377     37.1331     9.27592     19.2165    -2.41355    -6.82009    0.448154    -6.66378     13.1074     19.9007     3.31828     4.19512    -9.50967    0.671302    -4.93858    -1.94654    -6.73351    -5.45138
    17.1473     41.8295      32.123     13.4266     19.4749     17.9495    0.661275    -5.95043    -1.29425    -4.88286     15.1224     18.0163     2.36663     1.39014    -13.2454     1.17706    -2.73295    -2.71319    -7.12183    -7.25101
    133.198     42.7703     28.8154     31.3856     13.6788     17.8905     4.04839    0.313598   -0.152342    -6.57703     11.5971     18.9402     2.33905     2.05597    -10.1568    0.244724    -4.19054    -2.20956      -6.673    -6.00709
    91.0281     28.7139     60.3216      22.969     6.40096     24.6478    0.922612     3.90498    0.991814    -5.78774     11.3547     17.6983     1.77409     1.66322    -10.7189    0.359932    -4.13133    -2.38144    -6.69087    -6.21032
    88.2854     44.5752     36.9628     32.2139     10.3703     22.0857     3.89961     1.41816    0.545902    -6.26545     11.2301     18.4033     2.08416     1.71995    -10.3984    0.275122    -4.15167    -2.29656    -6.88958    -6.04323
    131.702     35.1614     36.7548      24.679     13.7454     23.6181     3.53862     2.29619  -0.0300514    -6.27638     11.7645     17.2852     2.21074     1.55882    -10.4235    0.895581    -4.06939    -2.25102    -6.52319    -6.38519
    9.87922     47.9426     31.2388      31.149     16.5592     25.6335     4.33261    -4.15273   -0.449863    -7.49604     11.4321     19.1728     2.55058     2.76059    -10.4556    0.441801    -4.41822    -2.20314    -7.17203    -5.85177
    111.546     12.1289     24.4805     48.8392     18.8402     26.1958    -8.38913    -3.21304   -0.238035    -6.42189     12.0798     15.9871      2.0204     3.23398    -10.2941     1.87701    -4.72861    -2.21761    -6.33078    -6.39963
    101.626     38.4192     50.3489     31.6458     5.61054      19.896     1.50834     5.13717    0.501416    -5.84543     10.6121     18.3746     2.24597    0.896511    -11.0293   -0.192404    -3.95847    -2.37885     -6.9144    -6.31984
    94.0619     3.99377     43.9853     41.9516     16.4231     31.8277    -10.0939    0.965371  -0.0769442    -6.68239     11.1858     14.4969     2.05462     2.42847    -10.7757     2.52943    -4.73651    -2.26264    -6.27039    -6.88732
    51.8095     37.4118     51.9288     47.2079     2.47861     15.8173    -1.94488    0.571796    0.550183    -5.77841     10.6783     19.6011     2.16914     2.49724    -10.4539   0.0269629    -4.57353    -2.35388    -6.93253    -5.75763
    79.0622     27.1504     44.4061     44.0231     8.54647     20.5664    -3.60834     1.78703    0.723761    -6.68127      9.9731     18.5568     2.28924     2.03362    -10.6205    0.622395    -4.73563    -2.28238    -6.85454    -6.21672
    18.3365      25.526     35.3574     29.9749     17.3906     19.6655     1.65862    -8.07675    -1.52906    -7.53713     12.1646     18.7432     2.01779     1.24799    -11.3429    0.535762    -4.51905    -2.54412    -7.27699    -6.78171
    61.2595    -3.15595     30.5575     26.1112     8.06956     17.0371     11.6287     1.80826    0.706946    -5.82993     8.49352       14.56      2.1996     4.94923    -11.1422 -0.00228504    -4.16085    -2.14683    -6.82455    -6.70232
    67.4626     38.2921     43.2526     27.9165     11.8115      24.187     2.26189   -0.191375   -0.165724     -6.6263     11.3153     18.2708     2.10266     2.00326    -10.5538     0.40091    -4.30228    -2.35107     -6.9256     -6.0945
    108.664     43.9083      40.045     39.7562      6.8033     14.5193     1.25384      2.5442    0.075682    -6.09691     10.5118        19.7     2.42593     1.54565    -10.7448   -0.481873    -4.17544    -2.29428    -6.94605     -6.0484
    96.0465     47.8761     39.9895      52.456     2.45526     7.09636    -1.97388     1.50441   0.0858932    -6.20898     9.23445     21.8033      2.6528     1.95189    -10.8813    -1.47785     -4.5017    -2.29729    -7.22757     -5.6853
    97.3704     14.2954     53.2748     27.1195     11.3631     30.2193     -2.9637     3.67312   0.0753654    -6.21822     11.4946     15.7942     2.19552     1.69592    -10.7739     1.53385    -4.33524    -2.23595    -6.45773    -6.62538
    52.8459      -23.07     34.0583     35.3726     9.61692     26.8184     13.3476     4.12462   -0.114707    -6.69283     18.4511     21.9223     2.50047    0.669257    -8.95848   0.0378503    -3.53521    -1.88572    -6.37506    -5.33246
    48.9806     44.8446     43.5663      27.521     9.80407     27.0659     5.26103   -0.306056   -0.274006     -6.9221     11.8437     18.3234     2.23576     2.62532    -9.66166   0.0607801    -4.85787    -2.14889    -6.44585    -5.79443
    78.0042     1.18174     52.9231     32.9262     12.0322     30.6376    -4.56079     1.57563    0.233797    -6.41184     12.6338     16.2827     2.21002      2.2354    -10.4624     1.29597    -4.36315    -2.08238    -6.47815      -6.322
    8.18332     15.4359     20.8996      24.203     19.4787     12.5876      4.9389   -0.862213  -0.0588954    -6.97315     9.70989     16.4796     2.74892  -0.0646549    -13.0488      2.1159    -4.55551    -2.63909    -7.29883    -4.57341
    35.6129      48.973          48     26.4945     7.65368     28.5909     8.24831    -1.83389   -0.338803    -5.57612     13.7814     17.6974     2.19803     3.74571    -8.61372    0.701132     -4.6859     -1.9268     -6.1888    -5.28381
    85.0095    -10.3897     17.3153     60.5173     17.2117     29.4245    -8.08103    -2.28448    -0.16522    -5.98149     15.5171     16.1081     2.02611      2.2304    -10.4032    -0.18378    -3.68536    -2.21266    -6.52547    -6.04026
    142.806     40.3357     25.9485     28.0611     16.2689     20.1658     4.74335    -0.39558    -0.17658    -6.62475     12.2642     18.1485     2.22071     2.27151    -9.97754    0.860389    -4.18063    -2.18079    -6.45346    -6.10647
    25.8805     46.1213     41.7608     22.6933     13.3308     25.9171     5.95899    -5.88329   -0.786347    -7.01344     13.1453     19.3809     2.53762     4.12932    -9.56898    0.138287    -4.61026    -2.02819    -6.53815    -5.78695
      36.44     46.7444     30.2049     35.6547     12.4143     24.6693     2.13513     1.94829   -0.634454    -7.17973     10.4658     18.9246      2.3845     2.27569    -10.6718    0.221268     -4.6676    -2.25118    -6.91107    -5.80656
    4.98282     54.0834     14.0492     35.0044     19.6155     27.0811     2.66704     2.67926   -0.379455    -7.44751     10.2914     19.2618     2.47112     1.94954    -11.4078    0.143693    -4.47349    -2.10976    -6.36248    -5.96937
    38.2649    -32.5312     21.9292     41.4998     9.14916     21.6426     20.4895     6.82744   -0.479251    -7.34125     16.4395     22.7881     2.37536    0.332604    -9.32773     1.67338    -4.53196    -2.32891    -6.31478    -5.94127
    68.9081     54.7189     37.9017     56.4632    0.431293     10.6783    0.776292     1.08201   -0.202714    -4.08781     12.3956     19.1957     2.31364      2.2304    -10.7553    0.306988    -3.80404     -2.3044    -6.92985    -5.94683
    61.6478     48.1816     38.8215     38.6053     8.00781     23.2949     3.55002     2.33722    0.222762    -6.25614     10.8371     17.8536     2.19938      1.3208    -10.3147     0.20779    -4.38715    -2.29583    -6.93266    -6.19413
    71.9689      28.811     24.3714     24.5346    -15.1306     27.8304    -3.47281    0.895215    0.104621    -8.74861     12.4209     17.9564     2.28861      1.9951    -11.8193    0.828621     -5.1119    -2.38308    -7.22316    -6.14453
   -3.75914     42.4822     16.2668     19.3915     20.7673     20.4137     -1.3215   -0.687305    -1.28545    -7.38879     11.5314     19.4194     1.98654     2.16467      -11.65     1.06699    -2.44764    -2.27752    -7.11617    -6.11166
    21.4235    -35.7779      6.6581      38.231     6.00832     10.4473     32.5631     10.1725     1.39328     -7.5782     9.64658     18.1345     2.34736     4.64297    -11.1732    0.965317    -5.52989    -2.46206    -6.96043    -7.09465
    45.7368     49.4214     50.5736     32.9787     2.93262     26.7018     6.75943     3.11558     0.18761    -3.77811     13.9927     15.9585     1.92672     1.91417    -10.0017     1.50424     -3.7083    -2.19698    -6.51672     -6.0798
    33.0988     9.83404     24.0072     19.2667    -8.17669     22.1667    -2.66063    -6.69239   -0.896564    -5.61195     8.33559     19.7305     2.68601     1.98921    -9.44159    0.942667    -2.27173    -2.31642    -5.52398    -7.00587
    112.839     16.6434     38.5507     34.1735     15.9508     28.4061    -3.49194     1.11657    0.171484    -6.36737     11.7725     15.7672     2.04853     2.12107    -10.5127     1.96962    -4.44977    -2.23532     -6.3268    -6.64787
    35.1599     39.3122     36.4513     20.3798     14.4937     20.1108   -0.174882   -0.535202   -0.814573    -5.42616     13.7895     19.6372     2.54883     2.90466    -12.5143    0.116836    -3.94496    -2.10255    -5.90256     -6.5985
    28.4104      6.6438      38.405     33.3084     13.1776     15.5796     4.11686    -6.62904   -0.233106    -7.23431     12.2958     19.0206     2.61569    0.760529    -10.4873     1.80439    -4.78988    -2.47148    -7.51185    -6.28133
    44.9727     36.3866     14.9013      23.267    -31.4662     23.6831    -7.04134     2.07969    0.448723    -24.5942     14.9653     18.3336     2.48202     2.76886    -12.3044     1.22526    -6.70351    -2.33369    -6.99384    -6.11025
    104.887     23.8389     8.19914     27.5592    -4.33451     31.3089   -0.760734    -3.28213   -0.605635     6.37459     8.02707     20.0171     2.59408     1.37656     -11.397   -0.560944     -4.6168     -2.4238    -7.80864    -5.77962
    124.713     42.7328     33.5772     36.0403     10.7833     15.6803     2.40179     1.05442    0.087774    -6.45639     10.9178     19.5328     2.35911     1.89808     -10.402   -0.161632    -4.25982    -2.24819    -6.77505    -6.00087
   -11.5957     56.8772     1.64542     26.3634     28.2211     32.9699     1.73577     5.87365    0.750299    -8.14942     9.58055     19.2617     2.34012     2.60945    -12.3847     1.63522    -2.37566    -2.13923    -7.42841    -5.17859
    26.3508     45.5257     41.9805     44.6734     6.47503     17.7433      1.3814    -2.82571  0.00779601    -6.65761     10.7893     19.5513     2.31328     2.54313    -10.0538   0.0356928    -4.86243    -2.15255    -7.04708    -5.84789
     66.657      45.563     53.8829     35.4694    0.858792     22.7566     3.98113     5.76558   0.0723268    -3.38168     13.3456     16.1773     2.09698     1.09126    -10.9976     1.31228    -3.28601     -2.3175    -6.71663    -6.47586
    39.8865     38.0094     48.9413     14.6018     13.9416     18.9481     4.21418    -10.4668    -1.20291     -5.4633     14.3513      16.847     2.51973     0.46183    -11.6956    0.542632    -3.68398    -2.68916    -6.96374    -7.48204
    43.6313    -4.39964      37.609     43.0676     13.0881     21.7101      1.5352   -0.879321    -1.58075    -8.03461     11.9905     20.5434     2.26933     1.88552    -9.74542     2.23647    -5.14573    -2.56724     -6.9467    -5.88418
    12.3037     9.76032    -1.70632     26.3977    -5.25361     18.5875    -1.07255     4.26821     1.22252    -9.29413    -1.71233     20.0632     2.16797     4.38946    -4.33189     2.28337     3.05838     -1.9322    -1.51202    -8.97532
     37.672     -17.543     35.5745     32.8525     8.93889     15.3829     15.1627    -3.22384   -0.890982    -6.94481     16.6141     22.0551     2.29319     0.78106    -9.81504     1.41083    -4.38685    -2.32791    -7.00524    -7.21272
    6.38477     1.31156     11.5935     14.4341    -0.17872     6.67224    0.249178    -7.08425   -0.672206    -6.47056     1.18943     12.2415     1.49934    -4.21769     -8.8817     3.73516    -2.02857   0.0318802    -1.62171    -1.51707
    98.9859      38.372     3.30804      16.637    -15.6232     25.8128   -0.382479    0.168341  -0.0789182    -15.2081     16.7771     16.5832     2.25458     2.80797    -11.2573     2.38538    -5.44054    -2.25688    -6.97598    -6.21208
    2.58873     67.7451     5.43986     46.3874     20.6449     35.3421     8.18954    0.968235      0.3769    -9.79136     7.23838     16.5489      2.3606   -0.939526    -9.90604   -0.338581    -5.20809    -2.50642    -6.96463    -6.89737
    86.5665     -20.044    -7.50633     82.1048     22.1724     26.4927    -9.23586    -7.17786   -0.762121    -6.90771      21.524        15.8     2.04578     2.92866    -10.1709    -4.48384    -1.89607    -2.14405    -6.87967    -4.92161
    60.5078    -11.1718      45.635     30.9799     10.9672     25.4481     5.38428   -0.859271    0.085893    -6.83808     16.0924     19.7612     2.92414     2.44453    -9.42996     0.53739    -4.16467    -1.99052     -6.5317    -5.58917
    114.087     37.4233     16.5093     24.4171    -2.38084     23.3111    0.978782  -0.0298762   0.0230664    -9.80039     13.3436     17.9058     2.21979     2.25693    -10.9042     1.13788    -4.66425    -2.28185    -6.90358    -6.11946
    108.144     3.36841     15.6791     64.7739     24.0013     24.6003    -14.2478    -7.21469   -0.765637    -7.73253     12.7281      15.624     2.11443     4.62511    -9.92954     2.22961    -5.09073    -2.08351    -6.06934    -6.27199
    131.242      39.518    -2.88339     16.1745    -6.09249     28.6346     5.19141    -3.65501   -0.804976    -1.63751     13.2521     18.7956     2.45625       2.016    -11.3292    0.241077    -4.81905    -2.30768    -7.51155     -5.6075
    38.1928    -15.1541      30.128     21.5754     9.39853     8.69006      17.071    -1.89852    0.474575    -6.56911     7.42334     7.95907     1.95591     5.75595    -13.6876    -2.25444    -5.00432    -2.90266    -7.67689    -6.31845
    64.3162     3.68148     47.0324     50.6162     14.2077     25.7694    -11.9945   -0.948153    -1.28576    -7.72547     9.38004     17.4781     2.28273     3.15932    -10.3819     2.06038    -5.60685     -2.2138    -6.60218    -6.34367
    25.4104     26.1045     22.0289     11.5338     15.2108     9.72279    -8.34399     4.44064    0.217828    -1.49764      15.582     14.0952     1.96087    -1.15079    -4.36947    0.431288    -7.37194    -2.59582    -8.15267    -5.43747
    79.0685     38.9814       58.53     37.6101     1.14343     16.8779   -0.567397      5.5085    0.198097    -5.82615     9.82799      19.433     2.66426     1.08786    -11.1285   -0.839723    -4.12836    -2.32065    -7.11781    -6.11326
    62.1302     35.5392     60.3335     20.1288     6.65351     21.2474      4.2914    -4.26025  -0.0742431    -5.20595     13.9804     18.5406     2.10016     3.46323    -9.73603    0.455277    -4.17158     -2.1341    -6.71317    -5.87962
    53.1599     38.0838     29.0487     20.5186     15.5571      14.937    -2.76185     3.18774    0.429716    -3.25395     14.5249     17.6868     2.20552     1.44677    -9.55574 -0.00937261     -5.2862    -2.34333    -6.79377    -6.52656
    125.331     39.1249    -14.9548     10.2386    -17.1038     32.5416     5.20808    -4.73932   -0.762801    -1.15058     14.3897     18.6152     2.42083     1.98816    -12.0379    0.381904    -5.24765    -2.37683     -7.8655    -5.46429
    34.2065     87.0395    -5.28973     83.2927    -2.80102       8.671     8.68984    -7.69932    -1.89056     1.16051       22.14      14.212     2.00982     4.94458     -9.7372     5.90033    -2.52881    -1.95732    -5.94927     -6.1935
    39.5756       57.78     38.7671     50.5235     1.04323     19.9851     5.00942     2.50813    0.154489    -3.44777     13.3442     16.3376     2.07289      1.3502    -10.5766     1.47006    -3.62841    -2.40414    -6.76193    -6.48426
    148.867     42.1889     22.6762     27.0862       17.13      19.704     5.93202    -1.07918   -0.344729    -6.56967     12.5973     18.2952     2.26704     2.41396    -9.82874    0.848124    -4.14716    -2.14015    -6.41329    -6.02879
    101.802     25.8239      40.954     37.6753     11.5811     22.3014    -1.97853     1.74496    0.266852    -6.61546     10.8598     17.8963     2.20586     1.96111    -10.5307     1.06293    -4.53021    -2.27474    -6.62555    -6.33231
    115.593     27.4088     48.9993     21.9894     11.3262     27.4331      1.4114     4.45959    0.127344    -6.13556     11.4141     16.3813     2.40139     1.17219    -10.7575     1.06002    -4.04937    -2.17381     -6.5753    -6.62763
    47.8601    -35.2294    -6.84671     65.9661     10.6995     23.6625     14.5957     6.06772    0.721518    -7.09095     20.0571     19.7907     2.21284   -0.491135    -10.1753    -3.01404    -2.24018    -2.22662    -6.70544    -5.87639
     35.396     -21.771     11.1618      34.352    0.809373     21.6211     12.8491     1.82187   -0.211813   -0.277691     7.34505     17.8879     2.46409     4.93061    -10.1577    0.782934    -4.40968    -2.03216     -5.9096    -7.38206
   -8.18274     45.4461     2.06553     17.1983     25.7513     21.4323    -7.10773     11.9913     1.57578    -3.80541     14.6819     21.4807     2.87898     5.18741    -13.0751     1.20413      -3.531    -1.67955    -5.64841    -5.52517
    57.9319     27.1911    -3.99415     55.3495    -18.8535      20.383    -8.42415    -4.45209   -0.455839    -7.27658      12.786     19.4385     2.68736     3.09437    -11.7648    0.700046    -5.78923    -2.20775    -7.02823    -5.86428
    138.742     40.4606     10.6354     22.2937     5.59592     24.0381     5.24833    -2.29244   -0.516436    -4.00379      12.687     18.6222     2.35232     2.19538    -10.5613     0.50872    -4.46321    -2.23562    -6.96765    -5.82945
    34.5484     -11.746     16.2068     25.0642    -9.51583     29.3324   -0.794297    -8.03964    -2.41714     10.2658     2.95494      22.645     2.71725     2.11294    -9.76245     2.97871    -5.32973    -2.16766    -5.83589    -7.12314
    26.0002     54.7255      39.182     34.6919     8.83971     28.6875     7.31651      0.3126    0.584462    -5.86461     12.2251     17.2741     1.99764     2.26907    -9.29207    0.480246    -4.65791    -2.13634    -6.54061    -5.80336
    119.293     39.4705     40.8827     30.8473     9.75705     19.2117     2.66107     3.12091  -0.0695275    -6.27702     10.9686     18.5732     2.39034     1.36463    -10.6375  0.00204284    -4.07858    -2.27507    -6.77623    -6.22114
    71.1746     5.05316     11.6389     30.9305    -9.92154     35.6023    -3.80324    -2.52322    0.155527     8.77918      6.7373     20.2767     2.41572      1.3435    -11.5879   -0.536556    -4.83424    -2.49649    -7.70853     -5.8859
    35.7171     32.3065     49.3251     30.8923     11.3066     22.2075     1.43533    -7.22982    -1.33366    -6.58386     12.6913     18.8973     2.22418     3.85869    -9.50715    0.483378    -4.91181    -2.14243    -6.83236    -5.98171
    67.9731     20.0597     57.6812     35.1458     7.21648     22.9397    -3.35859    0.713123     -1.0152    -6.26594     11.2857     18.4547     2.42411      3.0318     -10.278    0.758252    -4.61553    -2.18929    -6.67772    -5.83895
    18.2661    -7.52395     25.3458      29.111     13.4256      7.5918     14.8945    -1.61983   -0.253913     -8.3678     8.00109     16.9109     1.84621   -0.454994     -12.132     2.80648    -5.51515    -2.06453    -8.40348    -5.51821
     15.902     44.2675      19.463      25.897     16.8878     19.8053    -3.28796     5.50909     1.05077    -4.47077      13.937      19.644     2.46394     3.56321     -10.866    0.353804    -4.99337    -2.01353    -6.31635    -6.14603
    57.3854    -24.0623      20.685     53.6372     12.2359     29.2184     3.54449     3.53137    0.552679    -5.95378     16.7785     17.9084     2.01037    0.887765    -10.3714   -0.922017    -3.27155    -2.15526    -6.79656    -5.90375
    11.6767     83.0129    -23.0092     60.9984      26.941     34.9142      10.507    -3.34952   -0.547454    -11.7934     6.05093     16.3802     2.10533    -1.71734    -8.39974    -1.53982    -6.82606    -2.63347    -6.17733    -7.68019
     55.262     68.4682     25.1978     71.8716    -2.26792     4.95711     2.07418    -1.82018   -0.588691    -2.25513     14.5827     18.9412     2.39049     3.15294    -10.5178     1.46194    -3.47539    -2.19312    -6.74352    -5.89108
    22.1978     74.2732     14.0229     63.6645     5.17068      21.286     7.65219    -1.17984    -0.44341    -4.04855     13.9413     15.3267     2.02724      1.2232    -9.83996     2.07959    -3.96506    -2.37375    -6.65451    -6.72762