  -2.17799    44.5193    16.4059    14.6171    22.2194     27.544    7.51407  0.0912358   0.642937    9.30828   -1.18884   0.274449   -24.8929    4.13631   -8.76353   -13.6241   -5.84445   -11.2381    1.05685   -9.21342
   127.253    24.6985    33.6081    37.3443      14.58     28.022    9.05849   0.267192   -8.51721    13.8211    1.54691   0.171643   -21.8603    3.30239   -9.14214   -13.7283   -6.20651   -11.4208   0.646733   -8.97321
   44.1148   -2.81542    20.2164    24.7848   -11.7865    30.0748    5.59048  -0.339902   -15.1708    2.41567    4.67086 -0.0151086   -23.4377    3.75312   -9.59167   -13.2202   -6.30612   -11.4258   0.441677   -9.01955
   35.1868    42.9394    51.8558    28.8094    7.26214    26.8573    14.9828    0.13896   -10.3685    14.3584    2.65299   0.145271   -23.2784    3.22448   -8.71339   -13.6006    -5.9125   -11.0475   0.683985   -8.59762
  -5.53885    64.1119    11.2507    25.7874    22.7132    37.2152    18.3665   0.399307   -4.94663    14.3636    6.26469    0.25794   -22.9149    1.32429   -8.73585   -14.1112   -6.10658    -11.272   0.551166   -8.90226
    20.348    33.2529    34.4744    11.5901    17.4703    19.3782    3.56257   -0.21292   -5.60729    10.7682   -3.28707   0.227542   -22.8661     1.7844   -9.25206    -13.913   -6.67081   -11.6842   0.115758   -8.94087
   50.2936    27.4876    60.4802    26.5734    7.81717    22.8112    9.66143 -0.0797005    -12.203    14.5143    1.76844   0.282224   -23.8571    3.93428   -8.65907   -13.5881   -5.90823   -11.1772   0.959884   -8.72196
   90.8541     53.376    39.6359    56.7392    5.54142    15.6596    5.14855   0.127302   -6.10878    11.2499    3.02332   0.250987   -25.4376    1.88824   -8.36383   -13.9652   -6.16555     -11.43    0.92523    -8.8348
   24.7219    64.2809    30.2233    45.8552    8.17604    27.6388     15.896   0.135479   -9.18356    13.5835    1.86494   0.148011   -22.0424    2.24625   -9.04118   -13.6196   -6.28077   -11.4123   0.580703    -8.7426
   58.8044   -17.4595    40.6308     36.481    8.29079    25.1481    16.1172  -0.183453   -9.04326     14.967  -0.423813   0.112072   -25.7779     2.3148   -8.83202   -13.1116    -5.9766   -11.1547   0.950756   -8.68504
   133.833    35.5426    39.0883    29.8753    11.9753    23.3923    12.2596   0.178382   -7.62078    13.1093    1.86221   0.236982   -23.0891    2.53991    -8.9372   -13.5678   -6.20197   -11.3868   0.714929     -8.884
    88.986    38.7743     44.338    32.7026    8.50803    24.9982    12.6097   0.219753   -7.15171    12.8692    1.97849    0.24155   -22.9937    2.47849   -8.92813   -13.6902    -6.2125   -11.4506    0.82547   -8.85368
   54.7638     51.625    45.6094     47.998    3.36126    22.3689    11.5266   0.235167   -7.31647    12.0474    1.29078   0.212528   -23.1075    2.42391   -8.91571   -13.6797   -6.24794   -11.5303   0.856685   -8.88245
   124.744    37.8515    6.30828    11.0742   -15.5364    28.1516    11.7396 -0.0303898    -11.389    12.5532    0.88266   0.153964   -23.4934    2.38213   -8.99397   -14.6843   -6.13537   -11.5168    1.17538   -8.74261
   12.5519    3.35444    11.7713    19.1064   -3.39849    12.0041    2.41017   0.281604   -6.47104    9.10204    7.74765   0.425037   -16.3162     1.6889   -9.44746    -7.9643    -5.4497   -10.2521   0.442531   -8.84756
   55.2051    75.0124    24.9755    68.5538    2.41676    16.0045    8.15319  0.0492568   -10.1967    12.4797  -0.798793   0.157723   -23.7143     3.2093   -8.84072    -13.464   -6.18254   -11.5526    1.10471   -8.96521
   97.0994    35.5312    54.4391    36.9629    5.18731    22.3966    10.4508   0.133214   -4.85311    11.4965    2.66257   0.227776   -23.7132    1.79378   -8.74958    -13.852   -6.27233   -11.4954   0.752055   -8.90349
   51.5699    42.3558    59.5775    32.3141   0.621269    27.3363    17.4467   0.278219   -7.40814    12.1007  -0.372583   0.277492    -21.443    2.77282   -9.31128   -13.3679   -6.31646    -11.548   0.816309    -8.9961
   23.6729    91.0023    4.72625    62.5905    8.29311    25.8804    18.8739   0.136441   -15.6376     15.143   -3.10236  0.0839325   -19.8887    3.93405    -9.6494   -12.8664   -6.33952   -11.5605   0.745589   -8.87986
   29.7038   -32.9224    3.88866    46.0184    5.75454    9.90289    32.1159   0.258188   -2.32857    12.2085    3.58491   0.417132   -23.6805    4.35187   -8.68941   -14.3068   -6.13328   -11.4443   0.578536   -9.22186
    81.709   -5.32239    45.8886    39.6414    10.4096     34.103    10.2538   0.345032   -6.86645    13.9925   0.599733   0.203877   -22.1008    2.42295   -8.70769    -13.598    -6.2216   -11.4706   0.627944    -8.9159
   104.737    12.5434    43.9537    36.5684    11.5759    30.7571    9.80217   0.305244   -6.86716    13.4839    1.62835   0.162999   -21.7262    2.91202   -9.16282   -13.7995   -6.25392   -11.4753   0.606079   -8.98756
   66.9728    12.6943    52.2079    41.0071    8.51739    27.0327    6.77182    0.18894   -7.19098    13.1751    2.77508   0.133154   -23.0314    3.27585   -9.04102   -14.0253    -6.1184   -11.3847   0.873496   -8.88639
   41.5773     29.184    24.4822    22.6332   -18.2807    24.4077    1.49002  0.0341128   -2.65193    20.4963    3.93224   0.226979   -23.9056        2.7   -8.72076   -13.1697   -6.37903   -11.5812   0.680567   -8.80771
   116.872     39.774    42.5462    36.3187    9.20463    21.4186    10.5584 -0.0375088   -6.55171    12.3561    2.45341   0.190088   -23.8284    2.13777   -8.74657    -13.726   -6.19982   -11.4247   0.771209   -8.85883
   14.7071    7.63379     29.448    28.9675    16.3363    12.6232    9.20772   0.239003   -11.3249    14.5961    2.35138   0.370742    -19.701   -0.94204   -10.5011   -14.6254   -6.29351   -11.6125    1.14738   -8.80205
   37.8603   -19.8858    27.1459    33.0193    8.72342    8.27001     20.255   0.696616   -8.30293    13.1629    2.99253  -0.139473   -21.2633      3.778    -8.3888   -14.9636   -6.49711   -11.8491   0.784921   -9.11722
   107.694     7.9165    20.7113    59.5118    19.5492    35.3737   0.391985   0.543446   -10.1801    15.0566    1.05189   0.113167    -20.207    4.48075   -9.04605   -14.0672   -6.22307   -11.4675   0.579496   -9.10625
   132.491    37.2543    20.6919    20.2924   -1.36656    25.6416    11.9933  0.0350295   -9.81717    13.0148    1.31461   0.179276   -23.2794    2.54422   -8.96954    -14.063   -6.15968   -11.4477   0.945247   -8.81419
   144.588    37.6129    34.3703    27.9999    13.5078    22.9202    13.1023   0.107448   -8.58531    13.5489    1.47036   0.220877   -23.0545    2.74426   -8.96836   -13.4409   -6.16694   -11.3509   0.722294   -8.87013
   13.8313    47.8019    33.6286    27.9859     15.349    27.8641    12.5179   0.242074   -8.45165    14.3604    4.33959   0.210791    -24.087    2.50073   -8.59638   -13.8787   -6.05767   -11.2137   0.778914   -8.75899
   90.5656    18.9117    16.2238    25.4374    -10.716    33.2282    8.65866   0.539468   -13.5326    2.87866    2.88014   0.311924   -24.0824    1.65824    -8.7238   -14.6484   -6.25325    -11.652    1.17302   -8.82905
   89.7857    18.5854    63.4011    27.9954    5.56689    27.3697    11.1667    0.25977   -5.33858    12.1371    2.45411   0.208685   -22.6863    2.40286   -8.91858   -13.8603   -6.21574   -11.4319   0.706052   -8.94315
   86.9189    37.2752    19.7581     18.625   -16.6175    26.0258    7.47956   0.156799   -3.26802    22.3125    0.50403   0.131582   -22.4347    3.20924   -9.25435   -14.4772   -6.19988   -11.4781   0.862065   -8.79277
    63.247    -20.818    15.6082    57.1676    10.4953    33.0909    15.5126  -0.123962   -7.18453    14.9587   -1.92868   0.465478   -24.9728   0.166442   -7.95559   -12.9199   -6.33718   -11.4694   0.749858   -8.69914
    27.361    35.7567    47.3089    16.3721    15.5455    23.1136     10.203   0.220657    -13.841    15.8451    2.57994  0.0733169   -24.0843    3.04871   -8.58388   -13.8055    -6.2564   -11.5488   0.838617   -8.90749
   58.4626    35.9808    41.8344    25.8216    12.1677    25.7437    10.7144  0.0861265   -7.03511    13.1857    2.37714    0.20881    -23.626    2.71453   -8.83749   -13.9336   -6.15844   -11.4851   0.911949   -8.85607
   118.893    26.2334    50.1287    26.8785    9.08935    26.5252    12.5155   0.164346   -6.12434      12.64    2.11357   0.212545   -22.4702    2.34433   -9.03594    -13.718   -6.26991    -11.465   0.652112   -8.93278
   71.1635    37.6646    58.9371    34.7832     2.1668    24.9355    13.6593   0.115567   -5.79822    11.6758    1.24271   0.261541   -22.6131    2.24173   -9.03032    -13.655   -6.31158   -11.5289   0.792066   -8.95682
   37.8994    7.53437    45.7321    37.3339    11.6284    21.1891    6.42001 -0.0522068   -12.6306    15.3931     1.6545   0.272736   -24.0142    3.31455    -9.2681    -13.819    -6.1738   -11.4407    1.00155    -8.7239