  0.00580015   -0.0500569      -0.1348   -0.0760796    -0.297355     0.183201    -0.097498    -0.217523   -0.0358393     0.596999
   -0.003895   -0.0116484   -0.0118554  -0.00713793   -0.0206373   -0.0143699   0.00257402   -0.0116661  0.000782219    0.0378653
 -0.00796246  -0.00215309    -0.019762   -0.0349991    0.0094753   -0.0661546   -0.0672103    0.0659761   0.00656951    0.0545789
  -0.0565802    0.0269151   -0.0945129    -0.161006     0.177329    -0.186877    -0.291151     0.317959    0.0274077     0.193736
   -0.300222     0.443443   -0.0608383    0.0785633      0.37749     0.385106     0.223789    -0.176782   -0.0187518    0.0798423
    0.428018    0.0183308     0.632122     0.235214     0.287991    -0.129383    -0.168578   -0.0780859  -0.00875534    -0.143881
  -0.0425747    -0.361752   -0.0786406     0.158717    0.0225546    -0.104963     0.574785     0.149828    0.0207128    -0.116473
 -0.00788929   -0.0398411   -0.0185741  -0.00712681   -0.0101733   -0.0897568     0.126052     0.036713     0.013202   0.00134733
 -0.00312897  -0.00448389  -0.00880153    -0.011338  -0.00793907   -0.0259379   -0.0106587    0.0112533  0.000720643  -0.00849761
 -0.00853822  -0.00743355   -0.0258668    -0.030472   -0.0352099   -0.0330544   -0.0506876   0.00728014  0.000188811   -0.0896506
 -0.00302767     -0.01132     -0.17847    -0.144335    -0.503526    0.0821885    -0.241416    -0.104952  -0.00623728    -0.605866
 -0.00355081  -0.00606813  -0.00406067   -0.0101804  -0.00259358   -0.0360241  -0.00496156    -0.027791  -0.00567249  0.000977715
  -0.0124787   -0.0129844     -0.01224   -0.0425968     0.014627    -0.103283   -0.0313554    -0.049033   -0.0277806    0.0181789
  -0.0329029   -0.0282668   -0.0139917   -0.0900486    0.0516353    -0.167524   -0.0294066    -0.150459    -0.102553    0.0166292
  -0.0784134   -0.0485002    0.0448493    -0.128653    0.0621502    -0.061534    0.0697901    -0.228057    -0.294082   -0.0371132
   -0.124936   -0.0410303     0.251816    0.0307144    -0.140405     0.356151   0.00595614     0.490934    -0.587261  -0.00637173
    0.500583     0.262289    -0.532887     0.483615    0.0271407    0.0375872  -0.00916943     0.162715    0.0212013   -0.0188842
   -0.123269   -0.0353084     0.249987    0.0260846    -0.142509     0.336459  -0.00893448     0.316354     0.704942    0.0156581
   -0.077408   -0.0431992    0.0451014    -0.129631    0.0636761   -0.0629412    0.0635358    -0.287067     0.223883   -0.0272374
  -0.0324996   -0.0282764   -0.0128649    -0.089249    0.0508515    -0.168185    -0.025554    -0.165036    0.0530067    0.0200874
  -0.0120966   -0.0132271   -0.0116204   -0.0413677    0.0150644    -0.100279    -0.027035   -0.0476537    0.0125856    0.0172044
 -0.00302813  -0.00542853  -0.00408896   -0.0086868  0.000361701    -0.030427  -0.00286565   -0.0149069    0.0017305   0.00087064
-0.000602512  -0.00204683  -0.00142498  -0.00155764  -0.00128862  -0.00793414    0.0047503   0.00311143   0.00107385  0.000151516
 -0.00418537   -0.0160428  -0.00896774  -0.00788187  -0.00620055   -0.0490538    0.0431337    0.0129678   0.00742137  0.000656244
  -0.0116713   -0.0514572   -0.0228735  -0.00963928   -0.0129753    -0.115424     0.150063    0.0377368    0.0147238  -0.00257623
  -0.0289394    -0.167121   -0.0424317    0.0260233   -0.0260395    -0.147435     0.358224    0.0892545    0.0163808  -0.00452867
  -0.0287636    -0.550156    -0.035627     0.398548    0.0822326     0.350724    -0.297998    -0.296698   -0.0374327    0.0668097
    0.573879     0.144389     0.126864     -0.44905    -0.138203     0.287221     0.239465   -0.0959875   -0.0160795     0.096496
   -0.251959     0.453413     0.260896     0.404905    -0.432621    -0.252476    0.0197117    -0.125717   -0.0270801    0.0732964
   -0.162912     0.169218    -0.124322    -0.110666     0.311943     0.240003   -0.0645098   -0.0630706  0.000884844    -0.388104
  -0.0612965     0.021584   -0.0985665    -0.159779     0.176395    -0.150609     -0.26857     0.241669    0.0199653     0.049078
  -0.0213265 -0.000670685   -0.0481956   -0.0812558    0.0448974    -0.135425    -0.164827     0.178596    0.0185733    0.0969655
 -0.00222232  -0.00110936  -0.00535158   -0.0096465   0.00185987    -0.019589    -0.019443    0.0181382   0.00156898    0.0117559