     66.6159     -5.71153      32.7189      34.8854        6.964      18.9247      19.0706     0.129136     -6.18907       12.408      2.96207     0.120277     -23.7835      3.70399     -9.69323     -13.8749     -6.16895     -11.4493      0.77404     -9.03749     -1.00676      3.01352      6.33106     -3.70008     -3.45208      1.44853     -6.50638     -4.79498     -10.3823      -9.1557     -51.6723  7.33206e-07 -7.85871e-08
     91.5261      5.46204      35.7878      38.1654       9.6015      27.0411      15.3587     0.385555     -6.52585      13.7157     0.784623     0.313615      -23.848      1.93035     -9.18135     -13.3326     -6.20952     -11.4057     0.690266     -8.83797    -0.579839      3.12945       6.0626     -3.73269     -3.42936      1.48484     -6.54467     -4.75367     -10.3906     -9.15949     -51.6722  7.65567e-07 -4.46655e-07
     82.1452      38.3464      41.0182      26.3486      11.5886      25.3146      12.1257     0.213392     -7.17913       13.206      2.21166     0.209678     -23.5089      2.69955     -8.82961     -13.7455     -6.12518     -11.4665     0.993092     -8.85232    -0.533364      3.10782      6.05502     -3.74351     -3.55668      1.47557      -6.5617     -4.75598     -10.3819     -9.15538     -51.6725  6.70506e-07 -3.76205e-07
     136.038      30.5574      33.4596      33.6912      14.5767      25.9386      10.4603     0.180944     -8.68579      13.7638      1.53167     0.180932     -22.2444      3.18635     -9.09922     -13.6188     -6.18631     -11.3889     0.673419     -8.94149    -0.699781      3.06318      6.18106     -3.76432     -3.43284      1.48266      -6.5448     -4.76023     -10.3865     -9.15418     -51.6725  6.40174e-07 -4.15486e-07
     12.1004      36.1697      34.6192      9.22684      20.2055      19.4146      4.03291    -0.193259     -7.92488      12.1879     -2.17221     0.272264     -23.1196      1.34113     -9.13162     -13.8434     -7.04397     -12.3002     0.319654     -9.78821    -0.559478      3.45564      6.13403     -3.44863     -3.35825      1.46435     -6.60297     -4.70675     -10.3599     -9.15142     -51.6729   6.1766e-07 -1.68968e-07
     82.3974      9.47788      10.5469      31.1803     -11.2305      36.7675      7.45783     0.492098     -15.3434      0.39857      2.76087     0.269596      -24.055      1.47539     -8.64275     -15.0132     -6.22897     -11.6934      1.25164     -8.81912    -0.943414      3.04397       6.3065     -3.70995     -3.39042      1.46394      -6.5296     -4.77964     -10.3843     -9.14371     -51.6726  3.44859e-07  5.87643e-07
     113.495      16.7013      41.3258      35.4311      12.3365      29.5212      10.4157     0.193137     -7.22695      13.5217      1.54481     0.142498     -21.9017      2.88024     -9.16182     -13.7286     -6.23444     -11.4671     0.612396     -8.97297    -0.708067      3.09669      6.19205     -3.72433     -3.41535      1.48052     -6.54098     -4.75783      -10.386      -9.1537     -51.6725   5.0472e-07 -3.46276e-07
      135.64       37.733      21.0709      20.1893    -0.102463      25.3868      12.4265   0.00571707     -10.0438      12.8377      1.25147     0.178274     -23.3004      2.54761     -8.96356     -14.0227     -6.15102     -11.4334     0.939906     -8.81142    -0.624033      3.08378      6.13342     -3.76073      -3.4719      1.48917      -6.5405     -4.74689     -10.3857      -9.1533     -51.6725  7.45685e-07 -1.41118e-06
     14.3631      74.3409      17.1845      47.6848      11.8495      30.4731      18.3289     0.167574     -10.5767      14.6811      2.59443    0.0950969     -21.2979       1.8426     -9.09964     -13.5954     -6.37063     -11.3464     0.261691     -8.65789    -0.872225      3.17838       6.2005     -3.68902     -3.41169      1.47296     -6.57457      -4.7547     -10.3971     -9.15455     -51.6723  4.32152e-07 -3.41896e-07
     75.3156      67.2331      31.7358      70.4437      3.61181      11.8984      2.70593   -0.0206559     -7.06762      11.1861      2.40611      0.20192     -26.0579      2.12542     -8.24064     -13.9528     -6.11566     -11.4497       1.0674     -8.84308    -0.410228      3.12573      5.94215     -3.76754     -3.63502      1.49595     -6.55824      -4.7462     -10.3825      -9.1564     -51.6723  1.66359e-07 -3.03676e-07
      42.391     -3.40744      46.2427      38.0373      9.42971      19.6117      7.70571     0.612562     -13.7339      15.7668     0.195776    -0.235224     -25.1771      3.07317     -9.06298      -13.547     -6.12651     -11.3033     0.962989     -8.77893    -0.539598      3.12859      6.07294     -3.75489     -3.44371      1.47314     -6.53387     -4.74542     -10.3855     -9.15554     -51.6724   2.7458e-07 -7.94812e-08
     99.7443      6.57335      37.8821      46.4532      14.5793      34.7834       4.9803     0.716009     -7.87567      13.9534      1.51939     0.214065      -20.598      3.60897     -9.11566     -14.0206     -6.28886     -11.5028     0.563317     -9.06671    -0.800955      3.09618      6.30962     -3.71216     -3.36136      1.47479     -6.52753      -4.7605     -10.3847     -9.14993     -51.6726  6.56358e-07 -2.64533e-07
     7.29999      48.0798      34.9913       24.829      16.5531      28.2443      13.1734     0.166039      -10.179      15.3256      5.07531       0.3315      -24.198      2.54706     -8.51182     -13.9096     -6.03541     -11.1707     0.895414     -8.65339    -0.607422      3.04585      6.05739     -3.80544      -3.5663      1.49265     -6.54969     -4.73815     -10.3918     -9.15423     -51.6723  7.66155e-07 -2.07276e-07
     56.9155      81.5341      17.8026      73.8985      2.29822      14.0977      7.17375   -0.0926605     -11.3388      12.8584     -1.63327     0.136097     -23.8529      3.62148      -8.8418     -13.3739     -6.14165     -11.5538      1.21594     -8.99468    -0.490249      3.03363      6.08126     -3.80976      -3.4877      1.49939     -6.52806     -4.76666     -10.3812      -9.1561     -51.6725  4.94041e-07 -1.94406e-07
    -7.65087      49.9442      21.3465      16.4202      21.8235      28.9199      10.7522   -0.0523706     -5.48329      12.9285      2.51306     0.336908     -24.7798      3.16775     -8.56357     -13.6054      -5.9977     -11.3066     0.668631     -9.55721    -0.425694      3.02429      6.15226     -3.81629     -3.39252      1.48888     -6.51345     -4.72989     -10.3698      -9.1582     -51.6726  5.72153e-07 -2.56904e-07
      54.234      36.9101      22.2257      12.9607     -1.32791       25.081      6.74482     0.357872     -3.70378      15.1859    -0.861054     0.155958     -23.8152      3.26095     -8.86407     -13.9268      -6.1805      -11.279     0.367527     -8.89209    -0.832802      3.14059      6.24777     -3.64544      -3.3864       1.4648     -6.51045     -4.78118     -10.4167     -9.15057     -51.6722  7.51102e-07  6.81761e-08
     10.3333     -3.93214      19.7312       26.365      12.9353      3.76978      12.7606     0.398234     -8.76482       12.276      2.84557     0.337069     -16.2124      -1.9166       -10.16     -14.7043     -6.00591     -11.1862      1.34457     -8.81289     -0.25024      1.90675      6.43931     -5.37426      -3.3788      1.54458     -6.59799     -4.68032     -10.3086     -9.16368     -51.6748  4.40247e-07  -3.9026e-07
     93.1677       19.496      66.3086      25.4002      4.94832      27.2027      11.9836    -0.138647      -4.7566      11.8274       2.5799     0.117531     -22.6925      2.20755      -8.9541     -13.8686     -6.22973     -11.4766     0.675206     -8.94298    -0.642872      3.11124      6.12606      -3.7151     -3.50385      1.48814     -6.55382     -4.75424     -10.3832     -9.15383     -51.6725  4.70558e-07 -4.25534e-07
     124.706      21.1703      27.5509      45.5043      17.1958      30.2132      5.51714     0.315006     -9.45064      14.4033      1.41997     0.125372     -21.1985      3.89593     -9.12003     -13.8515      -6.1971     -11.4235     0.625846     -9.02271    -0.783619      3.04719      6.27891     -3.75869     -3.37134      1.48241     -6.52931     -4.76156     -10.3857     -9.15154     -51.6726  6.84906e-07 -4.66713e-07
     49.4556      42.7595      60.3227      31.5647   -0.0107429       27.958      18.3957     0.290243     -7.48585      12.0605    -0.864047     0.247233     -21.0737      2.82203     -9.41115     -13.2992     -6.34179     -11.5961     0.816268     -9.03189    -0.685648      3.08631      6.19644     -3.72932      -3.4158      1.47635     -6.54091     -4.77364     -10.3834     -9.15431     -51.6726  5.46529e-07 -1.37604e-07
     58.9627     -24.1191      25.4934      48.7135      8.21548      32.5179      18.8036    -0.700903     -6.55575      14.7142     -2.16162     0.316075     -25.6814    -0.342064     -8.05701     -12.6932     -6.27087     -11.4141     0.762687     -8.61559    -0.134758      3.32872      5.88681     -3.69312     -3.59269      1.49091     -6.58976     -4.73126     -10.3924      -9.1602     -51.6723  7.00723e-07  2.36871e-08
     61.8113      34.0447      49.5457       24.916      11.1823      26.3373       12.308     0.111155     -8.99028      14.1597      3.39044     0.301939     -23.4817       2.7113     -8.74443     -13.8359      -6.1279     -11.3641      0.89011     -8.72452    -0.609999      3.10023      6.07094     -3.74492     -3.55376      1.47689      -6.5474     -4.75245     -10.3897     -9.15351     -51.6724  6.79642e-07 -5.18483e-07
     19.8153      57.9835      32.9194      39.2999      10.6333      28.9323      15.5627    0.0297069     -8.59826      14.0126      3.77505     0.083049     -22.6567      1.83981     -8.84745     -13.8557     -6.18209     -11.2972     0.485425     -8.62687    -0.734809      3.12209       6.1221     -3.72954     -3.50551      1.47759     -6.57386     -4.74543     -10.3948     -9.15392     -51.6723    4.545e-07 -1.95438e-07
     21.8355     -31.7706     -7.25666      43.8176      3.25113     0.341763      40.1713     0.203273      2.55259      9.46726      7.19533     0.325528     -20.9553      7.06582     -6.08292     -15.0041     -6.11366      -11.604       0.5242     -9.36153     -1.19899      3.03589      6.67418     -3.55268     -3.67082       1.3467     -6.51848     -4.75734      -10.403     -9.10821     -51.6742  9.83513e-07 -4.68654e-07
     15.4146      4.10045      22.4685      18.7687      2.02164      6.30408     -1.52764     -1.07884     -10.4387      10.5764      4.96903      3.14233     -7.95545     -7.67648     -10.6569     -8.20172      9.71235     0.102287      6.76704      -12.371    -0.178094      6.46855      6.93522    -0.688272     -3.42084       1.4933      -6.6849     -5.19004     -10.4272     -9.16099     -51.6495  3.43791e-07  5.73162e-07
     79.9396     -9.73133      21.7601      57.2776      13.7982      35.4293      8.59294     0.515992     -8.13796      14.9094    -0.690595     0.441927     -22.6456      1.91217     -8.24927     -13.4549     -6.33333     -11.4893      0.66527      -8.8797    -0.464992      3.24256      6.20766     -3.69809     -3.48911      1.47749     -6.55023     -4.74498     -10.3866     -9.15084     -51.6726  5.42518e-07 -3.05479e-07
     47.1671      13.6527       58.071      38.5572      7.95463      23.1618       5.0075    -0.312164     -12.0148      14.6603      1.44478     0.281692     -24.2665      4.46812     -8.63168     -13.7628     -5.90608     -11.0848      1.04446     -8.81412    -0.609093      2.92152      6.16769     -3.92829     -3.46461      1.48194     -6.51841     -4.74285     -10.3845     -9.15296     -51.6726  5.57523e-07 -9.57237e-08
     36.7103      61.9266      36.0905      49.3872      4.87439      24.8622      14.5197    0.0571668     -9.23596      12.9128     0.510476     0.155687     -22.1209       2.6278     -9.10427     -13.5016     -6.28246     -11.5469     0.810042     -8.82711     -0.67491      3.11918      6.13793     -3.71441     -3.47083      1.48155      -6.5542     -4.76697     -10.3887     -9.15467     -51.6724  3.40737e-07 -2.62045e-07
     48.9847     -24.6072      31.4358      34.3118      8.09262      15.8097      22.1202     0.034859     -8.65672      14.4724       1.4437     0.106556     -26.2366      3.95759     -11.6611     -13.6267     -5.92682     -11.2206     0.752927       -8.883    -0.902477      2.97097      5.88695      -3.6674     -3.26817       1.4409     -6.49886     -4.75392     -10.3998      -9.1662     -51.6716  5.04052e-07 -4.27101e-07
     52.9465      64.6406      35.4799      59.4966      2.36378      19.1431      10.0011     0.178415     -8.75388      12.1214    0.0650648     0.179811     -23.2945      2.80199     -8.92255     -13.5408      -6.2412     -11.5601     0.959101     -8.94762    -0.547597      3.10463      6.07608     -3.74547     -3.50511      1.48819     -6.54868     -4.76442     -10.3832     -9.15585     -51.6724  5.72259e-07 -3.64071e-07
     15.2999     -3.79262       4.2266      24.5082     -6.99686      13.5866      7.54452      1.20477     -6.74877       2.9909      10.5614    -0.297553     -15.6406       6.8665      -9.5311     -7.83697     -7.17907     -10.8366     -2.20149     -8.32036      2.51155      3.90067       5.0528     -4.13998      -3.8716      1.51049     -6.57205     -4.57529     -10.4302     -9.15546     -51.6757   4.5787e-07 -9.17339e-09
     32.1622      80.0121      20.9855      62.6664       3.9893      22.4325      15.0494     0.151153     -12.7063      13.4854     -2.53724     0.129252     -21.2584      3.65798     -9.38137     -13.0897     -6.29654     -11.6072     0.941479     -8.97752    -0.700543      3.05373      6.21393     -3.75552     -3.37533      1.48555     -6.53419     -4.77975     -10.3866       -9.155     -51.6725  2.77842e-07  -1.1742e-07
     67.9188      26.3843      66.3487       27.617      3.81936      24.5183      11.4614    -0.242799     -7.90694      12.6748      1.70703     0.184862     -23.4223      3.21031     -8.78759      -13.656     -6.00961     -11.2195     0.916232     -8.87055    -0.619526      3.01731        6.131      -3.8575     -3.51275      1.47968       -6.544     -4.75517     -10.3866     -9.15414     -51.6725  4.12432e-07 -2.53093e-07
     111.812      8.86063      16.2973      64.0978      21.8279      36.0619     -2.20835      0.37539     -11.1064      15.3523      1.17115  -0.00877287     -19.6522      5.13887     -9.16624     -14.1783     -6.18103     -11.4644     0.557109     -9.16387     -0.91931      2.99935      6.43598     -3.76404     -3.26879      1.48453      -6.4998      -4.7652      -10.384     -9.14762     -51.6727  9.98637e-07 -6.45389e-07
     76.1267      50.3817      42.5854      49.5815      4.52612      20.2769      9.45292     0.229978     -6.88158      11.8129      1.76376     0.289433     -23.7991      2.26792     -8.77474     -13.7667     -6.25013     -11.4879     0.869631     -8.89336    -0.561213      3.13471      6.05779     -3.73085       -3.538      1.48248     -6.55567     -4.75557     -10.3845     -9.15526     -51.6724  6.31095e-07 -4.79822e-08
     57.2877      49.4459      50.6224       43.223       1.8149      23.8751      13.8416     0.432789     -7.09756      11.8219      0.33968     0.274395     -22.3716      2.46014      -9.0972     -13.5397     -6.32036     -11.5876     0.851401     -8.96154    -0.621071      3.12787      6.12485     -3.71332     -3.47773      1.47774      -6.5496     -4.76663     -10.3835     -9.15488     -51.6725  4.75001e-07  -1.2403e-07
     55.4052      -18.233      43.6948        36.03      8.35717      24.6518      14.3613    -0.447755     -11.0402      15.9726      -1.5324     0.356083     -26.9782      2.31777     -7.78686     -12.7878     -5.88258     -10.8873      1.14745     -8.54062    -0.164069      3.03341      5.96625     -3.96825     -3.52492      1.50401     -6.54947     -4.71764     -10.3899     -9.15725     -51.6725  3.17467e-07 -2.03596e-07
     107.974      40.1721      39.8078      30.6977      11.0946      24.0508      12.7754     0.211004     -7.32519      13.0308      2.22612     0.242896     -23.2371      2.37662     -8.88187     -13.6339     -6.20233     -11.4455     0.852823     -8.82969    -0.583289      3.11679      6.06946     -3.74495     -3.53868      1.48016     -6.55752     -4.75799     -10.3861     -9.15538     -51.6724  6.50642e-07 -3.80204e-07
     87.6975     -3.03566      51.8018       36.924      10.8362      35.9353       8.7559     0.431894     -6.43378      13.7051      1.20375     0.138394     -20.9672       2.9483     -9.00097     -13.8434     -6.27419     -11.5105      0.55717     -9.02652    -0.706627      3.11728      6.27252     -3.71031     -3.39472      1.48278     -6.53398     -4.75468      -10.384     -9.15092     -51.6726  5.62697e-07 -2.59769e-07
     46.3863      34.1346      25.4039      25.5698     -26.7097      24.3286      1.05323    -0.247215     -0.10551      25.8098      3.66487    0.0689589     -23.7065      2.69142     -8.83164     -14.7264     -6.21109     -11.3679     0.732643     -8.72244    -0.478661      3.15978      5.99315     -3.73165      -3.5554      1.48686     -6.55453     -4.71496     -10.3799     -9.15625     -51.6725  4.58649e-07  3.80403e-07
     36.1431      50.7874      51.0334      37.5207      2.57709      27.4886      17.2345      0.77701      -8.5747       12.706     0.300931     0.369674     -21.6139      2.72125     -9.20373     -13.4301     -6.30362      -11.455     0.764639     -8.86169     -0.71849      3.08611      6.17726     -3.74756     -3.44445       1.4736     -6.55305     -4.76511      -10.388     -9.15428     -51.6725  4.58276e-07 -1.48672e-08
     92.5387      23.9434      47.9967      40.0244      9.03662       26.895      8.42212     0.370766     -6.42969       12.728      2.44169     0.227876     -22.6772      2.71851     -8.97362     -13.9284     -6.22577     -11.4383     0.704421     -8.92701      -0.6849      3.09961      6.14582     -3.73063     -3.46872      1.47969     -6.54693     -4.75414     -10.3852     -9.15358     -51.6725  3.87378e-07 -2.52455e-07
     65.0633      23.6223      46.1938      43.4965      8.39811      25.7669      8.79279     0.234215     -6.84224      12.9326      2.81735     0.154916     -23.0375      2.69244     -9.05619     -14.0001     -6.22076     -11.4398     0.793617     -8.85934    -0.679748       3.0839      6.13512      -3.7468     -3.48388       1.5045     -6.54415     -4.75278     -10.3877     -9.15323     -51.6724  4.24612e-07 -1.69915e-07
     25.7919      43.7043      45.9731      30.4243      10.6823      26.7151      13.1005     0.185319     -10.4297      14.7884      4.12497     0.107263     -23.8323      2.74159     -8.56436     -13.8551     -5.97253     -11.0566     0.650127     -8.52697    -0.715328      3.03921      6.12643     -3.82161     -3.52705      1.48076     -6.57116     -4.73546      -10.396     -9.15398     -51.6723  4.09134e-07 -4.27679e-08
     33.2982      30.9562      49.1403      11.1111      16.8666      19.3165      7.37078     0.353583     -14.6015      15.1344     0.267737     0.079792     -21.5918     0.870747         -9.4     -13.9725     -7.23279      -12.628      1.05467      -9.1702     -0.48212      3.62699      5.92944     -3.38663     -3.56349      1.45897     -6.58433     -4.78271     -10.3714     -9.14496     -51.6727  4.83112e-07 -5.39922e-07
     97.7932      54.4203      37.9078      57.8933      6.30759      14.4371      4.22083    0.0919646      -6.0529      11.2099      3.32045     0.229936     -25.8595      1.80673     -8.24963     -13.9955     -6.13517      -11.406     0.936398     -8.81379    -0.447392      3.14278      5.95454     -3.75331     -3.63633      1.48991     -6.56535      -4.7439     -10.3837     -9.15597     -51.6723  4.65121e-07 -3.48548e-07
     -5.3281       45.917       6.3496      11.6982      26.9675      31.2102      8.03073      0.54838      8.56986      5.86085     -4.27646    -0.061441     -25.2297      5.32376     -9.00305     -13.8776     -5.54426     -11.0827      2.12335     -9.43911    -0.140026      2.80144      6.00858     -3.89769       -3.511      1.44743     -6.64195     -4.83548     -10.3509     -9.17229     -51.6724  1.94955e-07 -5.67457e-08
     26.9374     -27.4608      16.1151      36.1975      8.00659      3.87444      25.9958  -0.00715033     -5.53402      12.1657      4.59822     0.426926     -20.7808      5.20561     -7.71435     -15.5353       -6.458     -11.9628     0.874501     -9.08249     -1.03081      3.17753      6.88465     -3.46033     -3.45211      1.55442     -6.57244     -4.80572     -10.3636     -9.10654     -51.6743  6.12148e-07 -1.15986e-07
     93.3736      40.4454      47.9221      34.8931      6.38813      24.0975       13.121    0.0803744     -6.81751      12.3677      1.53017     0.219002     -22.8222      2.30154     -8.97343     -13.6226     -6.26893     -11.4767     0.745017     -8.90521    -0.623148      3.12528      6.10745     -3.72471     -3.49849      1.47848     -6.55689     -4.75866     -10.3854     -9.15495     -51.6725  6.81974e-07  -4.1749e-07
     38.8717      41.2355      55.7302      25.2108      6.11802      27.3668      16.4326     0.158118     -10.8517      14.4237      1.95681    0.0989702      -23.034      3.61687     -8.78014     -13.4436     -5.83607     -11.0021     0.738646     -8.61139    -0.721186      2.87355      6.19248     -3.94432     -3.47844      1.50992       -6.547     -4.74423     -10.3932     -9.15419     -51.6725  5.72007e-07 -2.90057e-07
      64.234       39.451      60.7021       33.182     0.738757      26.2798      15.9539     0.188268     -5.97426        11.57     0.247908     0.288877     -21.8357      2.31898     -9.23125     -13.5086     -6.38414     -11.6104     0.796172     -9.01978      -0.6429      3.13959      6.14349     -3.69588     -3.46184      1.47156      -6.5497     -4.76786     -10.3825     -9.15454     -51.6725  5.56266e-07  -2.0403e-07
    -3.53324      68.3278      12.1754      30.9373      20.3022      37.2599        20.04     0.517145     -7.12744      15.2661      6.70756    0.0589174     -22.2108     0.780658     -8.74407     -14.1374     -6.18858     -11.1075   -0.0795707     -8.64483    -0.843987      3.15202      6.16572     -3.73593     -3.43988      1.49761     -6.56915     -4.72516      -10.395     -9.15593     -51.6723  2.35101e-07 -2.21187e-07
     12.2285      18.5504      17.5954      16.3316     -7.26078      16.5543     -4.03685   -0.0208082     -3.58908       18.014      7.49001     0.442183     -21.5365     0.350724     -8.72493     -7.52551     -7.58036     -12.4823      1.10131     -8.93194     -1.83481      2.31164      6.70319     -4.07651     -3.26851      1.49876     -6.54194     -4.86544     -10.4013      -9.1637     -51.6731  5.10975e-07  -3.9949e-07
      133.39      31.2239      43.2789      25.9218      11.4462      25.0848      13.3391     0.230448     -7.24639      13.0623      1.75433     0.243268       -22.62      2.51683     -9.04057      -13.561     -6.23939     -11.4111     0.671812      -8.9098    -0.646822      3.10558      6.13272     -3.74169     -3.47685      1.48117     -6.55681     -4.75864     -10.3861     -9.15499     -51.6725  4.48742e-07  1.33216e-07
     31.4819      38.0951      50.3875      17.4522      13.0324      25.2215      12.8516     0.188472     -13.5801      16.2338      3.70626     0.120921     -24.7495      3.97284     -8.30144     -13.6651     -5.72893     -10.8618       0.6942     -8.57118    -0.676375      2.92289      6.16353     -3.88018     -3.49762      1.49591     -6.54403     -4.73319      -10.391     -9.15376     -51.6725  5.02079e-07 -3.07482e-08
     33.1274      12.8052      24.1207      18.5324     -8.41605      23.0105      2.11978    -0.392767     -9.93299      10.0145      5.20942     0.258243     -23.2234      3.57685     -9.16933     -9.98465     -6.90764     -11.9848  -0.00261279     -9.04702     -1.00955      3.06174      6.20308     -3.73683     -3.45094      1.50719      -6.6777     -4.66585      -10.378     -9.17568     -51.6728   5.4673e-07  3.70033e-07
      66.404      38.0708      58.7757      46.7321      2.05938      20.3354      6.88668    -0.282845     -4.35451       11.018      3.51678     0.122098     -24.6012      1.78566     -8.55259      -14.077      -6.2163     -11.4693     0.849571     -8.85643     -0.55392      3.14488      6.01775     -3.71362     -3.59106      1.48001     -6.56126     -4.74407     -10.3836     -9.15474     -51.6724  3.85786e-07 -1.40971e-07
     85.9059      37.8573      19.1106      19.3916     -19.3966      26.0429      7.15185    0.0431061     -2.97559      23.2125     0.621457    0.0938203     -22.3641      3.19668     -9.27632     -14.5624     -6.20241     -11.5081      0.90964     -8.80927    -0.492668      3.17448      6.03699     -3.70413     -3.50372      1.49093     -6.53495     -4.71009     -10.3853     -9.15428     -51.6726  3.67673e-07  1.88911e-07
     41.6396     -18.0179       29.434      26.3139      8.34765      4.81776      19.5424      1.17698     -8.53646      12.2926      2.77848    -0.527546     -16.4428      3.64986     -2.66255     -15.9653     -7.08553     -12.2375     0.700413     -9.66617     -1.52526      2.89916      5.84968      -3.7055     -3.63456      1.44837     -6.65411     -4.88189     -10.3938     -9.22395     -51.6703  3.44918e-08 -7.00201e-08
     101.633      32.0764      56.9534      31.9799      5.59151      23.5981      11.6941     0.336547     -4.74044      11.5837      2.62711     0.286638     -23.4345       1.7744     -8.80767     -13.8124     -6.28953     -11.4865     0.717597     -8.90522    -0.583366      3.16359      6.06404     -3.69954     -3.54408      1.47687     -6.56416     -4.75351     -10.3836     -9.15435     -51.6725  5.33561e-07 -4.39374e-07
     46.2575      28.8246      59.3289      21.3419      9.95431      21.9803      9.80774     0.090924     -14.2845      15.4563      1.93945     0.284951     -23.9577      4.04481      -8.6195     -13.5632     -5.92724     -11.2512     0.907874     -8.65072    -0.606964      3.02607      6.12846     -3.78723     -3.52109      1.47968     -6.55441     -4.75456     -10.3908     -9.15219     -51.6725   4.1221e-07 -2.25931e-07
     129.241      38.1634      5.38771      10.1581     -14.4511      28.4687       12.868    -0.114945     -14.0063      7.53973       1.3905     0.170447     -24.2784      1.82605     -8.75848     -14.6889     -6.12941       -11.55      1.30258     -8.70354     -0.69289      3.06981      6.18277     -3.74714     -3.45848       1.4917     -6.52623      -4.7468      -10.385     -9.14914     -51.6726  9.03541e-07 -1.40594e-06
      107.05      32.1777      27.1578      25.6819     -4.98234      26.6974       8.8679     0.214529     -7.39636      13.5754      2.23444      0.20232     -23.1566      2.43471      -8.9561     -14.0971     -6.24872     -11.5426     0.908335     -8.85409    -0.703291      3.09782      6.14702     -3.72733     -3.46632      1.48702     -6.54558     -4.74387      -10.384     -9.15319     -51.6725  3.26953e-07 -1.73806e-07
     50.6639      34.6606      60.3081       30.984      4.18252      25.0231      12.9364    -0.152203     -9.32248       13.219      1.45534     0.280748     -23.3065      3.57613     -8.80277      -13.542     -5.96351     -11.1456     0.920719     -8.78847    -0.648512      2.94203      6.15677     -3.90218     -3.48798      1.49387     -6.53881     -4.75047     -10.3879     -9.15392     -51.6725  3.31117e-07 -4.95831e-08
     36.4949      41.9129      51.3268      48.3531       4.3654      20.4014      6.66853    -0.102289     -7.80521      12.5809      3.36286     0.308932     -24.3766      2.63241     -8.65883     -13.9704     -6.00632     -11.3458     0.842835     -8.69424    -0.579332      3.08839      6.04709      -3.7742      -3.5745      1.48147      -6.5875     -4.74666     -10.3907     -9.15553     -51.6722  5.46509e-07   8.4384e-08
     83.5192      32.7075      62.8712      33.7644      2.52066      23.7371      11.7247     0.287426     -4.14768      11.1386      2.52286     0.228302       -23.41      1.68108     -8.80986     -13.8574     -6.29461     -11.5297     0.747992     -8.92764    -0.575845      3.17327      6.06122      -3.6865     -3.55009      1.47793     -6.56223     -4.75455     -10.3833     -9.15473     -51.6724  5.34846e-07 -3.84673e-07
     17.6469      49.1415       21.398      28.4007      15.9573      28.3419      10.1827     0.531143     -1.82021      11.0158      1.34585     0.106309     -24.6229      3.27032     -8.71392     -13.8276     -5.90676     -11.1943     0.707737     -9.27403    -0.447788       3.0381      6.15394     -3.83229     -3.43464      1.48914     -6.55503     -4.75339     -10.3781     -9.15945     -51.6724  7.61203e-07 -3.44537e-07
    -10.4203      58.8329      5.93232      16.5645      28.6317      39.4657      16.9176     0.211688    -0.352712      12.9398      6.42113     0.550313     -23.6787      1.69628     -8.78616     -14.2608     -6.02387      -11.599       1.6512     -9.13264     -0.22737      3.05314      5.87508     -3.89716     -3.66597      1.48608     -6.51288     -4.74731     -10.3835     -9.15805     -51.6722  2.35021e-07 -1.78276e-07
     133.661      39.3394      37.1059      32.0597      11.9498      21.8307      11.7568     0.178079     -7.69592      13.0461      1.99625     0.247058     -23.5457        2.456     -8.83863     -13.5701     -6.17882      -11.369     0.751049     -8.85785    -0.589077      3.10045      6.08516     -3.76309     -3.51606       1.4838     -6.55954     -4.75483     -10.3867     -9.15567     -51.6724  6.51525e-07 -2.96031e-07
     123.539      35.0185      45.2095       30.891      9.62956       23.042      11.9208    -0.121898     -6.50933      12.5021      2.25048     0.174826     -23.3509      2.19025      -8.8543     -13.6638     -6.21994     -11.4274     0.715117     -8.88043    -0.597401      3.12172      6.08538     -3.73348     -3.52112      1.48398     -6.56157     -4.75472     -10.3856       -9.155     -51.6724  4.56805e-07 -4.52105e-07
     92.6872      40.4447      51.5184      43.4738        4.663      20.2314      8.42918    0.0328008     -4.82456      11.2948      2.97786     0.232147     -24.3492      1.71288     -8.58878      -13.937     -6.24886      -11.484     0.806108     -8.87974    -0.531768      3.16615      6.02069      -3.7082     -3.58147      1.48097     -6.56386     -4.74933     -10.3835     -9.15519     -51.6724  4.23913e-07 -3.16503e-07
     45.4977      16.8206      37.8222      33.5161      16.1425      26.1508      7.49318   -0.0742352      -6.0824      12.9985      3.49873     0.243032       -22.73      3.44337      -9.7173     -14.1236     -6.19054     -11.9641      1.89843     -8.47647    -0.567316      3.16301      5.95877     -3.66173     -3.60601      1.51494     -6.59756     -4.78701     -10.4098     -9.15432     -51.6717  6.25961e-07 -3.67257e-07
     111.602      36.3644      49.0164      35.2279      7.64937      22.0989      10.7485   -0.0554059     -5.65379      11.9441      2.56122     0.192922      -23.708      1.95539     -8.75746     -13.7713     -6.23613     -11.4559     0.739057     -8.88541    -0.572642      3.14384      6.05903     -3.71877     -3.54493      1.48068     -6.56333     -4.75316     -10.3843     -9.15425     -51.6725  5.78929e-07 -4.02288e-07
     73.2146     -14.0745      43.7272      38.5919      8.27565      34.7381      14.9489    -0.380938     -6.50798      14.4595     -1.25115     0.262989     -23.9113     0.620712     -7.72991     -13.0035     -6.27022     -11.4437     0.731993     -8.71009    -0.205885      3.29158      6.12085     -3.73241     -3.57315      1.49452     -6.57526     -4.73182     -10.3861     -9.15379     -51.6726  2.93405e-07 -2.06016e-07
     18.1304      39.0869      41.5508      13.4937      18.2842      22.9305       9.3019    0.0848049     -12.4746      15.3171      1.89527     0.150997     -24.3314      3.00453     -8.63106     -13.8736     -6.40223     -11.9469     0.997995     -9.29499    -0.432002      3.36732      6.04938     -3.38278     -3.47356      1.45237     -6.52442     -4.76555     -10.3685     -9.15263     -51.6726  6.34291e-07 -9.36727e-08
     26.3044      17.8455       45.592      30.5258      13.9871      20.6439      6.59077    0.0394058     -16.3793      16.8729      1.33383      0.29941     -23.4588      2.29667     -8.85313     -13.8468     -6.51212     -11.5623     0.617507     -8.75652    -0.616673      3.31397      6.08939     -3.45646     -3.46497      1.45071     -6.58231     -4.74307     -10.3881     -9.15083     -51.6725    2.264e-07 -1.44454e-07
     27.1812      29.0802      34.4547      11.9382      16.3371      18.0683      2.38172    -0.220843     -2.20688      8.58066     -6.09633     0.129636     -22.0088      1.79505     -9.54626     -14.2685     -6.24409     -10.7469    -0.482386     -7.59606     -1.22103      2.91314      6.30069     -4.14415     -3.61381      1.56078     -6.58713     -4.82598     -10.4906     -9.13998     -51.6716  2.14146e-07 -3.95412e-07
     69.2054     -6.82943      54.9371      29.8253      9.29605      26.2614      9.22879      2.04865     -10.5253       14.665     0.693059    -0.419132     -23.6296      3.42028     -8.57971     -13.4636      -5.6409     -11.4246     0.863315     -8.74133    -0.388539      3.06563      6.10181     -3.84666     -3.34861      1.53499     -6.49584       -4.741     -10.3934      -9.1594     -51.6724  5.92727e-07 -3.39492e-07
     46.1109      36.7038      40.2592      20.6995      14.9087      22.1873      7.60302    0.0970164     -5.34609      11.4929    -0.583479     0.237759     -24.1603      2.79074     -8.84264     -14.0344      -6.3259     -11.5989     0.532063      -9.3371    -0.454129      3.30008      6.10593     -3.54736     -3.44467      1.46531     -6.58034     -4.73623      -10.388     -9.15378     -51.6723  4.48177e-07 -3.26134e-07
     145.539      37.9038      34.1373      27.7521      13.6484       22.815      13.2369     0.109619     -8.64598      13.5749      1.44073     0.223266     -23.0682      2.74847     -8.96796     -13.4251     -6.16466     -11.3469      0.72307     -8.86768    -0.617237      3.07564      6.11955     -3.77875     -3.48321      1.48508     -6.55704     -4.75805     -10.3872     -9.15575     -51.6724  3.24512e-07  1.24114e-07
     41.6786     -9.76828      18.4859      26.9114     -12.1509      30.9713      6.08623     -1.17239     -17.3229     0.134341      4.73402    0.0838316     -23.5807       4.1068       -9.933     -13.9926     -6.30651     -11.2821     0.462115     -8.92544    -0.197024      3.22928      5.90432     -3.80214     -3.58317      1.50774      -6.6976     -4.82555     -10.3788     -9.16958     -51.6718  6.59124e-09  4.72624e-07
     118.167      24.1534      53.3686      24.6611      8.82794      27.2466      13.1319     0.362683     -5.80299      12.5213      2.11837     0.258928     -22.2816      2.29342      -9.0775     -13.7189     -6.29362      -11.472     0.628967      -8.9464    -0.668667      3.13323      6.14233     -3.70886     -3.47485      1.47394       -6.556     -4.75804     -10.3849     -9.15416     -51.6725  5.65526e-07 -2.23964e-07
     107.992       27.863      12.5405       19.803     -11.2845      31.4832       10.586     0.218084     -14.8144      2.02563      2.66127     0.241223     -24.4897      1.43549     -8.66016     -14.8584     -6.19448     -11.6229      1.28561      -8.7642    -0.856379      3.05314      6.24622     -3.71655     -3.42725      1.48035     -6.53314     -4.76929     -10.3852     -9.14679     -51.6726  3.29428e-07  1.07582e-07
     38.3002     -33.4281      7.69989      52.0233      7.19887      19.3599      28.0758     0.522484      -4.2098      14.1469     0.720674     0.446118     -26.3309       2.0724     -10.6229     -13.4773     -6.06967     -11.2321     0.538325     -9.07963    -0.987703      2.91727       5.6844     -3.56394     -3.75028       1.4194     -6.54268     -4.77669     -10.4016     -9.15641     -51.6718  4.06042e-07 -1.79451e-07
     65.4233     -20.7922      -7.0339      71.9291      12.3157       33.298      14.4038     0.670922     -8.69049      16.4989     -4.02913     0.538609     -26.4313     -1.14383     -6.63364     -12.3528     -6.34889     -11.5093     0.841909     -8.51698     0.104958      3.45686      6.00005     -3.68549     -3.70279      1.49917     -6.60461     -4.73083     -10.3897     -9.15548     -51.6725 -1.51674e-07 -3.86629e-07
     74.8087      11.1139      59.6267      36.1188      7.30968      28.2223      7.65107    0.0628745     -6.62979      12.8742      2.49793     0.249495     -22.9036      3.08408     -8.84548     -13.9518     -6.14525     -11.3315     0.791717     -8.92207    -0.659926      3.05315      6.17079     -3.79596      -3.4701      1.48467     -6.53501     -4.75098     -10.3832     -9.15318     -51.6725  5.88856e-07 -3.32012e-07
     140.828      36.3538      36.3832      28.2626       12.873      23.2938      12.8813    0.0946086     -8.19864      13.4073      1.59801      0.21585     -23.0088      2.67512     -8.97068     -13.4873     -6.18163     -11.3685     0.714116     -8.87861    -0.623643      3.08488      6.11996     -3.76717     -3.48422      1.48379     -6.55674     -4.75763     -10.3869     -9.15551     -51.6724  2.97777e-07  2.89922e-07
     23.6991      98.0379     -3.68314      65.4439      9.36065      25.8722      20.1025     0.063481       -17.64      15.7886     -4.53039    0.0818573     -19.2398      4.53699      -9.8403     -12.6375     -6.33395     -11.5724     0.807766     -8.91491    -0.875058      3.00952      6.34324     -3.77007     -3.24692      1.48436      -6.5315     -4.79248     -10.3933     -9.15483     -51.6725  3.12095e-07  2.93855e-07
     53.8096      45.6872      40.1574      35.2467      9.79698      27.1607      13.0433    0.0555321     -6.90815      13.4695      3.95002     0.171132     -23.3339      2.00994     -8.74104     -13.9479     -6.13717     -11.3482     0.706796     -8.66162    -0.649946      3.11106      6.06453     -3.74249     -3.55805      1.49217     -6.56769     -4.74457     -10.3934     -9.15423     -51.6723  4.29364e-07 -2.37741e-07
     68.1692        18.11      28.5858      22.3887     -15.1228      31.0965      6.68614     0.851398     -8.74704      10.1858       3.0088     0.276152     -23.4927       2.3584     -8.80826      -14.171     -6.26275     -11.6088      0.98917     -8.87389     -0.85531      3.04523      6.23932     -3.73115     -3.43062        1.501     -6.54994     -4.75516     -10.3774     -9.15115     -51.6727  3.32843e-07  2.14703e-07
     119.718      39.2522      9.64231      12.6842      -15.638      26.3979      10.0298     0.166395      -5.6403      23.4883    -0.240903     0.135856     -21.9371      3.53786     -9.45665     -14.5083     -6.14538     -11.4225       0.8906     -8.80734    -0.442825      3.15927       6.0386     -3.73555     -3.48373      1.49538     -6.52302     -4.70629     -10.3851     -9.15468     -51.6726  5.35015e-07 -2.77523e-07
     4.39942       35.483      20.7582      13.6703      17.9021      21.8734      2.74174    -0.298328     0.912237      7.22119     -4.15835     0.297063      -24.123       4.3229     -8.91427     -13.2972     -5.94583     -10.9272      0.27349     -7.90157     -1.04151      3.18103      6.13999     -3.49448     -3.56895      1.40664     -6.25816     -4.84874     -10.3973     -9.15535     -51.6738  5.10438e-07 -5.55242e-08
     110.581      44.9563      40.8842      45.3043      8.11778      18.5047      7.81297   -0.0762518     -6.24432      11.8614      2.87405     0.192937     -24.6585      2.00983     -8.56629     -13.8528     -6.17286     -11.4144     0.826327     -8.84464    -0.525544      3.13332      6.01787     -3.74386     -3.57437      1.48549     -6.56257     -4.74887     -10.3832     -9.15437     -51.6724  6.75531e-07 -4.94336e-07
     125.761       24.609      38.4656      33.1382      12.8726      27.6722      10.6393     0.369378     -7.82079      13.4583      1.64021     0.212833      -22.029      2.98673     -9.14613     -13.7001     -6.23123     -11.4325     0.643691     -8.96157    -0.711786      3.08573      6.18688     -3.73962     -3.42588       1.4798     -6.54385     -4.75965      -10.386      -9.1538     -51.6725  6.57673e-07 -3.89069e-07
     10.7356      16.2275      29.7867      26.8816      19.1411      16.4223      6.94037     0.322594     -11.0483      14.8008      3.02408     0.314213     -20.0312     -1.14688     -10.4902     -14.5364     -6.54256      -11.839      1.24511     -8.72095    -0.371776      2.73278      6.03665     -4.36148     -3.58163      1.66021     -6.55615     -4.70661     -10.3489     -9.15557     -51.6734  6.14653e-07 -2.64645e-07
     123.682      40.5606       40.401      36.4038      10.0634      20.8305      10.4755   -0.0774812      -6.8677      12.5115      2.38723     0.182372     -23.9174      2.19856     -8.72952     -13.6868     -6.18295     -11.4007     0.763196     -8.85258    -0.566037      3.11837      6.05814     -3.74753     -3.54073      1.48465      -6.5625     -4.75289     -10.3847     -9.15493     -51.6724  6.52469e-07 -6.29668e-07
     62.7461     -4.39832      44.4409      50.9489      13.0944      32.8154      3.23332    -0.609082     -7.15224      14.0226      3.04505     0.141177     -21.4882      4.20274     -9.88207     -14.3696     -6.17543     -11.3763      0.72477      -8.9929    -0.904054      2.97902      6.19385     -3.75985     -3.29781      1.47819     -6.50358     -4.75785     -10.3864     -9.15422     -51.6724  4.05721e-07 -2.17285e-07
     102.235      9.62736      54.5578      29.5877      9.55569      32.1739      10.7029     0.407872     -6.02625       13.071      1.79436     0.203851      -21.307      2.79576     -9.12927     -13.8523     -6.31534     -11.4791     0.586176     -9.01811    -0.730174      3.11468      6.22699     -3.71215     -3.42275      1.47568     -6.54134     -4.75818     -10.3838     -9.15203     -51.6726  4.22005e-07 -3.52087e-07
     28.0268     -6.64326      31.9873      38.0915      11.8807      12.2803      12.6607     0.434433     -10.7242      14.7427      2.65434     0.116524     -22.6303      1.82153     -11.5165     -14.5713     -6.48459     -11.8342     0.830197      -8.8278    -0.908032      3.18746      6.12111     -3.68896     -3.29774      1.45035     -6.52216     -4.75103     -10.3904     -9.15926      -51.672  4.39218e-07 -3.43515e-07
      76.563      39.9954      53.4348      35.3101      3.64787      25.2063      14.0382     0.163548     -6.42057      12.0774      1.04905     0.250282      -22.373      2.32775     -9.09463     -13.6102     -6.32326     -11.5298     0.761384      -8.9528    -0.638523      3.13192      6.12456     -3.71106     -3.48003      1.47624     -6.55296     -4.76178     -10.3842     -9.15469     -51.6725    6.097e-07 -2.06081e-07