     19.1016      18.5802     0.535352      8.91034    0.0832676     -9.79731     -2.58596      3.16706 -0.000547146     -3.64252
     15.0088      50.8779     -30.0043      72.3266     -16.3737     -2.63704     -7.16612      6.27186     -0.17797     -2.59669
     58.2583      12.8803      12.2045      29.2445      14.5106     -11.2283     -18.0489      9.32664      1.38578     -6.50545
     48.9947      21.4309      46.0426      27.7786     -11.9847      -8.1177     -8.88969      4.56292     0.751663     -7.39982
     116.089       33.528      20.3134      28.6678     -15.2633     -6.70119     -6.94439      7.96485     0.416338     -5.10851
     89.0441      44.6437      36.6365      33.7943     -2.30951     -9.08526      1.68226      12.4676      1.20382      -6.6365
     55.8572      53.3461        37.15      35.9695    -0.528558     -3.24111     -3.00243      13.0441     0.829711     -6.22633
      38.057     -21.6763      33.0471      29.8686     -12.7545      6.62215     -9.20266      15.4331      1.35366     -9.22353
      79.381      34.0279      9.98601      21.4418     -12.0148     -4.75664     -5.30701      8.49869     0.756715     -6.30336
     33.5471      51.8954      30.5955       24.183     -10.2047       1.9944     -13.0382      8.04611     0.604604     -8.62736
     0.17252      35.2183     -5.16767      21.3509     -20.9935     -13.1513     -6.47064      14.7437      1.24806     -7.97255
     80.4756       2.0185      40.4673      35.2207     -16.6555     -19.9624      -19.312      8.41206    0.0198847     -2.65658
      12.791      54.8769      15.5249      44.9436     -10.1281      1.94513     -11.9041      7.91661     0.693727     -3.94771
     58.4908     -44.1081      14.1884      69.7331     -18.3391     -5.50722     -8.90252      8.96058      1.98886     -18.4774
     114.768      24.7971     -16.9775      21.8662      6.73607     0.727604     -17.7566      9.10647      1.13145     -10.2505
     90.5602      38.2999      43.6606       10.456     -11.6274     -4.09615      -13.851      14.4564      1.51327     -4.39721
     18.4475      27.1275      28.5017      25.9977     -17.0163     -1.55538     -9.73426     0.965567     0.341999     -7.40951
     21.6249      44.1659      14.2286      20.9041     -15.6473     -5.14728     -10.3169      10.0746      1.43807     -10.0707
     144.339      36.4988      5.32909       25.389     -19.0189     0.595103     -7.08427      6.91694     0.714869     -6.91536
     19.8647     -13.4685      20.6263       17.446     -8.87485      11.3029      0.70945      9.50883     0.544615    -0.693486