    15.4006     55.6372     26.5335     39.1828     13.5866     27.3279     5.37148  -0.0625031   -0.134043    -7.02837     10.8726     18.0597     2.25041     1.80966    -10.0485    0.240908      -4.748    -2.22996    -6.76773    -6.05758
    128.296     42.3999      31.154     31.9649     12.7072     17.8899     3.58301    0.855863  -0.0832694    -6.51447     11.3854     18.9799     2.34675     1.93395    -10.2686    0.164018    -4.17935     -2.2309    -6.73473    -6.02204
    28.3302     31.8746     23.0127     11.9183     12.7791     11.3834    -6.61998     2.46191   0.0884836    -3.04564     15.9809     15.6147     2.10058   -0.545421    -7.81894  -0.0394171    -6.21407    -2.41807    -6.85715    -6.15575
    39.0146     49.2106     47.1738     29.2894     6.74802     28.0914     7.42869  -0.0416307  -0.0712895    -5.40937     13.3311     17.2605     2.09441      2.9301    -9.13046    0.771896    -4.49738    -2.04995    -6.34834    -5.59685
    126.559     38.8433    -9.07486     13.3221    -12.4737     30.7975      4.8559    -4.14766   -0.781526    -1.56745     13.8782     18.6432     2.44509     2.00893    -11.7562    0.376215     -5.0959    -2.34251    -7.70002    -5.55079
    42.2463     37.8902     35.2222      27.654     13.8567     21.5371   -0.143408    0.344453   -0.177767    -6.07844     11.9472      19.115     2.38904     2.59052    -11.2815    0.406667    -4.40706    -2.15581    -6.71157    -6.08278
    13.1048     39.6818     27.4466     18.9496     18.8111     18.0881    -1.00905    -2.54941    -0.83051    -5.44634     14.0433     18.8038     2.34996     1.81502    -12.5026    0.756094    -3.48138    -2.42398    -6.74667    -6.74279
    87.9674     41.4649     48.8912     40.1724     3.23623     16.5574    0.406357     4.28629    0.241709    -5.50738     10.6182     18.9877     2.46112     1.24061    -11.0142   -0.236906     -4.0315    -2.31862    -6.99961    -6.19324
    89.4717     40.8621      30.205     27.0536     14.1324     19.9756      2.5497     1.11752    0.137057    -5.75087     12.3882     18.4214     2.21332     2.18179     -10.253    0.608621    -4.21875    -2.27312    -6.97525    -6.09684
    22.2966    -26.5472     11.6572     31.2822     6.11139     8.26307     25.9336     6.19017     1.14368    -6.47722     5.23233      12.173     1.74547     8.19984    -12.0103   -0.619068    -5.46376    -2.39487    -7.04616    -7.02407
    63.8009     41.9591     40.3623     33.7275     9.92616     24.3491     2.57928     1.19023    0.167047    -6.75396     10.7792     18.1927     2.21145     1.83449    -10.2412    0.195162    -4.55343    -2.29293    -6.85438    -6.04725
     46.739      33.539     14.9169     26.0763    -25.8693     23.7539    -6.54623     1.21518    0.129742    -19.5754     14.1452     18.3697      2.4375     2.64625    -11.8161     1.09545    -5.93294    -2.30357    -7.02049    -6.10767
    129.699     30.9169     32.5186     29.3531     15.2931     23.8812     1.46143    0.769409   -0.147124    -6.59788     11.9045     17.0801     2.20683     2.06832     -10.292     1.40536    -4.31972    -2.20198    -6.42057    -6.39034
    81.8147    -19.5569    -2.05476     76.4076     19.3824      27.446     -7.4318    -4.82821   -0.546089    -6.86868     20.4621     16.0771     2.04159     2.29475    -10.2889    -3.67473     -2.1629    -2.17495    -6.80329    -5.22951
    109.979     19.1635     37.5685     35.1638     14.5044     26.4782    -2.65647     1.13769   0.0215744    -6.44122     11.5618     16.5272     2.16846     2.09699    -10.4967     1.68266    -4.50053    -2.22593    -6.43836     -6.5201
    22.9189      21.119     13.0891     16.2531    -6.43951     16.6824    -7.00774    -1.02517   -0.578052    -11.9039     6.86609     18.7271     1.62466     2.12707    -6.30009     0.29787     1.85561     -2.2649    -6.04564    -6.87401
    85.3553      16.165     11.5476     30.2909    -8.39217     32.6595     -3.4349    -2.69613   -0.130519     5.83096     7.90382     19.8613      2.4583     1.41462     -11.638   -0.394268    -4.82498    -2.48198    -7.73837     -5.8585
     146.75     41.5058     23.4294     27.5084     16.7725      19.879     5.48661   -0.923909   -0.309271    -6.56576     12.4908      18.254     2.25895     2.38223    -9.87932    0.859867    -4.16985    -2.15158    -6.43136    -6.05013
     9.9411     3.92134     18.9067     21.8513     11.3513       8.028     7.24278    -3.06881   0.0223027    -6.98792     5.62466     13.3815     2.08995    -1.12252    -11.6587     2.48587    -4.29149    -1.58149    -5.60688    -3.43232
     0.2033      35.813     7.93805     14.3777     19.8837     13.8436    -9.47104     10.5043     1.00474    -2.39121     15.8979     19.3811     2.27813     3.73621    -9.27664    0.500487    -5.66159     -2.0723    -6.44034    -6.32263
     61.986     45.5606     53.2009     36.1568     1.25459      22.627     3.82457     4.89748   0.0095396    -3.73028     13.0989     16.5511     2.12494     1.34043    -10.7952     1.14406    -3.49988    -2.29301    -6.72399     -6.3265
    52.2079     17.0175     51.1138     40.5671      9.3798      20.844    -3.55115    -2.48954   -0.453689    -7.02694     11.0942     19.4421     2.58488     3.34248    -9.95414    0.874281    -5.00382    -2.19178     -6.8351     -5.6692
    34.4709     81.6521     3.48546     77.8909    -1.76677     10.5317     7.37879    -5.36145    -1.21774   -0.352291     19.4022     15.1188     1.98443     3.89263    -9.92645     4.49828     -2.9493    -2.10372    -6.20457    -6.27468
    68.6129     56.5762     34.8647     60.9253   -0.522205     7.94201  -0.0327434    0.119302    -0.20823    -4.03638     12.2391     19.8611      2.4077     2.53465     -10.739    0.184461     -3.9212    -2.27728    -6.96486    -5.83385
    7.75488     75.7507    -6.20338     55.2123     21.4655     33.9848     9.40408     -1.0885   0.0154012     -9.8983     7.54693       16.08     2.09655    -1.15256    -9.20257   -0.482355    -5.74702    -2.58416    -6.58953     -7.2823
    111.627     41.4535     39.9013     35.8249      8.0487     17.0077      1.8103     2.64963   0.0558351    -6.22103     10.7472     19.1496     2.39123      1.5105    -10.6783   -0.171129    -4.17415    -2.28849    -6.86717    -6.12112
    96.1257     26.0474     55.8573     25.4876      7.9714      25.621  0.00918651     4.20297      0.8046    -6.01606     11.1896     17.2189     1.96679       1.489    -10.7928    0.671717    -4.17335    -2.33825    -6.65284    -6.37911
   -5.92485     52.7282      6.6016     26.5035      24.811     28.1773    0.417681     5.20317    0.515102    -7.27794     10.6594     19.7542     2.54897     2.82998    -12.2277     1.10566    -3.10416    -2.00773    -6.80792    -5.49952
    35.9762     57.0244     36.8952     50.0593     2.76356      20.389     4.62378     1.45895   0.0608586    -4.34846     12.6875     16.9031     2.15427     1.51766     -10.351      1.1383    -3.96936     -2.3485    -6.80784    -6.35381
    58.4828     33.5571     56.9717      20.823      8.7543      20.919     3.34545    -5.46796    -0.37863    -5.61678     13.5978     18.2457     2.09646     2.78593    -10.1432    0.525559    -4.17717    -2.22328    -6.85727    -6.16834
     105.16     4.56667     20.0724     58.1803     21.1167     25.9474    -11.6066    -4.99604   -0.410732    -7.05365     12.6571     15.7879     2.04552     3.80107    -10.1354     1.94677    -4.84973    -2.15448    -6.21042    -6.33271
    25.5716     12.7462     37.2653     33.1057     14.7761     17.4864     2.91629    -6.86129   -0.988303    -7.66368     11.8639     19.1335     2.29161     1.06639    -10.6954     1.43663    -4.77968    -2.52078    -7.50086    -6.39485
    43.7209     -31.118     16.9015     47.4087     9.13743     24.8292     15.5849     6.55849     0.24952    -6.30453     16.8445     21.3528     2.26446    0.131598    -9.64148    0.345273    -3.77129    -2.22974    -6.44311    -5.87332
    28.0085     43.2352     42.7749     23.3612      13.331     23.9613     4.60271    -6.36888   -0.965073    -6.65556      13.225     19.0084     2.46587     3.42599    -10.1409    0.180975    -4.47286    -2.20143    -6.63123     -6.1915
    37.2252    -6.76572     16.4434     25.3509    -8.33095     27.0055    0.296199    -5.89296    -1.15239     5.06434     4.78426     20.8127     2.74679     2.49593    -9.77705     2.01474    -4.58281     -2.0776    -5.65456    -7.03237
    83.2755     4.38915     47.4247     37.7707     13.0339     29.8573    -5.76596     1.86962 0.000471797    -6.64127     11.8818     16.0068     2.17493     2.13276    -10.6112     1.54628    -4.49069    -2.21806    -6.47107    -6.49534
    131.359     39.0216     9.35062     22.1107     1.84521      24.978     4.07682     -2.1669   -0.428923    -4.23744     12.6716     18.5759      2.3549     2.14811    -10.7998    0.545825    -4.61103    -2.26403     -7.0855    -5.84501
     88.096     36.3223     8.28418     16.9115    -11.6794     24.2692    -1.44425    0.669748   -0.163001    -12.4013     15.5106     16.8735     2.23584     2.38009    -10.4395     1.61149    -4.90167    -2.34071    -7.11494    -6.25314
    42.6298    -16.1521      34.373     30.1838     9.67399     15.5802     14.9073    -1.30617   -0.305115    -7.02931     13.7764     19.1291     2.57261     2.13359    -10.4509      1.0097    -4.67477    -2.42235    -7.05062    -6.62711
    62.4657    -13.2244     37.0919     40.3209     11.7619     28.8524     3.33856     2.33625    0.127175    -6.69336      16.236     18.5158     2.35807     1.38353    -9.85651    -0.21894    -3.55831    -2.03918     -6.6027    -5.72317