    4.57239      0.6678   0.0436637   0.0338369    0.684309     48.6557     41.0506     2.45571   0.0588844    0.369754     1.40731   0.0272895   0.0880486    0.796867     5.61754     20.4328     47.9299     19.4556     4.78655    0.689204    0.131169   0.0451527   0.0124468    0.414291     2.87463     17.3624     51.8339     23.4194     2.99844    0.734221    0.260434   0.0869521  0.00293082
    1.46641     0.36874     5.36543     26.5021     34.1662     23.7363      1.3127     0.24325    0.741945      1.9685     4.12842    0.374093     2.64189     6.62953     10.9441     17.0893     25.2986     17.1537     10.5878     6.31862     2.50061    0.461867   0.0684666     0.26131    0.470167     1.26951     3.64813     9.94845     24.1803      22.862     21.3555     14.4629     1.47333
    2.57656    0.546218    0.212683    0.191517     1.78308     51.0929     26.6655     13.9331     1.37786    0.440552        1.18    0.825363     3.69024     7.01142     10.1396     15.6356     24.5672      15.412     10.4291     7.49014     3.99579    0.803469    0.920573     6.87511     12.2528     14.3882     24.6164     32.4762     5.92206     1.35927    0.747867    0.398969   0.0426272
    1.49613    0.312324   0.0371059   0.0575167      1.8146     68.3231     26.0724    0.855391   0.0814173    0.261944    0.688107   0.0620254    0.261492     1.42457     8.05887     22.2882     36.3421     21.7929     7.92464     1.52523    0.262033   0.0579554   0.0750863    0.302653     1.50382      10.559     38.4865     40.4587     7.08789      1.1571    0.280468   0.0814723  0.00738555
   0.457092   0.0941317   0.0571272     2.65883      26.844     67.7417     1.26332   0.0520496   0.0365406    0.190606    0.604551    0.187311     1.32924     5.40686     11.6513     18.6246     25.8014     18.5573     11.6101      5.4072     1.32452    0.100196  0.00419768    0.059904    0.184026    0.689495     6.61328     43.7948      31.797     13.1912     3.35397    0.299857   0.0123305
    7.76967     1.75112     1.80135     4.99284     14.1835     32.4164     2.42127    0.913903     3.71944     9.77748      20.253     1.12607     3.45571     6.72041     10.6105     16.6815     25.6195     16.5285     9.76178     5.90667     2.89849    0.690844    0.196101     0.96477     1.31488     3.05758     9.35746     23.6717     26.6802     16.4227      11.156     6.17181     1.00691
    21.7032     4.68164    0.576282     0.55239     4.79302      38.102     12.2838      1.4054    0.721276      3.2419      11.939    0.827883      1.7476     5.10345     11.1035     19.0977     26.3224     17.8738     10.4846     5.09881     1.77358    0.566744   0.0879189     1.02514     3.72859     11.7828     29.5256     29.6547     16.0253     5.28365     2.14393     0.66815   0.0741943
   0.497352    0.201887     1.12683     18.2467     54.8981     19.9474    0.506893   0.0599225    0.477997     1.96225     2.07474    0.127382     0.96413     3.87484     9.73216     19.5277     31.7025     19.4374     9.84264     3.82451    0.867003   0.0997832   0.0118189   0.0978659    0.267451    0.612589     1.31993     6.56358      29.592     35.0516     20.7563     5.47737    0.249485
    0.40942    0.216052    0.286359     7.90149     52.9185     34.2827     1.75507    0.151588    0.244229      0.6574     1.17713    0.219814    0.777129     2.94914     8.81417      20.271     35.0307     19.5207     8.70629     2.85732    0.698184    0.155491     0.01313    0.108819    0.451591      1.3771     3.32791     12.7686     39.0307     31.2897     10.2023      1.3849   0.0452698
   0.727246    0.123893   0.0665018    0.644853      14.686     73.8252     8.55799    0.335686   0.0526915    0.193151    0.786825    0.251804    0.604326     2.34952     9.17498     21.5388     33.1666     20.9426     8.82714     2.39976    0.594609    0.149821   0.0198301     0.15542     0.73747     4.14981     23.7424     34.4437     27.4578     7.37067     1.60722    0.287587   0.0281078
   0.208244    0.131019   0.0132486     2.78842     67.7087     27.2787    0.375974   0.0369295   0.0282612    0.477865    0.952613   0.0195963   0.0699882    0.266249     1.78939     15.0847     65.4332     14.8394     2.07591    0.335987   0.0735009   0.0121587 0.000565424   0.0140052    0.102512    0.397112     1.11758     9.28817     47.8995     38.0168     3.06997   0.0927385  0.00102065
   0.509725   0.0696239   0.0104514    0.132576     23.8583     73.7398    0.715589   0.0421612   0.0110845   0.0445394    0.866152   0.0602597   0.0955238    0.273488     1.61597     16.3545      63.189     16.4729     1.58084    0.266421   0.0693479   0.0217028 0.000881776   0.0287776     0.13127    0.457209     3.63987     37.7215       53.15     4.58115    0.251835   0.0325303   0.0050276
    3.13781     2.21722    0.586665    0.203883     1.53037     28.2916     45.1119     15.0693      1.6099    0.917321     1.32408    0.442969     1.38557     4.89595     10.7838      17.948     28.5592     17.7203     10.6629     5.32613     1.73437    0.540782     1.05216     6.30165     16.1543     26.7784     32.3272      10.876     3.48897     1.71823    0.869236    0.364727   0.0691571
    2.18995    0.247631     9.05068     17.4929     22.0888     40.0179     1.41294    0.222045    0.868885     1.23995     5.16829      1.2161     5.57272      7.2298     9.16139     14.2488       25.36     14.1884     9.22055     7.20277     5.42381      1.1756   0.0648107    0.176282    0.344411     1.16235     5.03358     27.2717     22.1518     14.7663     13.4889      12.902     2.63792
   0.222867   0.0433685   0.0840381     4.93151     38.1861     54.4891    0.817129   0.0302519    0.028543     0.26501    0.902104   0.0430916    0.493955     3.97483     12.0074     20.1792     26.8969     19.9005     11.9947     3.97145    0.506029   0.0318856  0.00762167   0.0348869    0.106172    0.465562     3.86387     32.6904     36.1247     20.1619     6.01375    0.503904   0.0271775
    7.79142     0.17203     4.24947     8.94828     13.1017     42.9334    0.260693    0.176313     1.56208     3.25244     17.5521    0.343903     2.61031      4.2128     5.93673     11.0718     51.4742     11.2118     5.94236     4.23371     2.61335    0.349126   0.0333147    0.249979    0.145718    0.332763     2.68567     52.3035     17.0977     10.1589     8.53708     7.42212     1.03321
   0.542679     0.21944    0.204669     4.63316     32.4103     49.8095     10.2156    0.767166    0.113402    0.296965    0.787211    0.513663     2.27737     6.45822     11.8691     17.8726     23.8594     17.2724     11.1851       6.088     2.19264    0.411562   0.0512982    0.442199     1.67889     5.88052     16.3396     18.5608     30.1618     19.4176     6.41163    0.977294   0.0783686
    1.99012   0.0444419  0.00438156   0.0203392    0.331701      80.277     16.1222   0.0231698 0.000766393   0.0305561     1.15533 0.000290779  0.00601888   0.0322713    0.399701     7.24083      84.643        7.23    0.410613    0.031022  0.00545294 0.000790863 0.000320475  0.00369147   0.0398411     1.21021     52.5033       43.62     2.28453    0.281714   0.0363142   0.0179637   0.0020454
   0.885481    0.101096  0.00142031   0.0307689     48.6278     47.0032    0.311558  0.00858258  0.00105685   0.0833984     2.94565   0.0202736   0.0178775    0.040733    0.432608     8.91194     81.5248     8.59916     0.39285    0.041665   0.0104691  0.00759939 3.53696e-05  0.00227301   0.0330846    0.291706     1.69448     18.2587     72.4108      7.2638   0.0436538  0.00146076 9.99591e-05
   0.125426   0.0157066   0.0226191    0.815862     35.6772     62.1929    0.361895   0.0299948  0.00622229   0.0580757    0.694136  0.00860128   0.0421775    0.540746     7.91131     24.2441     34.5442     24.2156     7.90695     0.53194   0.0468105  0.00753878   0.0052076   0.0272915   0.0647862    0.247928     1.80408     40.6343     41.9339     14.3486    0.834268   0.0883415   0.0112288
   0.333204   0.0222398   0.0253768    0.641626     24.9334     72.3282    0.730193   0.0498581   0.0116562   0.0403782    0.883949   0.0340347   0.0918559     0.59577     5.33799     22.9646     42.4449      22.665      5.1844    0.571661   0.0913134   0.0185295  0.00250087   0.0305969    0.104438    0.406431     4.31477     47.9774     36.8862     9.24514    0.907085    0.117409  0.00810844
   0.714721   0.0139081   0.0110897     0.10697     2.86601     94.2323     1.26876   0.0235695  0.00669005   0.0313096     0.72466  0.00462743   0.0219936     0.10791    0.862162     12.6879     72.6422     12.6461    0.890471    0.110074   0.0227723  0.00375545  0.00438558  0.00855066    0.067201     0.52584     8.23713     75.3269     14.6496    0.920158    0.200768   0.0553669  0.00418103
    24.9511     1.19358   0.0971597     0.13361     1.86093     52.5602     6.85641    0.553115   0.0640782    0.459372     11.2704    0.154234    0.230733    0.457951     2.59267     16.3632     59.6066     17.1224     2.81196    0.458828    0.140384   0.0611242   0.0569101    0.276824     1.08835     4.49714      27.747     52.5521     12.1162     1.25145    0.312085   0.0845839   0.0173897
   0.808134    0.221852     1.95659     11.4265     24.5805     57.3729     1.10961   0.0808596    0.293834    0.360531     1.78869    0.274541     2.16897     4.74344     7.94609     16.0322     37.4822     16.2636     8.04165     4.67842      2.1115    0.257463   0.0116516    0.104254    0.245885    0.689485     5.35478     37.7224     26.4952     14.1217     10.1763      4.6905    0.387795
   0.331828   0.0126488  0.00731746   0.0834912     11.6976      86.526    0.679003   0.0217761   0.0050168   0.0216395     0.61367   0.0235157   0.0610915    0.368072     2.66791     20.7832     52.3559     20.5948     2.69443    0.387197   0.0585102  0.00534927  0.00425873   0.0114563   0.0610585    0.346049     5.10521     59.0711     32.5917     2.58974    0.190501   0.0254366  0.00344798
    7.93988    0.463081    0.269775      1.1862     9.85841     39.4537     1.88678    0.142503    0.388741     3.10869     35.3022     0.10474    0.426158     1.25045     5.12652     20.5152     45.3484     20.5073     5.05383     1.12375    0.398962     0.14458   0.0254209    0.121553    0.352596     1.37614       8.378     38.6202     35.9943     11.0267      2.8767      1.0885    0.139898
   0.618747  0.00197086  0.00924079   0.0480347    0.462047     97.9579    0.204867  0.00315401  0.00403196   0.0146211    0.675337 0.000421759  0.00665373   0.0199366   0.0989212     2.67371     94.4054     2.66988   0.0979403   0.0201712  0.00661544 0.000356809 0.000165484  0.00128093   0.0073237   0.0843198     2.24104     93.9696       3.351    0.230631   0.0782544   0.0333103  0.00305001
   0.180702   0.0664588   0.0871682     2.36055     46.3569     49.1624    0.840807   0.0623163   0.0300951    0.116882    0.735731   0.0409324    0.163483    0.970467     5.83916     21.6203     42.8519     21.5287     5.86646     0.95179    0.141397   0.0253633  0.00611953   0.0504051    0.149552    0.548851     2.85719     22.7896     48.8098     21.5075      2.8862    0.367158   0.0276991
    9.68815    0.076549    0.340155    0.965722     3.78666     56.5208    0.541959   0.0501378    0.312838     1.45237     26.2646   0.0627707    0.260221    0.620003     1.86841     12.0459     70.6423     11.8186     1.80287    0.585507    0.252063   0.0414154   0.0108254   0.0547257   0.0961358    0.351626     5.50388     68.8438     18.5836      3.5607     1.67107     1.12845    0.195203
   0.674967    0.219231     2.34187     15.4807       38.03     37.9187    0.985033    0.104968    0.442229    0.797322     3.00499    0.137458     1.15738     4.02149     9.10243      18.516     33.7969     18.7615     9.27635      4.0668     1.06203    0.101595   0.0220489    0.174462     0.28705    0.717141     3.63333     18.9561      32.974     22.7573       14.08     5.91721     0.48141
   0.744193   0.0615565   0.0152645    0.048438     1.99741     88.2462     8.06642    0.148085   0.0234838   0.0557428    0.593201   0.0147985   0.0876316    0.440721      3.3172     21.5891     49.5213     21.1403     3.30893    0.471832   0.0916737   0.0164624  0.00651278   0.0515116    0.351445     2.51441     30.1157     55.6918     9.95917     1.08367      0.1802   0.0416148   0.0040025
    10.9428     7.07898     2.59984     4.32614     10.7986     24.8888     13.8107     4.44889     2.25469     6.44562     12.4049     9.10338     8.21059     8.37877      9.1535     10.4483     12.4498     10.6826     9.24396     8.37811     7.46758      6.4835    0.501424      3.2836     9.12568     15.1917     18.9404      10.221     17.4225     13.2155     7.71285     3.75931      0.6261
   0.751456    0.544088     1.42516     11.7387     28.6028     36.3155     14.4469     3.50269    0.665723    0.716627     1.29035     2.12793     4.61611     6.95503     10.0455     14.7665     20.0369     14.9959     10.7995     7.81129     5.29333     2.55185    0.333753     1.95576     5.16027     9.76803     13.5938     10.9203      20.255     18.8008     13.3786     5.10698    0.726736
    11.8067     8.66405     1.66356     2.34772     11.8879     20.5997     11.1015     2.15107     2.21787     11.5961      15.964    0.575545     1.23057      3.0843     7.91482     17.9014     37.7359      18.475     8.02372      3.3595     1.21013    0.489228    0.334217     2.51111     6.55122     12.8842     18.5544     10.7581     21.4341     16.5638     7.69791     2.53289    0.178084
    1.06467    0.441185    0.425845     2.07166     16.7584       58.09     18.1058     1.30205    0.196952    0.396588     1.14689    0.757794     2.32739     6.02087      11.256     17.0863     23.1759     17.8241     11.7066     6.51972     2.54171    0.783653     0.14551    0.957375     2.90139     10.5106     25.7785     22.3876     21.9977     9.65877     3.76263     1.55632    0.343579
   0.527612   0.0902686     1.25535     14.1129     35.3572     43.5239    0.422596   0.0513834    0.407247     1.65751     2.59403    0.389956     3.92686     8.82843     12.1074     15.1212     19.9723     14.8384     11.8909      8.7192     3.86326    0.342176  0.00612572   0.0637269    0.155263    0.391383     2.06197     27.1083     30.1825     20.9662     13.8523     4.92098      0.2912
   0.369895   0.0659496    0.747597     4.28558     16.5226     76.7149    0.459508   0.0507858   0.0748913    0.148989    0.559317   0.0593834    0.727962     2.07647     4.46415     11.6772     62.0907     11.8347     4.38974     1.98727    0.657567   0.0348728   0.0113067   0.0804348     0.10677    0.243837     2.90709     62.3687      18.676     8.91501     4.59697     1.94129    0.152585
   0.790501    0.522329    0.503859     2.91605     14.4372     41.7845     27.9956     8.26375    0.857764    0.650257     1.27816     2.49373     5.68659     8.86844      11.596     14.7649     17.7497     14.2666     10.5754     7.62359     4.49582     1.87915    0.331916     4.05571     11.6165     17.7635     20.8289     12.6728     15.5499     9.98042     5.03372     1.91283    0.253838
    16.3702   0.0318091   0.0581864    0.161296    0.483401      64.511    0.267819   0.0148933   0.0205217    0.128897      17.952  0.00327054    0.032081   0.0639072    0.176994     2.75595     93.8802     2.79871    0.191078   0.0635209   0.0309922  0.00331748 0.000343362  0.00337025   0.0290263    0.193739     2.99811     92.4848     3.40099     0.47546     0.23057    0.158941   0.0246784
    1.81898    0.597153   0.0470803    0.112252     3.32318     53.2583     37.2661     2.56102   0.0764731    0.287481    0.651995    0.117356    0.802462     4.79981     12.7929     20.1849     25.1073     19.0688     11.6736     4.47853    0.807068    0.167189   0.0196161    0.435276     4.06926     20.0283     36.6841     27.2888     9.16215     1.66948    0.492736    0.134135   0.0162125