    34.1872     49.6008     47.3999     26.8509     8.06454     28.8359     8.43883    -1.90967   -0.267929    -5.55291      13.688     17.7192     2.18966      3.7471     -8.5417    0.663179    -4.72288    -1.89373    -6.18306    -5.26444   -0.713521    -6.20578    -1.22615     4.38153     3.61675    -2.18272    -4.09884    0.126049    -8.89155    -2.59948      52.132    -1.03203    -2.90937
     132.19     42.9302     29.3024     32.1912     13.3537     17.4861     3.83646    0.361762   -0.160877    -6.56974     11.5002     19.0449      2.3567     2.04675    -10.1825    0.173719    -4.20484     -2.2101    -6.68688    -6.00006   -0.663501    -5.89425   -0.838508     4.38997     3.18978     -2.3444    -4.09235    0.193683    -8.86122    -2.64226      52.132    -1.03203    -2.90937
    88.4387     44.4112     36.5598     32.1707     10.5457     22.0419     3.81949     1.34664    0.564419    -6.27769     11.2232     18.4339     2.07122     1.74902    -10.4147    0.300496    -4.14527    -2.29819    -6.89959    -6.03338   -0.642025      -5.868   -0.802963     4.41893     3.14676    -2.35802    -4.08081    0.198706    -8.85552    -2.64145      52.132    -1.03203    -2.90937
     48.232     45.3256     44.0311      27.612     10.4114      27.244     5.56267   -0.360031   -0.259253    -6.72048     11.7893     18.3391     2.23562     2.66363    -9.54031   0.0163974    -4.85823    -2.12433    -6.41715    -5.76267   -0.691466    -6.07291   -0.991719     4.38254     3.33688    -2.23955    -4.05225    0.153489    -8.87114    -2.62477      52.132    -1.03203    -2.90937
    58.3898    -22.7538     20.8524     54.0174     12.6162     29.1868     2.61951      3.0742    0.386596    -6.08837     16.7071     17.6104     1.97242     1.05878     -10.435     -1.0131    -3.27369    -2.17052    -6.83398    -5.90383    -0.26704    -5.80001   -0.837344     4.30384     3.13996    -2.48345    -4.05347    0.147954    -8.87206    -2.66764      52.132    -1.03203    -2.90937
    50.6341     39.5159     51.3817     48.4541     1.85769      15.037    -1.75723    0.575564    0.633535    -5.63342     10.7369      19.651     2.19242     2.41989    -10.4919  -0.0417552    -4.52454    -2.31843    -6.95608    -5.75272   -0.774729    -5.93632   -0.859249     4.48258     3.22789    -2.32804    -4.08261    0.175673    -8.88132    -2.63865      52.132    -1.03203    -2.90937
  -0.576545     34.7909     6.75094     12.6357     20.3816     12.2818    -11.4467     12.6739     1.21885    -1.03075     17.2611      19.672     2.30913     4.22718    -8.96543    0.373667    -6.58392     -2.1326    -6.22064    -6.59777   -0.919693    -7.30053   -0.786376     3.71416     2.58889    -2.38255    -4.44725    0.428927    -8.97837    -2.54192      52.132    -1.03203    -2.90937
    7.98827     49.6007      26.795     32.4435     17.9957     26.9621     4.31713    -2.67232   -0.531131    -7.81203      10.664     19.0481     2.40611     2.34448    -10.6383    0.465306    -4.41799    -2.19484    -7.21111     -5.8357   -0.606603    -5.67858   -0.733965     4.44331     3.11598    -2.39677    -3.98787     0.16493    -8.85312    -2.64476      52.132    -1.03203    -2.90937
    7.89992     11.4441     19.2338     21.4507     18.6914     9.47242     5.34233    0.120734    0.453328     -6.2429     9.19327       14.46     2.73633   -0.133626    -13.2152     2.04067    -4.69074    -2.38311    -6.96253    -3.48209   -0.942434      -6.436    -1.81022     4.09405     3.27483     -2.1836    -4.04296    0.297022    -8.69006    -2.66193      52.132    -1.03203    -2.90937
    140.048     40.5973     13.1535     23.4817     7.76589     23.2057     5.24449    -2.05533   -0.485296     -4.2725     12.5025      18.635     2.34323     2.20851     -10.418    0.506151    -4.38018    -2.22366    -6.88325    -5.86265    -0.76061     -6.0181    -0.88567     4.39809     3.21022    -2.17355    -4.07753    0.170378    -8.85304    -2.62673      52.132    -1.03203    -2.90937
     19.179    -34.7668     5.54628     36.1429     4.99853     8.66875     34.4498      11.057     1.52594    -7.58186     7.97019     18.0109     2.51155     5.30864     -11.229     1.22311    -5.65241    -2.53122    -7.09759    -7.03235    0.321953    -7.39498    -1.03757     5.95429     2.96465    -1.72378     -3.9313   0.0872098    -8.94162    -2.65485      52.132    -1.03203    -2.90937
      23.46     73.3294      15.711     63.5795     4.43643     20.6084     7.36539    -1.13507   -0.436941    -3.88928     14.0962     15.4338     2.05988     1.33275    -9.88708     2.10585    -3.92215    -2.36418    -6.66091    -6.69674   -0.907845    -6.15518   -0.789682     4.37494     3.10642     -2.0009    -4.20432    0.198463    -8.86468    -2.59247      52.132    -1.03203    -2.90937
    35.3423    -1.02425     40.2985     38.4416     11.5986     16.9988     5.06029     -4.2468   -0.888928    -7.79382     12.4909     20.6813     2.67106     1.49072    -10.0779     1.91481    -5.10081    -2.58897    -7.12665    -6.11107    -1.10682    -5.98158   -0.658541     4.25921     3.16838    -1.90122    -4.08009    0.178147    -8.90106    -2.58865      52.132    -1.03203    -2.90937
    23.5631     27.5518       12.74     21.9844    -17.2299     20.1546     -8.7558   -0.763625   -0.626666    -19.9649     9.08122     20.5471     2.22052     2.34523     -9.3296   -0.111915     -2.7911    -2.25419    -6.70196    -6.31799   -0.959727     -6.3658    -1.01836     4.48652     3.45141    -2.32846    -4.62653     0.44007    -8.78904     -2.6309      52.132    -1.03203    -2.90937
    52.1737     36.6285     13.8979     23.4291    -34.7734      24.253    -6.76893     2.61175    0.127301    -24.9877     16.2888     17.5334     2.45767     2.63732    -12.9416     1.74459    -7.28172    -2.30703    -6.97057    -6.23342   -0.444116    -5.61577   -0.700792     4.25299     2.99795     -2.5061    -3.83491    0.131598    -8.87414    -2.64838      52.132    -1.03203    -2.90937
    100.227      45.375     41.3392     44.8157     4.28843     11.9237   -0.126908     2.50778   0.0597624    -6.00773     9.98221     20.4089     2.52969     1.60271    -10.8688   -0.863077    -4.27364    -2.30734     -7.0773    -5.93181   -0.642756    -5.77403   -0.795108     4.41328     3.12497    -2.48637    -4.05991    0.210549    -8.83456    -2.63107      52.132    -1.03203    -2.90937
    38.0546      33.093     12.0636     10.2087  -0.0885979      16.071    -6.61081     2.76705     0.31057    -6.42788      16.026      16.092     2.20819    0.714927    -7.82454    0.155928    -5.57029    -2.58186    -7.25623    -6.39592   -0.525443    -5.21129   -0.815101     5.22042     3.50314    -1.91523    -4.01375    0.040557    -9.35207    -2.41843      52.132    -1.03203    -2.90937
     122.95     25.7609     32.6301      32.599     15.3794     24.7342   -0.211373    0.537297  -0.0758595    -6.55242     11.8506     16.9244     2.16963     2.16157    -10.3268     1.60996    -4.44184    -2.20597     -6.4045    -6.42763   -0.864872    -6.06936   -0.832927     4.46463     3.17355    -2.00886    -4.12073    0.156131    -8.86348    -2.60095      52.132    -1.03203    -2.90937
    59.3406    -5.57743     29.6035      26.467     7.78514     17.6849     12.1192     1.52398    0.722607    -5.38042     8.93342     15.3193     2.47067     4.70399     -11.041    0.172548    -4.22656    -2.24205    -6.81787    -6.78312   -0.255716    -6.64358   -0.742658     5.18825     3.14561    -2.13579     -4.0254    0.293598    -8.73159     -2.3323      52.132    -1.03203    -2.90937
    25.6673     20.9756     42.1481     30.6476     15.1268     19.4543    0.879761    -10.3193    -2.12804    -7.13613     13.2185     18.4665     1.67119      1.9628    -10.6789     0.42685    -4.53505    -2.46108    -7.19398    -6.80556    -0.62173    -5.93862   -0.677416     4.24481     2.69569    -2.19752    -4.05219    0.211297     -8.8327    -2.65087      52.132    -1.03203    -2.90937
   -10.3474     49.6167     1.46815       19.88     27.3137      25.746     -4.0274     9.83849     1.21225    -5.39908     12.9043     20.8827     2.68235     4.49767    -13.2557     1.63462    -2.58243    -1.78689     -6.3605    -5.20142   -0.721692    -5.61936   -0.753826     4.60348     3.20588    -2.16608    -4.08308    0.161393    -8.79509    -2.67693      52.132    -1.03203    -2.90937
    36.0285     40.4775     34.3866     24.2571     16.0238     21.4588  -0.0402549    0.604747   -0.571441    -5.50361     13.0043     20.0352     2.68487     3.37497    -12.5942    0.371552    -3.87828     -2.0345    -6.14244    -6.21542   -0.563097    -5.48306    -0.65291      4.6176     2.95324    -2.01931    -3.93073   0.0985789    -8.75067    -2.69515      52.132    -1.03203    -2.90937
    13.0583     46.8767     17.3252     27.7178     17.5597     20.7573     -2.6101     5.88459    0.923304    -4.61251     13.5968     19.7085     2.44285     3.50964    -10.9367    0.292053    -4.92689    -1.97944    -6.18533     -6.0642   -0.565265    -5.67968   -0.670015     4.53463     2.99453    -2.07448    -3.93923     0.12311    -8.93436    -2.62522      52.132    -1.03203    -2.90937
    23.9477     46.7477     37.8852     44.2933     8.49018     19.2681     1.70672    -2.22635  -0.0250821    -6.92371     10.4943     19.5189     2.25405      2.3772    -10.1768  -0.0198204     -4.8952    -2.23851    -7.03431    -5.93416   -0.738707    -5.93172   -0.870543     4.41058     3.15069    -2.30791    -4.05983    0.159713    -8.87518    -2.63931      52.132    -1.03203    -2.90937
    135.286     32.6901     26.2355     32.6293     17.2316     22.0747     1.34947   -0.965161   -0.358343    -6.76227     12.0508     17.4512     2.24923     2.55673     -10.041     1.52924    -4.45387    -2.15297    -6.36046    -6.26958   -0.859551    -6.04131   -0.868894     4.45195     3.22257    -2.05854    -4.12393    0.157074    -8.86587    -2.60821      52.132    -1.03203    -2.90937
    10.1861     80.8539    -18.4912     59.0071     25.8771     35.2285     10.3007    -2.62223   -0.423201    -11.4488     6.19057     16.2846     2.10481     -1.7299    -8.60715    -1.34812    -6.64058    -2.64564    -6.30248    -7.61343    -1.09161    -6.58436     -0.7466     4.04479     3.05481    -2.13594    -4.20135    0.212054    -8.85663    -2.60091      52.132    -1.03203    -2.90937
    42.4561     40.5018     28.6344     22.4474    -8.68645     27.0095    0.683336  -0.0197529   -0.418884    -12.4637     13.4151     18.4451     2.32066     3.05584    -10.7524    0.613784    -5.02782    -2.19051    -6.41086    -6.02653   -0.665204    -5.97019   -0.877927     4.46213     3.20096     -2.1587     -4.1184    0.182261    -8.79647    -2.63363      52.132    -1.03203    -2.90937
    19.9301    -19.6371     9.91371     26.3958     4.53192     5.45618     22.0622     5.44315     1.55362    -5.12768   -0.702695     4.07958    0.925574     14.0036    -12.5932    -3.17264     -5.4886    -2.45063    -6.47519    -6.68283    -3.40198    -4.21422   -0.133547     3.74758     3.14139     -2.4138    -3.89066   0.0738277    -8.80302    -2.23626      52.132    -1.03203    -2.90937
   -3.61984     42.1117     16.0618     19.2618     20.5666     20.1155    -1.56152   -0.429073     -1.2532     -7.3105     11.6356     19.4703     2.09113     2.20246    -11.7131     1.02313    -2.45182    -2.28666    -6.98933    -6.10562   -0.795834     -5.9594   -0.639501     4.49145     3.07399    -2.24036    -4.09665    0.238353    -8.83676    -2.63676      52.132    -1.03203    -2.90937
    114.157     37.1317     17.5402     24.7868    -1.68365     23.2858     1.00898  0.00743396   0.0512781    -9.36067     13.1099      17.985     2.21996     2.20173    -10.8917     1.06251    -4.62593    -2.27819    -6.90738    -6.11359   -0.771438    -6.00254   -0.812365     4.38925      3.1498    -2.20713    -4.03631    0.171879    -8.85838     -2.6312      52.132    -1.03203    -2.90937
    88.9706     44.8669      47.163     37.5856     3.42072     18.7695     2.60863     4.78096   -0.101464    -4.62253     11.9249     17.6997     2.38151     1.05286    -11.0301    0.424487      -3.617    -2.30622    -6.87369    -6.38655   -0.629579    -5.87894   -0.738114     4.43036     3.01512    -2.29899    -4.11686    0.211776    -8.84336    -2.63908      52.132    -1.03203    -2.90937
    111.551     12.2542     24.9267     48.5035     18.8417     26.2711    -8.37549    -3.12685   -0.252341    -6.39906     12.0277     15.9582     2.02556     3.21843    -10.3013     1.90094    -4.73118    -2.21858    -6.33151    -6.41255   -0.901203    -6.22782   -0.902504     4.56152     3.24511    -1.87758    -4.12104    0.129876    -8.86208    -2.57535      52.132    -1.03203    -2.90937
    37.5151     57.8139     38.4219     49.5666     1.64802     20.8569     5.24333     2.38952    0.206313    -3.68032     13.2137     16.3058     2.07423     1.33944    -10.4964     1.41629    -3.70325    -2.39514    -6.75582    -6.47297     -0.7005    -6.03362   -0.770587     4.41601     3.09595    -2.13991    -4.15393    0.206914    -8.85519    -2.61736      52.132    -1.03203    -2.90937
    120.118     43.0742     34.9948     38.0659     9.79314     14.8537     1.86864     1.29548    0.101584    -6.44849     10.7429     19.7092      2.3886     1.86212    -10.4764   -0.245991     -4.2818    -2.25338    -6.81958    -5.99807   -0.673344     -5.8451   -0.820906     4.40737     3.16616    -2.39145    -4.07997    0.196502    -8.85937    -2.65219      52.132    -1.03203    -2.90937
    66.4896     -1.8052     50.4009     30.5202     11.7937     25.7098    0.042588    -1.71585    0.272044     -6.7491     13.4623     18.5159     2.55747     2.72937     -9.8859     1.34804    -4.57087    -1.99354    -6.62113    -5.93459     -0.7555    -6.01836   -0.904842     4.36601     3.30482    -1.98521    -4.02848     0.15437    -8.85973    -2.55558      52.132    -1.03203    -2.90937
    37.8349    -13.9304     29.3085     21.3132     9.09371     8.38286     16.6326    -1.75315     0.31594    -6.29716     6.58134     6.93825     1.53614     6.40207    -13.8092    -2.61585    -5.03207    -2.66988    -7.58966    -6.18027    -2.37775    -5.55084   -0.848325     3.65255     3.96612    -2.19267    -4.96138    0.162014    -9.10557    -3.04428      52.132    -1.03203    -2.90937
    105.225     23.6036     7.91062     27.5561    -4.08472     31.3884   -0.672165    -3.34623    -0.61598     6.65171     7.93174     20.0562     2.60395     1.37422     -11.374    -0.57921    -4.60091    -2.42237    -7.81741     -5.7737    -1.06176    -6.23076   -0.951805     4.55604     3.20186    -2.02353    -4.11966    0.164611    -8.83935    -2.60654      52.132    -1.03203    -2.90937
    93.5481     29.5327     58.9015     23.9074     6.44201     24.5443    0.888963     4.39597     1.41683    -5.81629     11.1785     17.6405     1.75691     1.43448    -10.8127    0.349963    -4.10056    -2.38925    -6.71068    -6.28113   -0.632548    -5.97554   -0.764924     4.44594     3.05821    -2.27076    -4.08617       0.204    -8.85143     -2.6298      52.132    -1.03203    -2.90937
     47.692     38.8231     30.2777     20.1152     14.9047     13.7086    -3.13218     3.04748     0.39449    -2.93042     14.6617     17.5495     2.21142     1.06866    -9.37757    -0.33581    -5.46574    -2.32147    -6.71832    -6.63281    -0.48135    -5.65973   -0.807537      4.6259     3.44539    -2.30608    -4.02988    0.102766    -9.21498    -2.45982      52.132    -1.03203    -2.90937
    47.4054     26.0547     39.3273     37.1161     14.1997     24.6774   -0.753975   -0.846875    0.237672    -7.80562     9.91687     18.7751     2.06117     2.28404    -10.4139    0.883082    -4.62917    -2.32949     -7.2988    -5.70202   -0.761935    -5.83526   -0.832217     4.49649     3.19356    -2.36058    -4.04491    0.162104    -8.91287    -2.62059      52.132    -1.03203    -2.90937
    38.3611     36.3637     51.3832      30.014     9.41355      21.549     2.55255    -6.14151    -1.39624    -6.07048     12.9275     18.9273     2.19926      3.8338    -9.48732    0.458048     -4.7413    -2.16684    -6.76757    -5.78469   -0.695218    -6.08929   -0.874076     4.43552     3.16709    -2.21273    -4.06834    0.193615    -8.88111     -2.6101      52.132    -1.03203    -2.90937
    56.8517    -16.8572     40.0704     35.0839     10.3551     27.5675     7.91485     1.96329   -0.352555    -6.85369      18.007      20.329     2.57145     1.51476    -9.24197   -0.474979    -3.47056    -1.92713    -6.49613    -5.29289   -0.510027    -5.59867   -0.911326     4.00354     3.40288    -2.33035    -4.04502    0.149503    -8.88774    -2.65833      52.132    -1.03203    -2.90937
    32.2486    -33.3572     14.7945     42.2088     8.18312     18.8591     21.0815      6.1855    0.879992    -6.73108     13.5702     19.7671     2.25248     2.68934    -10.1487    0.863626    -4.64272    -2.19726    -6.40687    -6.55114    -1.20282    -6.09585    -0.82912     5.37294     3.10218    -2.60197    -4.02518    0.244683    -8.93601    -2.66749      52.132    -1.03203    -2.90937
    39.8528     38.0477     48.2717     14.4235     14.3414     19.2103     4.02109    -10.0182     -1.1531    -5.46536     14.3465     16.9168     2.56434    0.508092     -11.824    0.527386    -3.69642    -2.69448    -6.92061    -7.52197   -0.610068    -5.86343   -0.456209     4.35652     2.92588     -2.2974    -4.03354    0.171699     -8.8083    -2.63197      52.132    -1.03203    -2.90937
    148.783     42.1403     22.7999     27.1669     17.1873     19.6868      5.8952    -1.06592   -0.341311    -6.58731     12.5886     18.2891     2.26589     2.41532     -9.8271    0.853059    -4.14773    -2.14018    -6.41038    -6.03177    -0.69489    -5.96324    -0.87508     4.38297     3.23504    -2.22012    -4.10965    0.177468    -8.85808    -2.62889      52.132    -1.03203    -2.90937
      133.6     40.0182     2.78665     18.6953    -1.58109     26.5072     4.99125    -2.89897   -0.633715    -3.91879     13.4837       18.45     2.38837     2.20091    -11.0239    0.636893     -4.7794    -2.26084    -7.19833    -5.75723   -0.764918    -6.02784    -0.87997     4.38835     3.17637    -2.13414    -4.02596    0.153924    -8.85658    -2.62012      52.132    -1.03203    -2.90937
    82.3444     40.9158     27.3994     22.8996     16.5672     18.0846    0.870614     1.50111   -0.185514    -4.80724     13.5437     18.2994     2.25755      2.2855    -10.1826    0.672722    -4.47439     -2.2889    -6.94753    -6.27419   -0.512911    -5.87573   -0.723644     4.35361     3.14094    -2.39786    -4.15914    0.216876    -8.96476    -2.57962      52.132    -1.03203    -2.90937
    123.422     39.8189     38.5566     30.1034      10.581     19.2924     3.11677      2.6356  0.00738494    -6.28351     11.1199     18.5894     2.33433     1.45952    -10.5506   0.0597414    -4.08648    -2.27442    -6.74267    -6.19189   -0.635922    -5.90215   -0.783652     4.39538     3.10515    -2.34105    -4.09219    0.203084    -8.85324    -2.64296      52.132    -1.03203    -2.90937
    55.7498     68.1823     25.6315     71.6734    -2.27722     4.86463     1.99358    -1.74262   -0.579189    -2.32255     14.5206      18.999     2.40437     3.14229      -10.53     1.42117    -3.48389    -2.19227    -6.75091    -5.88583   -0.762555    -5.79132   -0.888407     4.51517     3.26865    -2.20626    -4.14538    0.180608    -8.85296    -2.63667      52.132    -1.03203    -2.90937
    67.7942     21.1291     58.0821     36.1387     6.79954     22.6784    -3.72684     1.01428    -1.11987    -6.20926     11.1301     18.4255      2.4806     3.01753    -10.3229    0.728465    -4.63638    -2.17813    -6.67815    -5.84291   -0.773078    -6.02752   -0.929742     4.53313     3.31172    -2.16213    -4.07687    0.157957    -8.88202    -2.60814      52.132    -1.03203    -2.90937
    131.568     34.1171     37.0554     24.3189     14.0739     24.2816     3.31664     2.30179  -0.0385184    -6.29398     11.8114     17.0655      2.2003     1.57808     -10.422     1.03273    -4.08102     -2.2466    -6.49273    -6.42407   -0.713008    -6.01287   -0.789762     4.41439     3.09668    -2.16128    -4.11839    0.181429    -8.85158    -2.61958      52.132    -1.03203    -2.90937
    108.345     40.2618     45.5888     33.0747     6.98341     18.4896     1.88115      4.1286   0.0989721    -6.01189     10.6879     18.7069     2.36309     1.13283    -10.8714   -0.246807    -4.01277    -2.32718    -6.89258    -6.23841   -0.604673    -5.86536   -0.747283     4.40783     3.05339    -2.39793    -4.08472    0.215849    -8.85085    -2.64982      52.132    -1.03203    -2.90937
    17.2996     35.5674     26.3256     10.9454     15.1531     11.1835    -5.76563   -0.561248   -0.466753    -4.07213     15.9589     17.0186     2.21694   -0.465459    -11.4537   -0.309215     -4.4656    -2.24313    -5.52464    -6.79434    -1.19489    -6.75803    -1.48084      4.0024     4.17484    -2.30772     -4.0499   -0.021187    -8.87676    -2.57952      52.132    -1.03203    -2.90937
    111.333     15.8464     39.8114     33.8726     15.7152     28.8607     -3.7691     1.34402    0.197984    -6.38118     11.7481     15.6393     2.03207     2.08211     -10.556     1.99098    -4.44523    -2.24753    -6.32521     -6.6729   -0.892521    -6.15561    -0.80838     4.51548     3.12101     -1.9015    -4.13029    0.149859    -8.86016    -2.58422      52.132    -1.03203    -2.90937
    108.378     3.56889     15.8199     64.7667     24.1049     24.5518     -14.362    -7.26877   -0.787957    -7.73552     12.6443     15.6192     2.12104     4.66086    -9.92124     2.28287    -5.12015    -2.07981     -6.0627    -6.28043    -0.91289      -6.295    -1.02155     4.65737     3.37579      -1.762    -4.10992   0.0789096    -8.87444    -2.55335      52.132    -1.03203    -2.90937
    80.6576     38.8802     58.3729     36.9576     1.36355     17.1553   -0.402805     5.60959    0.231462    -5.81002     9.87285     19.3436     2.63059     1.03803    -11.1407   -0.813446    -4.10178    -2.32677    -7.10807     -6.1352   -0.581281     -5.8273   -0.754199     4.43323     3.04838    -2.48151    -4.06543    0.222167    -8.85138    -2.64989      52.132    -1.03203    -2.90937
    16.8704     20.0374     10.2939     14.2913    -2.03694      13.399    -8.37547     1.52505   -0.160795    -10.8513     5.26378     17.4331      1.0904     2.45326    -3.35977    0.280914     6.02605    -2.30087    -6.40561    -6.80115    -2.27537     -6.9735    -1.11801     4.18739      3.4204    -1.63118    -3.22379   -0.151093    -8.77048    -2.80592      52.132    -1.03203    -2.90937
    24.8744     54.9981     35.3313     35.7332     10.4324     28.6192     6.71294    0.604893    0.294918    -6.22232     11.7371     17.4339     2.10878      2.0785    -9.53474    0.374923    -4.68975    -2.17017    -6.61209    -5.88716    -0.72014    -6.09299   -0.950388     4.33254     3.31134    -2.25199    -4.09282    0.167599    -8.86822    -2.62361      52.132    -1.03203    -2.90937
    48.8982    -34.7626    -7.48564       66.92      10.622     24.0848     14.2029      6.1774     0.72197    -7.07264     20.3693     20.2485     2.20494    -1.02267    -10.0828    -2.91247    -2.15161    -2.23436    -6.71147    -5.79681   -0.237342    -5.36976   -0.707269     4.19219      3.1295    -3.10475    -4.09649    0.277967    -8.84674    -2.73856      52.132    -1.03203    -2.90937
    67.2219     39.0688     43.4845       28.43     11.1632     24.1458     2.42568    0.132114   -0.156726    -6.59078     11.3117     18.2496      2.1381     1.97423    -10.5108    0.360574    -4.31238    -2.33989    -6.90783    -6.08324   -0.658503    -5.88917   -0.777779     4.43792     3.15997     -2.3222    -4.05152    0.207406     -8.8638    -2.63345      52.132    -1.03203    -2.90937
    32.3681     15.1515     29.8479     27.6754     19.6658     16.9878    -5.55234      1.4774    0.370121    -5.03714     12.5125     17.4458     2.15037      2.0781    -9.34412     3.12818    -5.27801    -2.49639    -8.68501     -5.4472   -0.863817    -6.34449   -0.911759     3.85813     3.13923    -2.65552       -4.22    0.358836    -8.35544    -2.84324      52.132    -1.03203    -2.90937
    11.5215     23.5414     28.6803     30.2221     18.1225     18.3165     4.88313    -5.94924    -1.11291    -8.39873     10.5979      18.946     2.50134    -0.09848    -11.6735     1.10148    -4.73497    -2.60358     -7.4102    -6.47705    -0.78919    -5.87848    -0.82545     4.27674     3.27398    -2.14276    -4.04699   0.0882966    -8.85545    -2.59423      52.132    -1.03203    -2.90937
    10.9405     64.7279     17.3342     47.9712      13.741     29.4622      6.9323    0.562762   0.0161981    -7.41297     9.89149     16.8128     2.17672    0.436668    -9.96363    0.152104    -4.84522     -2.3679    -6.72431    -6.62211   -0.811489    -6.09029   -0.795765     4.32797       3.124    -2.19756    -4.08482      0.1681    -8.87116    -2.61946      52.132    -1.03203    -2.90937
    86.4652    -20.1286    -7.37458     82.0343     22.1836     26.5387    -9.18253    -7.11817   -0.767151    -6.91582     21.5561     15.7859     2.04614     2.90825    -10.1736    -4.51141     -1.8776     -2.1447     -6.8823    -4.92071     1.28724    -6.04791    -1.04435     4.26568     3.23438    -2.89743    -3.85526     0.16245    -8.76912    -2.63524      52.132    -1.03203    -2.90937
    123.962     39.1074     -16.512     9.44554    -18.9225     32.8322     4.90762    -4.65606   -0.719012    -2.88889     15.2152     18.1703     2.38674     2.14901    -12.1533    0.839437    -5.46211    -2.35762    -7.77847    -5.52916   -0.781239    -6.05967   -0.868983     4.34784     3.12005    -2.06076    -3.91474     0.12143    -8.83092    -2.62734      52.132    -1.03203    -2.90937
    114.636      26.689      49.467     22.1087     11.3471     27.5924     1.23032     4.45198   0.0907035    -6.14177     11.4331       16.35     2.43853     1.19759     -10.751     1.07632    -4.05516    -2.16582    -6.56918    -6.62707    -0.71461    -6.03108   -0.786153     4.43504     3.01415    -2.13537    -4.12035    0.175786    -8.85084    -2.61406      52.132    -1.03203    -2.90937
    87.1052     7.64047     32.1093     35.4531     11.6291     22.5603     6.90973     3.38286    0.958574    -6.89174     12.5674     19.1936     2.40919     1.54748    -9.97751     1.47772    -4.30022    -2.20768    -6.54933    -6.25456   -0.923524    -6.05815   -0.856752     4.50854      3.2523    -1.99231    -4.05539     0.11241    -8.87938    -2.56699      52.132    -1.03203    -2.90937
    64.5197     34.9775     60.7954     19.2493     6.71508     21.2697     4.28336    -4.09854 -0.00573597    -5.23581     13.9406     18.5071     1.99228     3.32139    -9.81593    0.427135     -4.1427    -2.18105    -6.72665    -5.93627   -0.576627    -6.03405   -0.756062     4.43721     3.00227    -2.30814    -4.09717    0.190988    -8.86865    -2.62278      52.132    -1.03203    -2.90937
    33.3391    -13.7305     14.2243     26.7942    -8.27802     28.1475     1.44538    -6.25072    -2.10085     9.05281     2.89633     22.2906     2.82318     2.50087    -9.62561     3.19662    -5.26994    -2.11401    -5.47846    -7.49248  -0.0246415    -5.48767   -0.683483     3.89554     3.27357    -2.85702    -4.12655    0.167946    -8.87593    -2.72368      52.132    -1.03203    -2.90937
    86.6908    -9.05565     17.1573     60.4997     17.2844     29.1269    -8.52228    -2.61905   -0.072578    -6.01829     15.2614     16.1196     2.00911     2.36793      -10.39 -0.00324097    -3.79605    -2.21705    -6.49901    -6.05727   -0.320385      -6.045   -0.895612      4.3745     3.22861    -2.18834    -4.04699    0.137599    -8.84389    -2.60296      52.132    -1.03203    -2.90937
     71.105     34.5689     4.83822     11.7382    -5.84681     21.0546    -2.91084     1.19916   -0.102923    -8.80858     14.4404     17.0233     2.04479     2.07197    -7.86387    0.639757    -3.06146    -2.51779    -7.42979    -6.37982    -1.24966    -6.46836   -0.934441     4.52922     3.24726    -1.95219    -3.96412    0.116671    -8.94202    -2.63425      52.132    -1.03203    -2.90937
    20.1949     26.8531     19.2309     10.2116     15.6732     8.48861    -9.42825     5.90619   0.0518916   -0.671023     16.1033     13.6671     1.73599    -1.35299    -2.59865   0.0556857    -8.12412    -2.58303    -8.70081    -5.49892    0.228552    -3.71655    -0.70006     6.58628     3.61708    -1.82125    -4.45738    0.158388    -8.64242    -2.74325      52.132    -1.03203    -2.90937
    7.59514   -0.996092     9.47302      16.456    -2.09235     8.26299     2.07912    -5.65853  -0.0865013    -5.26607    -0.42928     13.2049     1.82366    -2.49107     -8.1517     4.52801     -2.4368   -0.126232   -0.700727    -3.21556     2.35901    -5.70625   -0.651571     3.60155     2.02121     -3.0626    -4.26411    0.572326     -8.9729    -2.56279      52.132    -1.03203    -2.90937
      45.34     49.5142      50.485     32.8167     3.10639     26.8398     6.85698     3.01787    0.216268    -3.78975     13.9955     15.9739     1.92825     1.95549    -9.95611     1.49787    -3.72456    -2.19221    -6.51033    -6.06274   -0.689855     -6.1092   -0.929961     4.41809     3.26445     -2.1183    -4.14484    0.173597    -8.86104    -2.60361      52.132    -1.03203    -2.90937
    91.7722     10.8817      54.532     28.3336     11.2541     30.7052    -3.79694     3.45441   -0.404336    -6.22367     11.6393      15.737     2.25299      1.8399    -10.7499     1.46339    -4.34426    -2.19111    -6.46341    -6.57659   -0.754485    -6.13427   -0.830485     4.51137     3.11087    -2.01213    -4.09664    0.160884    -8.85801    -2.59088      52.132    -1.03203    -2.90937
      17.17     41.7233     32.2629     14.2104     19.3026     18.2727    0.656747    -5.79778    -1.31899    -4.99158     14.9521     18.2363     2.36902      1.6147    -13.2147     1.10894    -2.78344    -2.69102    -7.08269    -7.23719   -0.607294    -5.62056   -0.427217     4.50664     2.86031    -2.25919    -4.06312    0.184267    -8.79554    -2.64207      52.132    -1.03203    -2.90937
    65.8261     45.6995     53.6619     35.5771    0.931832     22.7964     4.00543     5.63825   0.0711397    -3.41201      13.338     16.1995      2.1017     1.12499    -10.9667     1.30865    -3.30986    -2.30742    -6.71817    -6.46055   -0.651118    -5.96832    -0.75112     4.45671     3.03601    -2.15768    -4.14353    0.205779    -8.84176    -2.62022      52.132    -1.03203    -2.90937
    24.8266     45.6763     41.2811     23.0616     13.7469     25.4469      5.5157     -5.9507   -0.755377    -6.94147      13.098      19.413     2.53768     4.02247    -9.76369     0.13046    -4.53704    -2.05814    -6.56457    -5.88531   -0.615974    -5.89143   -0.817265     4.50286     2.99658      -2.167    -4.06089    0.193263    -8.83206    -2.64736      52.132    -1.03203    -2.90937
    102.172     38.6779     3.69874     17.2715     -15.662     25.9986  -0.0534215   0.0224645  -0.0660731    -15.5421     16.9095      16.509     2.26602     2.81265    -11.5084     2.50122      -5.636    -2.23065     -6.9053    -6.20482   -0.668054    -5.93225   -0.767266     4.32234     3.07218    -2.19863    -3.97187    0.146127    -8.81592    -2.64856      52.132    -1.03203    -2.90937
    76.7475    -7.69829     41.8519     39.4523     12.4788     33.8344    -1.82187     4.22577    0.296265    -6.29512     16.0001     15.4047     2.14798    0.738958    -10.7612   -0.913607    -2.94959    -2.23111     -6.6927    -6.14926   0.0678786    -5.97817   -0.794484     4.27358     3.04766     -2.3943     -4.0111    0.180558    -8.82649    -2.62334      52.132    -1.03203    -2.90937
    20.0817    -8.13933     26.9934     30.1421     12.6535     7.96397     15.1775    -2.39791   0.0179712    -8.37771     8.55604     17.7324     2.15452     -0.7222    -11.9861     2.85811    -5.45246    -2.24469    -8.39199    -6.01377    0.210448    -7.42245    -1.10564     4.51867     3.36812    -1.37288    -4.01965   0.0737702     -8.7698    -2.48698      52.132    -1.03203    -2.90937
    39.5746    -20.1794     34.5686     31.6979     9.18164     16.1313     16.6551    -2.09068   -0.873382    -6.98804     16.6732     22.2831     2.41989    0.944809    -9.67627     1.58926      -4.465    -2.25241    -6.92592    -7.12902    -1.19833    -5.75756   -0.576134     4.37654     2.57683    -2.12285     -4.0928    0.201253    -8.87336    -2.62441      52.132    -1.03203    -2.90937
    58.7735     48.7771     37.2078     38.8404     8.96609      23.446     3.41515     2.20749    0.174491    -6.50095     10.5185     18.0596     2.25024     1.34614    -10.3273   0.0991185    -4.46728    -2.28583    -6.97778    -6.15165   -0.672488    -5.96585   -0.834619     4.37261     3.14147     -2.3551    -4.08826    0.183655    -8.87026    -2.63193      52.132    -1.03203    -2.90937
    91.3015     3.11549     45.4986     42.1727     16.2541     31.8187    -10.5699    0.884086   0.0601116    -6.71579     10.9641     14.5999     2.07526     2.52898    -10.7434      2.6645    -4.85316    -2.24984    -6.25743    -6.88415    -1.02732    -6.25668   -0.822332     4.61371     3.13184    -1.73788    -4.13813    0.124267    -8.87044    -2.55868      52.132    -1.03203    -2.90937
    142.126     40.4067     26.5006     28.1046     16.1499     20.0935     4.72201   -0.259306   -0.141974    -6.62464     12.2162      18.173     2.21489     2.23504    -9.99325     0.82282    -4.17128    -2.18719    -6.46467     -6.1084   -0.705094    -5.96494    -0.84758     4.39479     3.20445    -2.22349    -4.10809    0.182697    -8.85905    -2.62829      52.132    -1.03203    -2.90937
    69.8552      4.1684     11.5051     30.9772    -9.96902     35.7906    -3.83611    -2.66462   0.0866158     9.26808      6.5097     20.4129     2.47477       1.354    -11.5449   -0.517203    -4.84311     -2.4764    -7.72267    -5.87054    -1.08218    -6.18905   -0.945092     4.59745     3.25489    -2.06584    -4.14838     0.16759    -8.84599    -2.61677      52.132    -1.03203    -2.90937
    60.4401     2.06223     45.8036     50.5763      14.321     25.4777    -10.8875   -0.882548    -1.25719    -7.87596     9.36017      17.947      2.2466     2.98692    -10.3104     2.19593    -5.67978    -2.27014     -6.6279    -6.28687    -1.25929    -6.07461   -0.915111     4.53777     3.33824    -1.84683    -4.10583    0.120005    -8.91545    -2.57416      52.132    -1.03203    -2.90937
    76.3865     26.7465     23.4698     25.6683    -14.6782     28.3656    -4.11157    0.408043    0.406728    -6.97574     11.9473     18.0852     2.18914     1.86526    -11.9956    0.738954    -5.24789    -2.43413     -7.3317    -6.12546   -0.807183    -5.99566   -0.811671     4.44962     3.07217    -2.15861    -4.01975    0.138204    -8.84311     -2.6235      52.132    -1.03203    -2.90937
     34.245     87.0211    -5.19674     83.2757    -2.75833     8.66566     8.69024    -7.68616     -1.8852     1.16765     22.1206     14.2203     2.00999     4.93924    -9.73571      5.8902    -2.52766    -1.95757    -5.95111    -6.19309    -1.09442    -6.05584    -1.01644     4.60492     3.40286    -1.46409    -4.29639     0.11441    -8.84179    -2.55942      52.132    -1.03203    -2.90937
    109.999     43.3625     28.7368     29.7488     14.4657     20.1042     3.85679     0.77846   0.0245138     -6.3672     11.7806     18.6691     2.30245     2.18695    -10.2425    0.639449    -4.06571    -2.24801    -6.99248    -5.88975   -0.649258    -5.90823   -0.809273      4.3677     3.17329    -2.42326    -4.10293    0.217822    -8.87544    -2.63463      52.132    -1.03203    -2.90937
    68.5283     54.8962     37.8204     55.3845    0.810846      11.653     1.38782     1.24272   -0.298545     -3.9193      12.696     18.8054     2.31305     2.16927    -10.7313    0.519481    -3.71997    -2.29517    -6.88774    -6.00773   -0.701072     -5.8432   -0.819855     4.47604     3.17193    -2.28622    -4.11696    0.201172    -8.85499    -2.64231      52.132    -1.03203    -2.90937
    89.7392     49.4072     39.8641     57.7925    0.679916     4.40175    -3.46279    0.903038    0.119817    -6.27174     8.82967     22.5806     2.67504     2.19369    -10.9331    -1.84596    -4.64228    -2.31218    -7.33886    -5.55119   -0.622706    -5.69216    -0.84781     4.45289     3.21451    -2.63402    -4.02825    0.207405    -8.84766     -2.6753      52.132    -1.03203    -2.90937
    129.943     39.2374    -7.33255     14.0576    -9.51583     30.3838     5.55044    -4.33359    -0.90529    0.780816       12.85     19.2159     2.50114     1.80978    -11.5586   -0.228542    -4.78273    -2.35991    -7.80073    -5.45677   -0.833418    -6.11688   -0.917062      4.4094     3.16562    -2.08356    -4.00684    0.152624    -8.84327    -2.62093      52.132    -1.03203    -2.90937
    101.562     25.8115     41.3014     37.5904     11.4849     22.2898    -1.93528     1.82093    0.279986    -6.58714     10.8538     17.9073     2.21202     1.94061    -10.5341     1.04944    -4.51889    -2.27704    -6.62561    -6.33507   -0.873028      -5.994   -0.812758      4.4638     3.16374    -2.11412    -4.10854    0.168398    -8.87015    -2.61379      52.132    -1.03203    -2.90937
   -5.61534     59.7452     4.51731     33.9723      25.342     34.2007     4.67443     3.40587    0.575623    -9.35861     7.95878     18.4919     2.52726    0.978006    -11.4769    0.510379    -3.79074    -2.27489      -7.124    -5.85705   -0.678877    -5.56121   -0.740893     4.56314     3.23132    -2.29821     -3.9175    0.108647    -8.88431    -2.64259      52.132    -1.03203    -2.90937
    46.1334     14.3785     54.9094     37.4146     9.04584     19.2887    -2.64997    -6.75151     0.55415    -6.62521     13.0161     19.8485      3.3674     4.27052    -9.47888    0.644801    -4.95991    -1.89757    -6.68972    -5.42197   -0.828215    -6.04132   -0.920679     4.48261     3.34879    -2.15531    -4.06403    0.141717    -8.89411    -2.58922      52.132    -1.03203    -2.90937
    47.3338    -27.4272     26.5066     39.7554     8.82978     25.8904     16.1194     6.32413   -0.716151    -6.34677     17.4097     22.8617     2.34817   -0.231043     -8.9867     1.03003    -3.89826    -2.19469    -6.18982    -5.57206    -1.58274    -5.20845   -0.713152     3.98376     3.51188      -2.329    -4.12844    0.214268    -8.93767    -2.68174      52.132    -1.03203    -2.90937
    33.2859     7.41856     24.1498     19.1204    -7.42733     22.0067    -2.05386    -7.15609    -1.05098    -4.25793     8.07874     19.7426     2.65088     2.01746    -9.33552     1.08563    -2.07412    -2.22966    -5.42494    -7.08507   -0.184879    -6.02255   -0.862809     4.40332     3.15207    -2.35377    -4.56043    0.230279    -8.80138    -2.55174      52.132    -1.03203    -2.90937
    77.9491     26.6266     44.2934     43.8484     8.95632     20.9526     -3.6549     1.68479    0.644316    -6.75346     9.99257     18.4499     2.28006     2.06825    -10.5972    0.641048    -4.73424     -2.2901    -6.85035    -6.21265   -0.860039    -5.97181   -0.836221     4.47423      3.1931    -2.16272    -4.09839    0.161393    -8.88423    -2.62223      52.132    -1.03203    -2.90937
    58.1913     26.7562    -4.44854      56.691      -18.27     19.9903    -8.26909    -4.67639   -0.549692    -6.96178     12.9543     19.3753     2.70348     3.21202     -11.757    0.716522    -5.77337    -2.19229    -6.98239    -5.83308   -0.414877    -5.78157   -0.938856     4.33178     3.16825    -2.31362    -3.98723    0.162591    -8.81457    -2.63829      52.132    -1.03203    -2.90937