    27.0408     54.4336     37.3109     39.2666     8.78388     27.2912     14.4095    0.274428    -8.52743     13.7086     2.96687    0.150191    -22.8519      2.2872    -8.85887    -13.7541    -6.15659    -11.3225    0.647977    -8.66747
    129.715     32.5582     38.6793     31.6285     11.9498     24.6521     11.4187    0.177155    -7.64693     13.1831     1.85666     0.21442    -22.7984     2.67155    -8.98509    -13.6377    -6.20903    -11.4071    0.702028    -8.90624
    109.406     19.5036     49.8421     30.2748     9.22425     28.4924     11.3463    0.351754    -6.23053     12.7214     2.03769    0.222576    -22.1749     2.54333    -9.09303    -13.7918    -6.27128    -11.4725    0.640812    -8.95775
    60.3818    -19.3805     28.9709     44.6745     8.53355     28.6622     16.5432   -0.310933    -8.04435     14.4356   -0.855561    0.294648    -25.2794     1.34724     -8.5709    -13.0968    -6.16081    -11.3046    0.823553    -8.72482
    32.5633    -26.7796     15.0004     38.8807     7.19974     8.60726     26.0302    0.414452    -5.62925     12.3006     3.46149    0.138377    -22.1689     4.17549    -8.42415     -14.764    -6.37045    -11.6946    0.673348    -9.16624
    43.0016     5.22635     46.1152     36.6227     10.2159     21.1183     7.33431    0.172468    -11.7716     14.7316     1.72414    0.119089    -23.9446     3.26563    -9.26237    -13.8781    -6.12879    -11.4341     1.06313      -8.742
      67.14     61.1677     35.8926      60.311      3.4291     17.0452     7.22406    0.121922    -7.65123     11.7994     1.38714    0.211105    -24.3918     2.44162    -8.64355    -13.7587    -6.19256    -11.5016    0.974895    -8.89221
   -3.51452     55.0423     14.9346     21.2371      22.298     32.7448     13.5974    0.272097    -2.73109     12.3259     3.19598    0.262829    -23.9733      2.6654    -8.71531    -13.9042    -5.97148    -11.2451    0.882855    -9.10614
    108.213     9.95215     24.5458     53.8078     17.3038     34.1222     2.82121    0.568269    -9.63347     14.4133      1.1692    0.156725    -20.7206     3.99246    -9.02311     -14.006    -6.23455    -11.4714    0.607749    -9.06021
    81.9001     33.9767     55.2373     34.2434     5.28035      24.322     11.5154   0.0995402    -5.83923     12.0127     2.21276    0.221217    -23.2209     2.22877    -8.87245    -13.7955    -6.23807    -11.4697    0.789971    -8.90332
     107.77     40.2766     44.1886     37.6488     8.09248     21.5101      10.275   0.0227039    -6.26856     12.1964     2.50535    0.206877    -23.8704     2.09791    -8.73458    -13.7697    -6.20891    -11.4442    0.799486    -8.86275
    143.911     37.6206     34.2322     27.8512     13.0477     22.9612      13.059    0.105664     -8.5754     13.5032     1.48584    0.220754    -23.0771     2.72297     -8.9641    -13.4616    -6.16774    -11.3544    0.728708    -8.86827
    67.1705     28.2363     22.5837     21.8228    -15.7883     28.1038     5.71278    0.211909    -5.73818     15.7007     2.19806    0.159275    -23.3346     2.74905    -8.93883     -14.228    -6.24459    -11.5444    0.883942    -8.82714
    19.8686      34.171     35.2966     14.6068     17.2868     20.8361     5.51692  -0.0656244    -7.40256     12.3892     -1.1737    0.199189    -23.3024     2.10604     -9.0832    -13.9314    -6.53044    -11.6974    0.479646    -8.99356
    80.9918    0.382432     48.6391     37.8341      9.7091     31.9901     9.56143    0.321432    -7.02735     13.5103     1.33617    0.152252    -22.2657     2.76042    -8.84315    -13.7548    -6.17983     -11.454    0.694786    -8.92109
    55.5691     41.2583     57.7297     34.0865     1.80955     26.3304     15.5939    0.192482    -7.17582      12.162    0.405961     0.27369    -22.0227     2.67834    -9.16195    -13.4944    -6.27653    -11.5005    0.818313    -8.94713
    18.4199     3.80344      18.536     22.4175    0.278098     14.9355     4.68853 0.000769903    -9.33357     9.98403     5.47774    0.390279    -18.9025     1.37886    -9.88113    -11.1053    -6.02152    -11.0441    0.580055    -8.90965
    121.782     36.4681     11.4252     14.9675    -11.7585     27.6986     11.3019   0.0465076    -10.4122     12.9744     1.07165    0.168845    -23.3733     2.44102    -9.00527    -14.5338    -6.15266    -11.5029     1.09314    -8.76745
    27.9138     84.0427     13.0072      61.148     6.96528      24.583     16.6455    0.125467    -13.5237      14.394    -1.82642   0.0984295    -20.8659     3.44879    -9.40744    -13.1005    -6.31808    -11.5423    0.754374    -8.87301
    39.7945     35.9414     51.7605     22.7408     10.9603     24.7486     11.9753    0.127435     -11.859     15.0322     2.78185    0.169024    -23.9301     3.44291    -8.59544    -13.6859    -5.95749      -11.17    0.796505    -8.69033