    52.2474     53.1523     41.0019     35.2964    -1.60194 -0.00665699     11.8511     14.9609   -0.436766    -1.92734    -10.3656     3.64245    -3.87359    0.914263     1.18408    0.393831     6.96582    -2.78186     3.36196    -1.92747
    125.649     28.8932     -24.749     19.7719     11.2496    -3.72175     24.8922     9.21827   -0.875812     2.71889    -14.4323     7.90817    -3.33744    0.802136     2.14726    -1.45963      8.9102    -4.85846     2.56123    -1.25598
    72.1528     27.5394    -3.95768     13.3305     4.42013     5.27936     12.1679     6.46944   -0.509363    -6.64275    -13.3558     3.98817    -4.53297    0.992091     2.04063    0.747385     6.32164    -3.69067     3.59459    -1.57071
    148.642     38.8914     9.07283     26.7108    -19.6605    -2.10864     9.82135     6.87935   -0.432708    -3.74683    -11.4615     7.57273     -4.5619     1.07966     3.46718   -0.729831     6.37917    -3.00322     3.10538     -1.7446
    85.7551     8.08835     46.7225     31.8273    -17.3536     15.8067     21.6113     10.6161   -0.521445    -6.62562    -7.58519     4.94143    -2.16967    0.379743     1.60972    -1.70739     6.73557    -2.35206     4.03069    -1.77481
    16.1458     65.7189    -23.5812     82.6648    -11.0305    -10.6199      15.972    -1.00678    0.901144    -8.35658    -4.62183     1.57435    -5.85302     2.13513     1.78767    -5.51859     4.00906     -3.3572     6.60421    -2.23335
    70.8707    -19.3171     29.4255     51.0348    -16.0602     15.3041     21.6401     8.61394   -0.299673    -2.90413    -12.7188     3.34932    -1.61614   0.0982869      1.8448  -0.0233351      5.7928    -3.15937     2.89523    -2.44202
    64.5978     43.3058     32.2684     30.9779    -9.63423     3.27345     10.7697     10.7221    -1.10723    -4.18716    -9.68091     7.22552    -4.51355    0.837262      1.9604   -0.863349     6.33414    -4.11442     2.77246     -1.8495
    18.0984     18.0289   -0.494963     10.8192     4.19824     12.5403      4.3778     5.05407    0.417304    -13.5398    -7.42278    0.862437    -6.97347     1.09095     6.88577     7.13177     4.37978    -4.81168     4.54222     -0.8282
    32.1607     51.8733      35.021     24.4739    -10.4572    -4.20414      18.101     7.51969   -0.321047    -1.71586    -13.3314     5.95818    -4.19256    0.850081     4.68909   -0.479629     6.08677    -3.17174     2.70819    -1.91236
    84.9881     29.6285     9.65039     25.2404     20.2944     8.08891     17.0157     11.7432   -0.626252    -9.06156    -18.4972     8.15701   -0.981261  0.00531674     1.03616    -4.73246     10.3844    -2.34723     3.11425    -1.55454
    78.4741     8.95356     9.92155     33.9558      7.2995     11.3815     25.3805     9.45448   -0.622061     7.21766    -3.69099     10.5681    -4.48694     1.20091     2.21393   -0.299322     6.33315    -5.85248     2.95856    -1.68187
     68.112     48.4405     40.9612     47.7746     4.23805     8.19027    -3.47293     9.95675   -0.244999   -0.427867    -11.8316     9.99949    -4.11529    0.984198     2.87921    0.463435       6.772    -3.84442     2.45129    -1.82621
    1.86328     29.5642     -1.9848     12.5581    -18.4587     17.0932     3.13477     14.7345   -0.661596    0.252096    -13.1595     3.83228    -6.65192       2.163     4.96538     -4.5902     7.43597    -3.44114     4.04591    -2.43527
    37.4381    -31.4831     26.0768     37.3021    -12.0171    -11.3976     11.1406     19.2597    -1.18772    -4.06128     -15.591     6.74057    -8.23816     2.35617     1.72426   -0.528371     6.03968     -2.9814     3.37147    -1.39303
     67.635    -42.1249     5.58859     76.6993    -19.8928     7.92976     12.6995     4.75519    -1.06761   -0.260122    -24.7247     1.34009    -2.54441    0.282892     2.61005     2.24768     4.59339    -4.69838     0.40439    -2.93339
    29.7097     62.1767     23.2879     62.1489     2.56892    -1.47833     4.88449     9.33055   -0.343056    0.754542    -10.4745     3.22621     -3.2829    0.567386     1.34217     0.47447     8.08347    -1.89919     4.34507     -1.9237
    87.7786     37.0248     15.2734     23.8632    -16.4898     2.78725     8.30213      8.6868   -0.520424    -2.75959    -10.7467     5.82062    -5.00817     1.32013     2.45394    -1.08232     6.72823    -3.28591     2.72847    -2.29745
    127.045      31.928    -3.79029       24.86     -3.9259    -0.76717     16.4091     7.88125   -0.449439   -0.620911    -11.4071     8.30691       -4.36      1.1723     3.09215   -0.693427      7.1806    -4.13524     2.88808    -1.50291
    23.1974    -19.0273     21.3995     20.8221    -9.06448    -17.0505    0.377986      12.652   -0.741301    -3.87846    -5.05997     6.90472     4.03487    -2.04443     5.69486    -2.43791     6.67607    -3.99649     4.28667    -1.54814
    30.8084     44.9076     24.1908     20.7762    -15.9057     2.73222      15.127     9.98728   -0.696333    -1.81587     -14.171     9.89585    -2.73797    0.460676     2.72179     -0.6171     5.03787    -3.56657     2.80951    -1.77244
    14.7768     15.5361     26.5271     24.6891    -18.8238    -3.41155     7.56524     2.99906   -0.387633    -5.27575    -9.47954     10.5254    -5.31737     1.69919    -1.00209     -1.2273     9.64966    -4.80229     2.53943    -1.54699
    7.28272     1.75084     7.87319      9.5228   -0.494446  -0.0512065     3.57738    -0.41995   0.0878867    -3.08425   -0.556351     8.30876    -2.26472    0.124555    -2.01855   -0.764566     4.06222    0.606689    0.726582     -1.4568
    34.0143    -7.91018     13.9124     26.2243     6.75329     2.14115      20.956     8.42458   -0.282178     6.01344    -1.15022     14.3533    -8.64753     2.92116     4.20033   -0.335636     5.56667    -2.56163     3.69019    -2.44367
    67.8295     40.6439     50.7334     12.9662    -9.23859   -0.490885     15.2139     7.44193    -1.07981    -1.73179    -13.4133     6.21419    -4.28878     1.06376     3.07346   -0.170417     6.12657    -3.73254     2.96947     -1.9627
    3.43152     52.6617     7.58714     44.9196      -17.78    -2.51778      19.981     9.34704   -0.576677    -7.30787    -7.41155     6.64615    -4.18283     1.02832     1.09163    -1.30149     6.82738    -4.05538     2.48798    -1.77684
    12.1911     41.6877     14.5993     23.3237    -18.2464     6.21473     11.4259       9.075   -0.742458    -1.27149    -13.3734     8.88242     -3.4133    0.892023     2.43406   -0.719732      6.2404    -3.64563     3.40785    -1.80731
    31.9482      31.888     40.8948     32.5002     -12.412      3.7255     13.0206     1.52988   0.0527193    -2.95419    -11.6565     8.64149    -4.60293     1.04307     3.87053    -1.34961     7.20996     -3.7187     3.11708    -1.70045
    10.2101     49.6237    -33.5682     55.6576    -27.3463     14.1524     7.04757     21.5326   -0.981715    -4.26854    -11.5048     17.9111   0.0298165   -0.741296    0.829114   -0.785741     3.45797    -2.62705     1.48823   -0.871582
     57.022     18.5332     49.3278     34.0343    -10.7979     10.4579     12.6985     6.28157   -0.457317    -4.96758    -10.0869     8.81731    -4.81276     1.62734       4.513    -1.86844     6.95941    -3.36195     2.79967    -1.45952
    28.6723     26.5908     10.7384     20.7214     15.0603     8.25717     14.6559     4.45523   -0.869913    -14.2934     -16.514     10.6839    -3.73037    0.824759     2.38943    -2.37168     6.14966    -3.08699     2.97135    -2.24335
    112.877     21.4989     26.9838     35.1836    -17.9713     11.4087     15.0986     5.65841  -0.0767706    -5.07829     -8.3628      7.2759    -2.58597    0.465992     3.21578    -1.72966     7.40531    -2.17409     3.98337    -1.57676
    88.9789     43.4906      43.188     32.5263    -3.22201     6.46364     5.49974     15.0451   -0.771177    -3.66497    -9.87152     7.73895    -4.17268    0.879252    0.637073   -0.161247     5.83908    -4.10474     2.95188    -2.15624
    108.772     42.4197     30.9367     34.8309    -7.59717     5.00589     3.16128     10.4359   -0.818486    -3.48147    -10.5818     9.32757    -4.69038    0.944323     2.29901   -0.578748     5.78591     -4.2389     2.67253    -2.01236
    19.8038     52.5411     25.6291     37.6039    -10.7666    -1.89043     15.8864     8.67239   -0.937397    -3.45612    -10.6885      6.3149    -4.27018    0.999023     3.72709    -1.21904     6.33379     -3.4589     2.58014    -1.66603
    110.472     32.5564     41.3049     15.6275    -13.8459     4.31747     18.2144     16.1501   -0.569782    -6.51136    -8.32828     5.35892    -3.93901     1.31184    0.301591    -1.10491     5.54003    -3.54176     3.42175    -1.84196
    129.498     37.1592     17.9465     28.1565    -17.1992      1.3497     10.0182     8.54939   -0.504584    -4.45419    -10.4878     7.53024    -4.41776     1.05252     2.77128   -0.857368     6.41534    -3.23145     3.16886    -1.81087
    42.4841    -7.79001     39.2127     25.7355    -12.7195    -5.41119     10.4017     9.40591   -0.468961    -3.77052    -13.9887     8.19783    -6.06323      1.5014     2.74352    -1.04415     6.87925    -3.23993     3.50328     -1.5514
   -5.61013     42.0739    -4.47652      27.774    -23.9151     8.72044     14.1983     15.3007   -0.765564    -5.53566    -10.3529     9.93096    -3.61323    0.592258     2.07043     2.21802     8.69754    -3.36846     3.10794    -1.48907
    26.6683     30.2806     10.7323     10.3179    -12.1431     10.1998     4.07298     5.31031   -0.338886   -0.509152    -10.8374    0.322875    -6.24102      1.9241  -0.0984728    -1.80545     5.22881    -2.85111     1.98581    -2.52203