   0.577828    0.464947     2.44919     25.8279     44.7887     14.3249    0.417806    0.183441     1.98004     5.20379     3.78148    0.601834     2.14921     5.55178     10.9123     18.4094     26.0837     17.8559     10.6543     5.36543     2.00044    0.415811    0.109819    0.352331    0.493818    0.613015     1.12061     5.05618     18.3495     27.6782     29.5104      14.502     2.21408
    12.1067     3.38646     1.51466     2.63799     11.8647     31.8773     3.95578    0.902307     2.34511     9.29714     20.1118     3.57298     6.85559     9.47056     12.7556     16.0596     19.1711     13.2739     8.39472     5.44833     3.43474     1.56297    0.392729         1.4     3.09048     5.90026      13.738     21.1854     24.4701     14.6716     9.27079     4.83124     1.04952
    4.27935    0.473261     16.7519     16.2665     17.3593     20.6513      0.5698    0.791667     4.46286     4.24531     14.1487     1.98664     5.36008     7.07817      8.8404     14.0095     25.6496     13.8847     8.66186     7.05685     5.36403     2.10816    0.688037     1.28011    0.540957    0.598268     3.17166     18.5536      19.384     14.1163      14.721     18.3026     8.64353
    4.31291     3.32652      9.2852     11.9859     19.2546     22.1917     4.10365     4.36998     6.71186     6.19891     8.25882     10.6428     9.56448     8.47296     8.99274     11.2226     14.7894     10.5101     7.11936     6.01025     6.27985     6.39543     3.98236     3.80641     2.26845      2.7094     5.75921     11.7812     16.9575      15.279     13.1774     13.0349     11.2442
    0.39191    0.208608     1.94606     14.7649     37.6421     40.2218    0.550037    0.244375    0.858745     1.77337     1.39817     1.61441     5.97072     9.53142     11.2769     13.4402     18.2753     12.7874     10.6402     9.01791     5.89761     1.54796   0.0501634    0.175813    0.310141    0.542916      2.1923     22.2382     29.4712     20.4421     15.4401     7.69313     1.44388
    1.67547    0.372008     2.29056      8.9476     23.2304     37.0955    0.358248    0.338202     3.41339     11.0382     11.2404     2.84108     6.73894     8.78471     10.1751     11.8268     18.3089     11.9866     10.3991     9.10849     6.93938     2.89082    0.120519    0.256244    0.325755    0.589809     2.33432     26.3654     24.9746     18.5338     14.5327     9.49203     2.47482
   0.295262    0.180073    0.469195     11.1417     46.2141      34.344     5.53087    0.513317    0.208257    0.424617     0.67862    0.819804     2.98445     6.37524     11.1074     16.7208     22.3259     17.1658     11.9385     6.83658     2.97165    0.753849     0.15125    0.897656     1.89159     4.13637     7.35162     9.12903     24.0805     29.1677     18.0934     4.63425     0.46663
    5.74947     7.67391     9.77602     9.96155     12.5195     12.3079     3.54587     3.17266     9.50781     15.2739     10.5114     2.92898     5.59223     9.12092     11.6959     15.3624      21.414     14.3221     8.90365     5.64619     3.40747     1.60621     3.20626     7.40001     7.21435     5.63053     6.47264     6.58176     12.1155     15.6476     19.2738     12.4105     4.04704
    1.92118    0.870971     7.50298     28.5734      26.471     13.6128    0.442447     0.43554     3.09771     5.98675     11.0852    0.989679     3.87552     7.94665      11.803     16.2455     21.2695     15.6175     10.8325     6.96854     3.41144      1.0401    0.444816    0.907952    0.749011    0.814724     1.96519     6.95154     18.8328     21.2585     22.6052     19.5638      5.9064
    1.37235    0.887957    0.969356    0.251557     2.47226     50.2741     25.2494     15.2118     1.92561    0.525208    0.860378     1.83337     5.07272     6.99393     9.60622     14.6233     22.3592     14.2126     9.57084     7.55178     5.74833     2.42769     2.46894     8.90363     12.6203     13.8002     22.9583     28.1403     7.07539     2.00439    0.930866    0.762082    0.335686
    20.7493     6.74357     3.21341    0.863068    0.832258     36.3455     16.1813     7.67239     1.40367    0.912083     5.08345    0.129898     1.27968     4.11547     7.37912     13.3294     47.4549     12.9444     7.55682     4.46513     1.25956   0.0856837    0.359866     5.56062     11.9401     14.4041     19.8707     42.1182     2.20072      1.2093     1.05804     1.16096     0.11731
   0.280064   0.0602793    0.365152     14.8715     30.9376     51.1741    0.630701    0.107079     0.18421    0.440284    0.949102    0.192301     1.91181     6.68924     10.9004     17.3751     26.4571      17.084     10.8116     6.62357     1.81004    0.144776   0.0390363    0.110821    0.210691    0.445313     3.43583     33.8929     26.9254     18.4996     13.8031     2.42714    0.210091
    10.9116     9.51332     2.86263     2.90242     13.8027     22.1797     10.3555     2.11504      3.2947     10.9129     11.1496    0.620675     1.59495     3.93069     7.67247     15.2068     31.5447      17.849     10.6077     6.72184     3.23057     1.02052    0.562226     3.59374     8.76982     13.6846     14.1501     11.0796     19.7522     15.2662     8.64374     3.95748    0.540407
   0.333382   0.0731006     5.36434     8.95066     15.1096       67.19    0.379182    0.113958     1.42056    0.420509    0.644755     1.44779     2.99071        3.62     4.78589     9.46958      56.001     9.34229     4.66249     3.48579     2.84538     1.34904    0.156172    0.394494    0.152876    0.259612      2.3328      55.256     14.8286     8.61633       7.826     7.48465     2.69243
    4.59349     4.32773      3.0331     8.02661     18.7786     30.9282     15.3783     4.96283     2.05549     2.95829     4.95742     13.7775     11.0922     8.78751     8.36356     9.40405     10.9802     8.96541     7.27812     6.37463     6.59123     8.38551     1.90199     5.82496     10.2099     12.1615     11.5755      7.0275     15.7666     14.9175     11.7514     6.51406     2.34902
    3.25867    0.802627     7.04151     6.35489     9.51932     19.3247    0.833087     3.11516     19.7194     13.5807       16.45     2.39365     5.05316     7.07114      9.3577      15.246     24.9756     14.5314     8.86206     6.38566     4.29944     1.82414     2.40101     4.34341     1.11769    0.795012     3.51798     14.9966     16.2492     11.5898     12.7958     19.8064     12.3871
    1.53962     1.01408    0.718026     6.40096     27.0009      41.941       15.14     2.03905    0.395373     1.47486     2.33611     1.66052     2.38685     3.83034     6.25014       9.711     14.2453      13.961     14.5649     14.8871      12.615     5.88782     1.03283     3.68133     7.85871     11.1384     11.1112     7.51209     15.8627     18.0591     15.3296     6.73843     1.67561
    12.0133   0.0623382    0.025217   0.0446992       2.842     60.5888     0.73359   0.0221709   0.0794841    0.220409      23.368   0.0344139   0.0698947    0.237486      1.5573     16.7471     63.1006     16.4551     1.40038    0.275462   0.0940368    0.028292  0.00520736   0.0234106   0.0959886    0.667347     11.1092     60.7497     25.3123     1.53452    0.236654    0.131433    0.134322
      6.259     3.18362     3.26971    0.679719     1.91244     18.0166     24.0837     29.3735     9.98172     1.37591     1.86414     1.36104     4.64638     8.59471      11.181      14.996     23.6574     13.7682     9.74807     7.50593     3.62564    0.915683     8.34035     21.2544     18.5952     15.8389     16.9836     7.99998     4.01651         1.9     1.60678     1.66622     1.79815
   0.776452   0.0934216      1.2851     3.68779     10.6148     81.4032    0.338985    0.037869    0.243011    0.379785     1.13956    0.325655    0.988349     1.58841     2.74235     8.62707     72.0028     8.24165     2.75405     1.54935    0.923914    0.256412   0.0766212    0.112764    0.109766    0.299807     3.32875     69.9281     12.2617     5.89888     4.14613     2.81356     1.02393
   0.289881    0.320092    0.763372     15.7238     58.6097     19.9724      1.0464    0.141527    0.658076     1.46041     1.01434    0.291075    0.958642     2.82715     7.88935     20.0381     36.1973     20.0371     8.10002     2.65306     0.78419    0.224112   0.0398848     0.39533    0.695288     1.05964     1.57762     6.09485     26.0059     36.3444     22.8322     4.57371    0.381176
   0.161693   0.0957177    0.876854     14.9081     40.7308     41.1339    0.419768    0.117261    0.361287    0.528983    0.665652    0.170761     1.04395     5.36115     11.6529     18.6944     26.7084     18.5731     11.6351      5.1257    0.909559    0.124964    0.116026    0.230366     0.17778    0.349161      2.0357     22.5548     32.5238     23.7427     14.4333     3.21302    0.623404
   0.543151   0.0123142   0.0225472     0.13657     8.54708     89.1873    0.768209    0.036444   0.0163986     0.02125    0.708715   0.0113642   0.0385948    0.199703     1.40464     18.2514     59.9458     18.4782      1.4066    0.199391   0.0512578   0.0130971  0.00439981   0.0282558    0.133984    0.611305     4.40324     58.7876     33.9315     1.62954    0.294468   0.0966224   0.0790902
    5.82688    0.625888     3.04674     2.84831      4.4769     41.2607    0.629085     1.39789     10.8609     9.09598     19.9307     1.92298     3.62064     4.18829     5.25093     10.9495     48.2541     10.9199     5.13084      4.0844     3.65118     2.02716    0.866724     2.03124     1.01827    0.887481     3.16624     44.5811     15.5919     8.18303     8.12788     9.93895      5.6071
    27.3454     5.50383     0.26331    0.418654     4.72265     33.7964     16.1631    0.771252    0.156674     2.14305      8.7156   0.0961735     0.34489      1.6114     6.96771      20.545     40.5795     20.4488     7.24795     1.72873    0.293986    0.135887   0.0587423    0.530596     3.52526     16.5632     37.1014     21.7066     13.6741     4.98122    0.995023    0.486489    0.377368
    15.7223     4.01857    0.829654    0.816256     4.74699     39.7064     9.39008     1.32374     2.41165     6.18566     14.8487     2.02127     4.59026     7.00079     10.2981     15.2687     20.9672     14.8001     9.92025     7.06318      4.9905     3.07969    0.729388     1.69437     4.25015     9.43199     22.5165     29.8501     17.4046     7.47992     4.04624      2.0781    0.518642
    5.18629     5.11377     7.35292     5.81547     5.44655     14.8069     14.9143     16.2198      14.925       6.289     3.93002     9.69175     8.11092     7.92593     9.08987     10.2529     12.2866     10.6724     10.0037      9.1289     7.97216     4.86481     16.4953     18.1981     13.3229     10.8403     9.66871     3.73008     4.27949     4.73797     5.78933     6.87069      6.0672
    0.93666     1.03078    0.444225     3.68078     33.8352     43.4794      10.171     4.02008    0.453822    0.686955     1.26106     2.47206     2.18217     4.21092     9.97031     18.8043     28.6825     17.6084     8.55805     3.95797     2.20661     1.34673    0.601863      4.0053     6.41562     6.18716     7.65027     15.8753     31.1865     20.9967     5.53849    0.960231    0.582553
    3.58971     3.94193     1.39184    0.251832      1.3553     19.3782     44.8263     20.8132     2.32655     1.22501    0.900141     0.42722     2.21343     5.91902     11.2072     17.0781     25.1668     16.4418     11.3386     6.71498     2.66859    0.824244     1.35107     12.6267     23.8325     27.1454      21.704     6.52953     2.54524     1.90032     1.24484    0.808697    0.311674
   0.238889    0.112988    0.154971     5.30952     43.5495      48.349    0.941258    0.119619    0.136633    0.371913    0.715742    0.116476    0.371963     2.20969     9.79647     20.8262     32.0443     21.2651     10.3812     2.48852    0.409979   0.0901277    0.034709    0.139053    0.350147    0.777074     3.37243     23.8391     39.6808      24.219     6.67113    0.746872    0.169697
   0.327312   0.0942313    0.235407     7.26087     36.2046     51.5711     3.10908    0.161192    0.105567    0.376574    0.554003    0.579664     3.33111      7.9933      12.461     16.6449     20.4125     16.0678     11.7207     7.32429     2.94463    0.520236   0.0749872    0.255868    0.657981     2.01661     10.9623     18.9151      34.645     21.2732     9.08146     1.83044    0.286985
   0.835776   0.0253492   0.0255416   0.0944658     2.10318     91.7167     4.59806   0.0395919   0.0125972   0.0322049     0.51649   0.0197627      0.1185    0.650921     3.71332     20.7892     48.9795      20.909     3.98588    0.707803    0.106014   0.0201893   0.0304556   0.0401202    0.263388     1.90716     25.5241      58.159      11.705     1.78751    0.406666    0.105775   0.0707548
    5.50214     3.87066    0.882424    0.190533     1.35681     28.2533     47.2004     8.60157    0.960944     1.44259     1.73854    0.195591    0.994449     3.88931     8.42875     18.2475     38.6515     17.2304     7.56678     3.66584    0.931651    0.198288     0.34326     3.80087     11.3696     28.5972     37.7136      10.859     3.44363     2.15223     1.10123    0.461812    0.157643
    4.99589    0.270441     14.0316     12.2157     14.4398      36.613    0.371066    0.690207     4.21603     2.52658     9.62974     3.92503     5.85133     5.55027     6.05674      9.8411     36.9403     10.2032     6.19328     5.65907     5.91835     3.86138    0.530062    0.985834    0.334291    0.334389     2.26919     37.2041     15.7789     10.7777     11.1781      14.288     6.31952
    1.63696    0.158084   0.0415602    0.069985     1.14325     78.3344     17.1667    0.350319   0.0469434    0.145168    0.906602   0.0255719    0.162081    0.698984     4.72482     22.8039     44.3269     22.0284     4.42602    0.640739    0.131413   0.0311169   0.0182299    0.132687    0.967559     5.65041     43.9484     40.8763      6.8222     1.17392    0.254319    0.109098   0.0469056
    1.06416   0.0151929   0.0269473   0.0754304    0.665335     96.5647    0.273324  0.00746516   0.0327331   0.0623407     1.21241   0.0085689   0.0217916    0.041897    0.200975     3.08933     93.2368     3.11365     0.21019   0.0461841    0.022393  0.00818445  0.00261722  0.00699772   0.0351923    0.172402      2.9919     92.8968     3.16029    0.422903    0.176145   0.0956542   0.0391236
    8.78163      7.8417     8.85424     7.44591     8.43029      14.732     6.44996     7.25381     11.6153     8.47865     10.1165     9.96738     6.53913     5.67486     5.89097     7.27028     9.69095     8.36598     7.61658     9.09559     12.3863      17.502     3.94871     9.06836     10.8583     7.93423     7.85574     5.77712     9.01691     10.9208      12.838     13.6436     8.13823
  0.0849991    0.323278    0.599418     34.3506     48.7761     13.3915    0.244313  0.00342118    0.233871     1.36361    0.628867   0.0169134   0.0987815    0.334892     1.79151     14.4597     67.4078     13.6782     1.85122    0.299104   0.0600776  0.00178062 9.80212e-05   0.0615706    0.328596    0.368186    0.777295     4.52159     23.5627     32.6034     32.3891     5.37979  0.00771885
    1.38716     1.06872    0.892777    0.569553     2.95074     61.9778     17.5197     7.08072     2.82021     2.17542     1.55718     1.36288     2.80169     4.66732     7.21225     13.6469     36.6078     15.4991     7.52146      5.4413      3.5831     1.65616     1.65862     5.84675     8.29975     9.31494     15.7812     39.5881      11.787     2.27262      1.7905     1.66617      1.9943
    1.19265    0.942095     11.3692     13.5901     15.6721     35.3139     0.71776      1.4779     10.9017     4.26203      4.5606     7.61544     8.24782     7.14696     7.62083     10.2572     19.4245     10.5498     7.55597     6.84168     7.77588     6.96396    0.296258    0.690885    0.737776    0.758545     3.38369     25.2776     16.8519     12.6576     13.8199     16.2388     9.28714
    9.15034      5.7489    0.366114     1.80995     13.7022     16.9405      11.137    0.226388    0.573704     18.2116     22.1334   0.0661755   0.0507893    0.152733     1.25763     13.6511       70.48     13.0783     1.01707      0.1528    0.062914    0.030443  0.00886671    0.289801     1.61767      12.293     17.0905       9.243     23.9712     29.6162     5.60561    0.261089  0.00306656
     2.8815    0.407079  0.00102351  0.00250955    0.226677     59.8829     34.5133    0.345349   0.0358711    0.318939     1.38485 0.000578967  0.00565915    0.144369     1.40822     12.8306       71.67     12.4281      1.3531    0.116546   0.0186125   0.0240792  0.00707947   0.0709013    0.849075     5.89248     64.6715     25.1681     2.57605    0.704732   0.0511182  0.00289272  0.00613465
    10.1586    0.294958    0.111664    0.407111     5.46394     36.7014     1.44249    0.118316    0.226394     2.61129     42.4638    0.413033    0.310325     1.15692      6.1685     21.9245     40.6896     21.8995     5.87668     1.19119    0.223936    0.145757   0.0947867    0.212556    0.471539     1.25229     8.59296     38.9468      36.929     10.6095     2.23638    0.533079    0.121066
     1.8968     1.10978      0.1537    0.171977     2.60686     55.5425     32.3471     3.90585    0.260768     0.85509     1.14954    0.479486     2.04164     6.56675     12.8572     17.8566     22.6445     17.4823     12.3405     5.98816     1.52832    0.214631    0.218271    0.989754     6.53973     19.4387      31.964     27.8985     9.56896     2.15991    0.739205    0.292806    0.190216
   0.667015    0.349349     7.19261     25.8684     31.2812      26.265    0.951427    0.431843     3.30815     1.64022     2.04472     1.62119     5.77792     10.3854     13.8819     17.6072      23.065     12.8616     7.28309     4.40386     2.40547     0.70733    0.180646    0.586319    0.507324    0.814727     3.09661     12.4711     20.9984     19.6523      20.897     15.8127      4.9828
    1.05447    0.604285     8.47502     21.6193     29.3435     25.0186    0.671389    0.728072     3.85258      2.8553     5.77744     1.03382     2.95904     4.83011     7.75917     13.3215     23.8618     17.1542     12.6257     9.54159     5.45967     1.45329    0.253162     0.75096    0.559009    0.741246     2.13508     13.8603     23.1762     19.8984     17.9952      14.687      5.9435
    11.5228     4.10113    0.520091    0.435737     2.07869     62.6253     10.0165     2.49061    0.703852     1.43776     4.06759    0.363268    0.589955     1.51498     4.29435     10.7062     65.6231     10.7171     4.31874     1.42154    0.352529   0.0982225     0.18333     1.81978     5.83101     9.66639     13.2988     59.0487      5.6354     2.36931     1.33559    0.639655    0.172045
    1.33335    0.980739    0.514928    0.669308     8.44146     43.7289     34.7371     7.41631    0.973413    0.594749    0.609717     2.10844     7.28273      12.758     15.2363     16.3953     16.7813     11.8985     7.99515      5.3727     3.01385     1.15767     1.25733     2.93264     11.3611     22.9014     24.7425     14.8763     13.4819     4.69993     2.02872     1.02167    0.696575
    8.60251     1.99476     2.56301     4.38386      8.8131     31.1632     2.69044     1.43254     8.86081     11.9422     17.5536     2.30119     3.82198     5.06049      7.8838     16.9695     32.6558      15.971     6.85091     4.09975     2.96316     1.42245    0.798727     1.96029     1.86607     2.90245      10.763     23.7683     18.8767      11.123     11.4545     11.1873      5.2996
   0.343876   0.0537975   0.0126976    0.319962     12.3896     84.9119     1.06067   0.0800656  0.00794542    0.116217    0.703207    0.161775     1.21155     4.11553     9.96954     19.5311     29.1795     20.3019     10.0595     4.15368     1.16957    0.146347    0.103522     0.07726    0.193833    0.654725     5.60395     60.1174     27.3993     4.57126    0.701829    0.106196    0.470649
    13.3034     22.5898     6.28597     4.25639     6.28825     12.7813     9.89844      5.8303     3.72647     7.87123     7.16851     2.06775     2.99742     5.95188     11.0147      17.296     22.9836     16.8974     10.3786     5.91802     2.65492     1.83974     1.02458     9.60699     18.9976     18.3384     13.6844     6.84445     8.47071      9.4065     7.91111     4.65079     1.06444
   0.297864    0.293905     3.11352     7.87557     15.0615     65.3896     4.82734    0.785114     1.24854    0.561938    0.545159     2.00336     2.83398     3.62181     5.50099     15.5432     41.5395     15.2305     5.46072     3.63278     2.81794     1.81525    0.578681    0.896013    0.757543     1.90305     23.8578      31.039     15.1616      9.1197     7.36101     6.55799     2.76758
   0.444813   0.0669008    0.165229     2.84537     20.4377     74.3637    0.765436   0.0602326   0.0474665    0.231304    0.571832    0.194347    0.728902     2.06313     5.37902     17.6164     47.5147     18.1007     5.53913     2.08112     0.66615    0.116441   0.0367398   0.0747898    0.192391    0.568382     4.20008     51.0519     28.1576     10.2788     4.06627    0.956837    0.416211
      18.76    0.112639   0.0774266    0.138811    0.533822       60.54    0.210461   0.0642069    0.194689    0.312913      19.055   0.0392847   0.0811877     0.12068    0.314641     2.69951     93.5874     2.59642    0.322595    0.124483   0.0775839   0.0361779 0.000992504   0.0218256    0.125848    0.266669     3.15208     91.8996     2.94331    0.645637    0.359261    0.335773    0.249008
    0.63774    0.624073    0.611597     2.19676     9.71847     37.2818     30.5316     15.7027     1.49859    0.521525    0.675082     4.09642     6.69292      8.7065     9.91632     12.3468     15.0433     12.6067     9.50689      8.2654     7.32349     5.49521     3.53498     17.0582     17.8746     14.2958     12.7189     10.7457     8.59782     6.62494     4.80798     2.82957     0.91156
   0.144041    0.102602    0.222634     8.03548     53.7283     35.1365     1.33109   0.0863677    0.176797    0.405621    0.630614    0.173497    0.720634     2.92696      9.0012       19.87     33.9905     19.9942     9.40755     3.04851    0.756935    0.109977   0.0231113    0.163416    0.364031     1.03671     2.98501     12.7605     39.2478     31.7929     10.3074     1.18622     0.13298
   0.761256    0.127965    0.121619     2.98751     25.7679     67.4238     1.27921    0.153427   0.0675308    0.298138     1.01172    0.868927     3.64068     7.95825     12.0672      15.894     19.5882      15.684     11.6808      7.8854     3.85643    0.876183   0.0557998    0.151821    0.344123    0.892104     6.93706     39.7285     35.1448     12.2269     3.51671     0.69807     0.30406
   0.870915    0.653352    0.667078     5.43854     18.0873     41.8438     25.4709     4.56657    0.575719    0.856152    0.969612     3.46992     6.53129     10.4026     12.6805     15.3721     17.8186     13.3357     9.19618     5.91785      3.4435     1.83171    0.612469      4.6275     13.3969     16.6938     14.1522     9.03225     11.5693     12.0275     11.5509      5.3805    0.956685
    2.38099     1.61596    0.583627    0.124255     1.31193     39.6754     38.8684     13.0979     1.05119    0.710499     0.57979    0.322408     1.49125     6.08069     12.7485     19.3664     24.4506     17.9228      10.946     5.04234     1.33341    0.295605    0.315325      2.7071     13.4112     23.8006     31.6128     20.8457     4.85443     1.05788    0.614407     0.48859    0.291968
    2.73911    0.815702    0.059759    0.055085    0.875469     50.9822     41.2298     2.12907    0.180607    0.202885    0.730297   0.0313969    0.190783     1.60424     8.43598     22.3572     37.6875     20.6836     7.48549     1.29664    0.188657   0.0385239   0.0798938    0.402896     3.63597      21.195     43.2569     26.1626     3.80311    0.964573    0.245684    0.150591    0.102786
   0.358389    0.278469     5.16313     41.6352     30.8193     17.7238    0.881753   0.0938584    0.667598    0.965597     1.41296    0.558243     1.90391     4.74208     9.48608      16.579     25.5755     19.1381     12.0506     6.59682     2.69251    0.677098   0.0599522    0.351206    0.478146    0.890435     2.28507      6.3153     15.4833      17.081     23.5045     27.3612     6.18998
    1.79313     1.11358      1.2731    0.636394     2.60737     28.8037     30.7521     22.7778     7.04089     2.30594    0.895909      3.0792     6.21522     11.3738     16.1989     19.1994     19.7459     11.9572     6.58363     3.25558     1.50937    0.881803     1.95981      8.5379     18.4109     19.6702     21.5244     13.9621       4.832     2.03655     3.48665     4.17761     1.40179
     12.142     6.08152      2.6335     3.42248     11.3734     24.5517     10.4869      3.2118     2.44701     5.76731     17.8824     5.83684     7.24862     7.80245     8.61533     10.1692     12.5031     11.3334     10.5043     9.78764     8.95215     7.24695      1.7214     5.08682     8.61201     12.2692     14.8243     10.8193       18.47     14.9566     7.74516     4.07296     1.42232
   0.834478   0.0631715   0.0257407    0.144733     21.9551     74.8278     0.72469   0.0466526   0.0400031    0.110556     1.22703   0.0520397    0.118664    0.434427      3.0703      22.824     47.4226     22.1563     3.19432    0.540708    0.140106   0.0464671    0.221518    0.157492    0.218355    0.631859     4.03346     41.2268      47.966     4.91663    0.418834    0.115519   0.0935166
     1.2686   0.0256431    0.039166    0.128031     2.34028     93.3549      1.3616   0.0414508    0.030181   0.0482262     1.36195   0.0136425    0.055048    0.196346     1.24169     12.1619     73.3379     11.5329     1.21459    0.187408    0.045331   0.0131533  0.00746059   0.0346078    0.131684    0.803262     9.59652     75.0129     12.8396     1.10241    0.292454    0.126226   0.0529298
    1.70898     2.59786     2.11219     4.87263     22.4243     35.7332     12.3007     14.0277      1.2502    0.875292     2.09704      6.9204      8.1807      9.8611     11.2538     12.2825     15.3616     11.8262     8.89227     6.78767     5.20326     3.43043     17.3806     5.38396     1.84786     1.95616     5.56676     10.6001     17.8471     4.70722     2.04604     6.37486     26.2893
    4.03097    0.551175     1.88399     8.33322     18.0962     36.8177    0.524379     0.41978     1.94872      4.6102     22.7837     1.93291      3.9148     5.87246      9.1301     16.0377     27.9682     15.3111      8.6292     5.54266     3.72972     1.93113    0.176722    0.434803     0.55497    0.744442     3.08209     32.3494     30.4687     16.3372     9.67771     4.93761     1.23643
   0.576496    0.589983    0.599373     9.41645     29.3547     39.8788     14.8133     2.85388    0.514993    0.512968    0.889121     3.04885      9.5556     14.2114     15.4227     16.5682      17.085     10.7069     6.54391      3.7813     2.00214     1.07398    0.977429     3.56249     7.85657     9.63506     10.4101     8.89471     16.4972     18.6048     15.9004     5.88122        1.78
    1.69712     1.27268     1.65603     1.29901       5.056     28.9707     31.7584     19.8299     5.97241     1.12913     1.35861      1.4395     2.56927     4.53927     7.43129     12.3617     20.5999     17.3533     14.3402     11.1419     6.23083     1.99288     3.94566     11.4084      16.283     19.8473     20.3207     11.3852     6.08445     3.09675      2.4557     2.78342     2.38952
    1.80023      1.5253     2.21221      6.7736     16.0398     30.6559     21.2579     12.3109     4.04473     1.71737     1.66203     2.61831     2.94413     3.94643     5.96535     9.66417     13.6318     11.6082     9.98373     10.3988     13.3871     15.8519     2.41342     8.54071     13.4362     13.9251     12.5097     7.88699     9.09922     10.7635     10.9568     7.82814     2.64022
   0.334651    0.125557     2.25407     17.3337     27.9938     44.0308     6.74288    0.291124    0.249263    0.255898    0.388263     1.75726     5.03947     7.74805     10.6402     15.1996     20.4493     14.8405     10.6595     7.59507     4.58712     1.48391    0.196496    0.420668     0.87774     3.90938     14.7245     16.1861     21.5208     17.7019     15.0144     7.74759     1.70045
    27.3479    0.420209   0.0211753   0.0389654     1.60071     53.8611     6.08931   0.0392045   0.0354989    0.438956     10.1069   0.0472784    0.094287    0.280838     1.47482     17.0525     62.3877     17.0236     1.32372    0.238792   0.0558482   0.0205613  0.00314872   0.0252213    0.218338      2.9909     36.1906     48.0905     10.6531     1.42251    0.137611   0.0751831    0.192805
    3.24889      1.2188     2.61634     11.8621     31.8421     21.7531     1.62856     0.92149     3.31059     7.88269     13.7153     3.73816     5.75105     7.98045     10.2273     13.8177     18.0066     13.8276     10.3109     7.89544     5.73058     2.71439    0.349175    0.850375     1.34569     2.10916     3.77501     9.02708     24.7189     26.9357     18.0974     9.94759     2.84393
   0.570848    0.256709     3.87867     11.8806     22.6577     55.0882     0.77193    0.472346     1.86287     1.29834     1.26179     2.15219     3.77745     4.97402     7.03872     14.9926     35.8368     15.0924     6.78887     4.39747     3.36701     1.58251    0.270726    0.585478    0.405772    0.621348     3.29936     33.5328      26.213     12.2737     10.1101     8.64435     4.04333
   0.238056   0.0684076   0.0989708     1.71748     32.6061     64.0505    0.574726   0.0376162    0.031817   0.0874443    0.488915   0.0617953    0.369129     1.78987     9.02382     22.5171     33.9203     22.1112     8.43099      1.5047    0.231274   0.0398421   0.0208617   0.0766899    0.165834     0.52686     3.46596     37.9428     39.5806     15.1303     2.53606    0.439349    0.114626
    2.09843     1.29311    0.572564     1.19993     12.3394     49.3145     25.3815     4.58311    0.563739    0.864889     1.78879     1.77878     2.79317     4.76085     7.49933     11.6581     16.8529     16.8754     15.8154     12.6209     7.14278     2.20227     1.31158      3.8689     10.0446     17.6019     19.7614     14.6305      17.742     8.71431     3.85075     1.74838    0.725694
    1.08443    0.420959     0.32135     3.01019     19.6719     57.2415     15.7592     1.00203    0.186318    0.396841    0.905351     1.65939     4.32699     8.87913     13.1278     16.5174     19.7203     14.6626      10.025     6.41048     3.46758     1.20317     0.34127     1.29157     3.38025     10.8836     22.4406      17.742     22.7634     13.0459     5.33976     2.17292    0.598677
     1.2989    0.670936    0.141343    0.356497     9.19261     64.8541     20.8813     1.14619    0.196915    0.408231    0.852962    0.382718     1.19727     4.20332     11.6204     20.9682     28.6984     18.2934     9.36652     3.64893     1.24268    0.378163      0.1465    0.834916     3.31878      12.902      28.868     25.5453     19.9244     6.12224     1.36869     0.60102    0.368154
   0.403524    0.106815   0.0436064    0.786202     46.7132     49.9909     0.68018     0.15306   0.0791433    0.162803    0.880535    0.161789     0.16786    0.479979     3.29045      20.339     50.8424     20.4383       3.258    0.683484    0.239457   0.0992632   0.0202708    0.173162    0.355213    0.727059     2.23558     19.3366     58.3533     17.4772     1.09153     0.12776    0.102323
    31.3357     9.19879     1.30272    0.973111     3.05961     25.6595     15.2695     2.84414     0.67333     2.77317      6.9105     1.54871      4.3292     9.06881     14.5405     17.1321     18.8605     14.1381     10.3177     6.76165     2.68817    0.614602    0.280563     4.36361     13.9087     21.0358     27.4269      17.076     7.98957     3.88789     2.49649      1.2516    0.282917
   0.633703     0.88463   0.0175776     2.94205     69.6195     20.7356    0.302958   0.0178634  0.00740154     2.14034     2.69844   0.0353274   0.0367571    0.111463    0.833954     11.1699     76.3709     10.6078    0.717858   0.0912428     0.01587  0.00904989  0.00160651   0.0174521    0.148675     1.08691    0.970378     7.71303     42.8599     44.6344     2.50509   0.0493091    0.013254
     8.3648    0.289005      1.1442     1.74026     3.09912      53.411    0.243326     0.50854     4.58666     5.47228     21.1408     1.06231     1.84084     2.13641     3.00604     6.94163     69.8982     7.29205     3.02976     2.10606     1.70913    0.977574    0.109542    0.306308    0.382341    0.275662     1.66597       68.32     10.0643     5.50696     4.97217     5.28602     3.11065
   0.126096   0.0404912     0.10301     6.76377     37.8556     53.4983     0.33637   0.0539085   0.0537171    0.409288    0.759446   0.0505913    0.624232     5.50072     13.4088     19.3305     23.0664     18.9712     13.0984     5.29876    0.600307   0.0502078   0.0303052   0.0857002    0.149147    0.263559     1.64031     34.7868      35.434     20.0657     6.97491    0.487238   0.0823107
    11.6841    0.351718     6.57717     9.07354     10.3122     36.9764    0.086652    0.196449     2.65211     2.52553     19.5642     3.10008      4.2118     4.05349     4.54192     8.40157     51.3606     8.30483     4.56707     4.05039     4.17578     3.23251   0.0168929    0.145041    0.174821   0.0965398     2.30232     54.8457     13.6152     8.61435     8.57193     9.06636     2.55081
    17.0502     11.2231      4.3251     4.76336      8.1649     16.4741     9.43332     3.55356     2.54548     7.31942     15.1474     19.5525     12.2863     7.45779     6.12088     6.55591     7.62048     6.44529     5.96493     6.57158     8.91231      12.512     4.32965      6.6028     12.1227     16.7995     15.3525     6.50939     11.8029     11.6798     8.47318     5.21781     1.10985
    26.6668     11.6554     7.35388     1.29784      1.6123     22.2675     4.57353     1.92313     2.28935     3.25505     17.1053     5.92899     10.4484     12.6852     9.87832     12.4674     21.5551     10.3069     5.61391      6.2787      3.3546     1.48249     21.7456     22.9633     11.0042     5.10515     14.4452     13.6613     4.38906    0.983054    0.726946     2.20155     2.77474
   0.393704    0.122156    0.154605      5.0632     31.1861      47.216     14.4323    0.730757    0.108022    0.139645    0.453484    0.797385     2.51634     5.92812     10.6837     15.8459     21.1258     17.8756     12.9815     7.84221     3.41138    0.992146    0.204468    0.767871      3.2837     11.4084     15.6783     11.9139      22.327     22.0968     10.0158     1.92668    0.377081
    7.16658     4.27346     2.72416     1.69712     3.42411      28.945      21.422      7.6173     6.32274     7.58432     8.82319     2.63903     4.04735     6.46454     10.2652     15.5823      22.678     15.3279     10.2564     6.57258     4.00382     2.16291     3.92005     7.05379     9.70101     14.0727     21.9998     15.8492     8.19871     5.76251     4.88491     4.90031     3.65696
    5.15891     1.56223     2.21338     3.78201     12.1131     17.6657     2.83023     1.01864     5.25712     18.0559     30.3428     2.29418      5.4622     8.17713     10.3758     12.8504     16.1347     13.6927     11.7442     9.34588     6.64338     3.27955    0.446546     1.90137     2.72513     2.88337     4.22589     7.45141     14.7291      18.505     24.4271     18.7172     3.98785
   0.439317    0.109944   0.0798184     2.38975     27.4282     62.6959     5.96704    0.265898   0.0571642    0.142884    0.424134    0.337749     1.30049     4.79502     11.1044      19.037     27.4706     18.8446     10.9415     4.55929      1.3332    0.276146    0.107158    0.441029     1.21496     3.82061      17.814     22.0618     32.4829     16.3784     4.44543     1.02076    0.213048
   0.491138    0.563802     1.99433     22.8699       31.52     27.7721     9.58131     2.65726     0.80405    0.915815    0.830258     2.41401      4.2302     6.56546     9.80174     14.1456     18.6145     14.8084     11.6804      8.7101     5.82928     3.20029    0.441801     2.96666     4.89561     6.63227      7.3421     6.48541     14.2604     18.8952     23.4888     12.9408     1.65092
    2.49762    0.400304 5.72505e-05 3.52056e-05    0.219833     32.6376     62.3873    0.138902  0.00622502    0.459499     1.25259 0.000507862  0.00395672   0.0533712    0.519736     6.72858     85.3464     6.81931    0.493634   0.0285264  0.00386807  0.00210016 0.000661299   0.0454651    0.227499     19.0868     65.7908     12.2684     1.70262    0.861717   0.0143053  0.00164198 1.83924e-06
   0.922502    0.801807     21.8871     24.9357     20.4725     23.6975       2.128    0.568275     1.71873    0.949327     1.91856       2.888     5.97046     7.78228     10.0529     14.3997     21.2361     13.1924     9.08123     7.31239      5.3759     2.70869    0.398681    0.814302     0.47807     1.20069     6.36545     10.9699     12.5945     12.1082     14.8362      24.529     15.7049
     1.3194     2.26843     6.47564     10.5885      18.329      41.894     9.25911     2.80609     3.39016     1.74346     1.92623     6.42655     6.22684     6.89414     8.84371     12.6774     18.2784     12.9713     9.12628     7.26187      6.1306     5.16287     2.02909     3.08384     3.60815     5.86917     13.6575     17.4786     15.3601     11.3042     11.2316     10.6898     5.68797
   0.380487    0.166579     1.52781     22.6551     42.0606     28.6464     1.53747    0.147163     1.05593     0.94694    0.875462    0.601218     2.30562     5.53228      10.233     17.8613     29.6649     16.9191     9.35671     4.92724     2.08915    0.509483    0.055443    0.244043    0.411881     1.28531     3.55156     10.5439     26.7445     26.2369     21.7407     8.20845    0.977268
    4.83022     1.10015    0.972269     3.47664     10.9327     21.5512    0.931694    0.837519     3.62993       14.79     36.9476    0.573159     1.41826     3.99249     9.76271     18.5039     29.7587       19.32     10.0434     4.18462      1.7584    0.684283    0.512084     1.25465     1.20172     1.29228     3.68217     20.8257     26.1015     22.3411     15.4374     5.52463     1.82684
   0.646195    0.121164     0.04844    0.350078     12.2198     78.3422     7.44101    0.181629   0.0397097   0.0881137    0.521679    0.141356    0.506728     2.34934     8.96157      20.874     32.1493     21.1325     9.90963     3.02813    0.781928    0.165479    0.095186    0.215141    0.779122     4.31702     25.1345     32.0192     28.7003     7.22559     1.05568    0.285153    0.173083
   0.757824     0.59175     8.88129     21.8242      23.914     37.7867    0.672767    0.473553     1.52325     1.05583     2.51882     3.64033     7.44667     7.32052     8.27167     11.8858      21.456     12.4981     8.69062     7.59169     7.52093     3.67758    0.109881    0.337196    0.471041    0.625409     2.54732     23.8896     22.3595     15.3226     14.7219     14.5635     5.05209
    15.0812     1.74105    0.145775    0.540255     9.70368      47.483     5.60866    0.212211    0.383396     2.64559     16.4552    0.290724    0.509107     1.76447     6.51395      19.216     38.0692     21.1331     8.61956     2.66838    0.752167    0.463279   0.0484996    0.259635     1.15175     5.78923     21.3187     30.9023     27.8124     9.35816     2.11396     0.81321    0.432114
   0.475826    0.283674     4.20957     20.7327      33.108     36.0211    0.413665    0.283283     1.68239     1.09733     1.69241    0.402296     1.74675      5.2955     10.1612     17.5399     26.7604     17.9736     11.3497     6.32194     2.11129     0.33749    0.357598     0.74115    0.291953    0.462968     2.43992     21.0011     25.1709     19.7509     17.3736     9.67741     2.73248