    16.2538     4.33352    0.477447      1.7768     9.81918     34.2785     7.80382      1.0206    0.773252     5.87285      17.584     1.16247     1.75701     4.60111     9.86967     18.4397     29.3777     18.5984     9.70267      4.3405     1.45252    0.692029   0.0413003     0.51372     2.72873     8.68877     21.9078      25.489     24.0279     11.2455      4.4455    0.849605   0.0559474
    1.47696    0.166509   0.0388696    0.506974     12.8303     72.4699       10.68    0.275005   0.0248716    0.220506     1.31013    0.126746    0.416636     2.45761     9.88267     21.6211     31.7871     21.1918     9.58183     2.45775    0.415774   0.0610488  0.00286089    0.086548     0.57725     4.36333     25.5605     37.1801     25.5377     5.47039     1.05817    0.155081  0.00807422
     1.4463    0.147757     0.32137     6.87277     22.8817     64.1196    0.949567    0.022191   0.0652585    0.295817     2.87764   0.0366522     0.55348     3.09148     7.34579     16.3153     45.6216     16.2852     7.22386     2.99497    0.513051    0.018539 0.000377028   0.0218729     0.13466    0.625172     4.81621     47.6868     25.5799     13.0628     6.67824     1.38133   0.0126074
   0.348334   0.0236621  0.00118043   0.0789219     37.7201     60.3414    0.193244   0.0029512 0.000597448   0.0172066     1.27246  0.00185224  0.00445617   0.0421116    0.463056       9.776     79.4916     9.65924    0.503081   0.0453427  0.00885371  0.00439499  1.5805e-05  0.00153343   0.0139685   0.0946616     1.22859        25.8     67.5168     5.22803     0.11189  0.00436163 7.38661e-05
    15.3568   0.0163583   0.0078914     0.17315        1.03      63.701    0.524256  0.00816985  0.00300321   0.0582625     19.1211 0.000435564  0.00948722   0.0534001     0.21482     3.69766      91.949     3.79646     0.21665   0.0515614  0.00976627  0.00079639 4.92344e-05  0.00107007   0.0126178    0.164575     4.35578     89.1489     5.53451    0.536574    0.198359   0.0475598 4.54229e-05
    1.20562    0.228305    0.610845     12.4553      35.343     46.1515    0.901661   0.0499448    0.145975    0.775151     2.13278    0.102541     1.45881     6.49517     12.1351     17.8149     24.4943     17.6214     11.9866     6.39222     1.40226   0.0966518   0.0044918   0.0535663    0.261086    0.838944     3.23354     27.5172     32.7217     21.3102     11.5757     2.42308   0.0604491
    1.37416   0.0480212  0.00839278   0.0352744     1.44738     86.6895     9.54808    0.100743  0.00700693   0.0511932    0.690277   0.0252453   0.0518696     0.27802     2.72758     20.9165     51.9164     20.9213     2.80595    0.304306    0.046937  0.00584211  0.00155093   0.0372405    0.192174     2.01118     31.4905     58.0379     7.58227    0.546801   0.0885874   0.0103436  0.00140246
   0.547439  0.00695621 0.000986184   0.0517949      2.3042     95.2935     1.17596  0.00819604  0.00125999   0.0181312    0.591568  0.00281554  0.00643499   0.0496286    0.556363     12.9975     72.8232     12.9506    0.561868   0.0450051  0.00593931 0.000585063 0.000327835  0.00161829   0.0202575    0.299948     8.37272     78.1541     12.5429    0.513987    0.085256  0.00835698  0.00059053
   0.333853    0.008669  0.00400348    0.282234      11.302      86.929    0.333267  0.00648152  0.00145821    0.010775    0.788227 0.000923113  0.00982262    0.117077     0.91459     13.7904     70.3994     13.7326    0.908347    0.116361  0.00945107 0.000932025 4.02377e-05  0.00172738   0.0180633    0.135326     2.65684     61.9201      32.651     2.21788    0.365892   0.0323163 0.000848974
    1.40078    0.648776    0.257424     3.48319     22.0792     48.2028     18.7655     2.13779     0.26509     0.81248     1.94686     1.82594     4.05028     7.75231     11.5276     15.8714     19.9204     15.8591     11.3212     7.37058     3.49297     1.00824   0.0505865    0.745099     3.63447     11.5387     22.3017      17.218     24.8028     13.8384     4.80136    0.941959    0.126953
   0.664895    0.235021    0.251657     12.1155     56.1961     28.0738    0.598083    0.066548   0.0718858    0.607424     1.11904   0.0458033    0.282946     2.14392      8.3393     20.6631     37.3236      20.576     8.23659     2.05748    0.261067    0.070155  0.00181062   0.0601315    0.213859    0.655667     1.79794     9.39781     40.6815      33.355     12.4551     1.35344   0.0277441
    3.24417    0.876634    0.114765    0.301248     3.29035     55.0428     29.9284     5.06887    0.152316    0.389916     1.59046    0.361556     1.41039     5.26766     11.5387     18.4327     24.8437     18.8395     12.1076      5.5461     1.42382    0.228289   0.0444245     1.46319     6.44515     16.9697     31.4516     31.9344     8.58861     2.07596    0.769146    0.237695   0.0201356
   0.153369   0.0111476  0.00339053    0.188511     27.6248     70.9943    0.368602   0.0088656  0.00160786   0.0235098    0.621872   0.0158507   0.0251988    0.208555     3.59805     24.4261     43.6195     24.3149     3.58207    0.194888   0.0123824  0.00251151 0.000272632  0.00436792   0.0223549    0.164763     2.12102     46.1444     45.0774      6.1919    0.253848   0.0190863 0.000573991
    2.78216    0.159825   0.0055638   0.0330457    0.961021     67.9846      26.474    0.476333  0.00676217     0.11967    0.997027   0.0223956   0.0589426    0.510262     5.21068     22.0528     45.6765     20.8776     4.90664    0.596682   0.0746221   0.0128856  0.00179027   0.0598312    0.667438      7.8698     45.8665     40.3417     4.52536    0.526099      0.1227   0.0180111 0.000804387
    0.43727    0.107227   0.0455692     2.91221     47.9026     46.5619    0.702706   0.0173297   0.0184056    0.199773     1.09501   0.0235996   0.0898746    0.714729     4.72522     20.2899      48.368     20.1923     4.78043    0.713489     0.08104   0.0214444 0.000583477  0.00591134   0.0754952    0.461624       2.346     19.8258     53.3323     20.6278     3.07001    0.249084  0.00548671
    2.10711    0.938558   0.0595577   0.0883808     1.05938     41.1094     47.2441     5.74005    0.126237    0.534468    0.992762    0.113716    0.308965     1.95667     8.20701     20.6087     38.5342     20.0111     7.87296     1.88404    0.368836     0.13374   0.0782749     1.04157      7.1574     24.3405     46.2327     16.4886     3.03039     1.12304    0.424849   0.0742392  0.00846691
    0.33708   0.0664685   0.0204019     2.56995     34.0855     60.7428      1.1382   0.0232023   0.0136033    0.151466    0.851387     0.04834    0.243134     2.69491     10.9824     21.3422     29.3436     21.3601     10.9844     2.72735    0.246941   0.0266989  0.00133928   0.0175004   0.0931765    0.515578     4.18929     38.1223     37.7319      16.313     2.87389    0.140746   0.0011357
    12.1389    0.296696   0.0535136     1.02506     7.05832     51.6305     1.62224   0.0670682    0.063898    0.990516     25.0533   0.0850937    0.118833    0.556541     2.72057     16.6721      59.429     17.0489     2.73602    0.515908   0.0862076   0.0307274  0.00104813   0.0150936    0.162964    0.946824     10.3414     57.0888     25.4261     4.45782     1.32882    0.227094  0.00395844
   0.538851 0.000631985 0.000182007    0.011376    0.286531     98.3742    0.198567 0.000700479 0.000241091  0.00299563    0.585691 7.96737e-05 0.000604119  0.00422909   0.0350708     1.97932      95.953     1.98668   0.0355048  0.00446575 0.000913486 8.18316e-05 8.26639e-05 0.000177028  0.00155017   0.0322105     2.79255     94.4418     2.63049   0.0831153   0.0165376  0.00142654 7.42614e-05
    0.17687  0.00574275  0.00130316   0.0745429     15.3448     83.3355    0.552943  0.00897248  0.00060399  0.00743989    0.491338   0.0131754   0.0316309    0.242091     2.48643     23.2166     48.3935     22.9863     2.37259    0.231728   0.0226802   0.0032311 6.17944e-05   0.0026334   0.0228144    0.207399     3.90175     58.6101      34.726     2.36752    0.149418   0.0118907 0.000446082