    100.294     15.7415     34.7377       33.45    -18.2349     14.4171     19.3928      7.8109   -0.203356    -5.62059    -6.81862     5.98256     -2.1359    0.395881     2.05018    -1.71899     7.23523    -2.29704     4.27796    -1.62686     4.50765    -3.14394    -4.74121    -1.47663    -1.57873   -0.962344    0.191212    -2.63464    -1.32929   -0.266207     43.3557     28.9005     3.50948
    45.3914      53.786     38.7678     33.1003    -5.10176    -2.57431     16.0055     13.2315   -0.414611    -2.93931    -10.0512     3.20517    -4.68854    0.940095     2.73919   -0.567151     6.66084    -2.93617     3.09094    -1.91815     4.53711    -1.16174    -5.36147     -1.6921    -1.09019   -0.827317   -0.689923    -2.92603   -0.566709   -0.264445     43.3557     28.9005     3.50948
    59.4239    -31.4588     17.5833      58.299    -14.0322     6.63091     16.0701     9.77268    -0.58217    -2.12552    -17.5773     3.99083    -3.53738     1.09881     2.49502    0.612268     5.38353    -3.27173     1.94554    -2.38528     5.33166    -1.50827    -4.50885    -2.10324    -1.69281   -0.738296    -1.08168    -2.04748   -0.967413   -0.282798     43.3557     28.9005     3.50948
    28.8854     33.4553     13.1004     15.5878     7.88304     6.24347      13.476     4.64183   -0.360066    -9.98747    -17.5566     8.60955    -2.92854    0.660297     1.23991    -2.41976     6.03489    -2.86285     3.32901    -2.10755     4.84279    -2.45206    -5.25043    -1.66787    -1.24858   -0.825353   -0.758463    -2.49012   -0.952666   -0.220228     43.3557     28.9005     3.50948
    58.8498    -7.55038     40.9896     28.9159     -14.572     1.06618        16.4     12.0686    -1.55292    -5.05377    -12.8573     7.30602    -6.82015     2.01838     3.10229    -1.17247     6.90015    -2.46494     3.23075    -1.11029       3.854    -2.09655    -5.28753    -1.15434     -1.4794   -0.844212   -0.172539    -3.06632   -0.887455   -0.324833     43.3557     28.9005     3.50948
    89.2077     47.1099     41.2078     33.8458    -1.74282      5.1202     4.82873     16.4101   -0.816054     -2.5909    -10.2335      6.6942    -3.77894     0.74318   -0.208797    0.563778     6.09727    -3.72631     3.23206    -2.16711      5.1564    -3.15354    -4.65679    -1.58727    -1.31467    -1.02941   -0.649558    -2.09751    -1.45718   -0.205507     43.3557     28.9005     3.50948
    18.8745      48.762     35.3794     33.4018    -9.82848   -0.197402     11.5535     2.60472    0.134226   -0.445969    -13.5505     8.16561    -3.94453    0.935174     4.14579   -0.533406     6.84054    -3.62176     3.01995    -1.84685     4.85935    -2.77055    -5.05821    -1.61852    -1.60296    -1.05627   -0.572069    -2.23449    -1.29571   -0.193695     43.3557     28.9005     3.50948
    76.4547     3.58398      47.673     42.0086    -18.4392     22.1801     18.3136     4.31974   0.0629846    -6.58724    -6.19445     7.51004    -2.23864    0.186934     3.65946    -2.62188     8.16898    -1.29554     4.64105    -1.28456     3.49441    -3.16353    -4.99497    -1.22966     -1.6679   -0.921636    0.621457    -3.15349    -1.21892   -0.289603     43.3557     28.9005     3.50948
    62.9237     54.4431     36.9797       53.15     5.55334     5.78295    -4.59997     9.96377   -0.376912     1.87496    -12.5664     8.24616    -3.38609    0.580107     2.63528     1.61816     7.66992    -2.81432     2.82061    -1.78959      4.3221    -2.58122    -4.84863    -1.36948     -1.0068   -0.896601   -0.249416    -2.37422    -1.06106   -0.217224     43.3557     28.9005     3.50948
     5.5698     43.8461     5.52257     29.9564    -20.9321     8.42841     11.5253      13.557   -0.114812    -2.25767    -12.7837     11.3187    -3.10876    0.266014     2.74479   -0.881119     5.92953    -3.76823     3.10895    -1.47653      4.2883     -2.3728    -5.27213       -1.32    -1.91769   -0.891206   -0.730347    -2.37477   -0.985121   -0.316997     43.3557     28.9005     3.50948
    39.7663     11.4333     23.8262     20.4264     8.68182     7.08131     21.0006     4.99921    -1.68858    -2.89978    -10.2654     10.6865    -5.38895      1.8235     2.95399    -1.03887     5.93989    -3.77077     3.21671    -1.89799     4.65974    -2.16918    -5.21438    -1.84408   -0.986179   -0.503846    -0.85227    -2.59022    -1.04698   -0.199772     43.3557     28.9005     3.50948
    25.9249     6.84493     37.4272     28.2455    -14.7877    -4.69669     7.73645     3.09116    -1.34411    -4.21628    -12.4885     10.8207    -7.50992     3.17384     0.81379    -1.62174     8.50913    -4.24588      3.8884     -1.4093     4.51391     -3.3731    -4.78384   -0.754348     -1.7397    -1.09599   -0.129508    -2.83362    -1.23403   -0.441839     43.3557     28.9005     3.50948
    60.3333     -52.914    -9.52437     85.2552    -17.4717    -2.58858     6.82261     8.09083    -1.65177     1.04305    -30.4401     2.04286    -7.45135     2.24236    0.764466     3.43366     3.50296    -6.00822   -0.360074    -2.24666     5.55158   -0.903245    -4.55241    -0.57615    -1.15009   -0.938162    -2.49537    -1.82568    -1.54103   -0.172066     43.3557     28.9005     3.50948
    69.2534      47.339     36.5408     31.4083    -7.14518     2.04604     10.6779     12.5274    -0.82823    -3.94036    -9.98151      6.4477    -4.31668     1.14203     1.50239   -0.445263     6.18953    -3.92732       2.828    -1.88287     5.12865    -2.55535    -5.08673    -1.75506    -1.27733   -0.927893   -0.873692    -2.25374    -1.11836    -0.22611     43.3557     28.9005     3.50948
    56.2177     30.0554     53.4619     40.6528    -5.53251     12.5808     5.39011     6.02877    -2.35425    -4.17723     -9.6061     10.5379     -4.8728     1.41851     4.71474    -1.82797     6.62697    -3.67761     2.59817    -1.34959     4.46716    -2.29397    -5.93214    -1.64122    -1.28186   -0.769575   -0.631545    -2.63465   -0.843151   -0.337097     43.3557     28.9005     3.50948
    35.8971     46.4314     40.4479     43.2028    -2.70435     3.29836     5.76521     5.79069   -0.302025   -0.888752    -11.9031     7.48651    -4.46985    0.432523      4.2925   -0.158446     7.64835    -3.08779     2.71236    -1.65108     4.55805     -1.8811    -5.49773    -1.83063    -1.29352   -0.748316   -0.545811    -2.62229   -0.968193   -0.345058     43.3557     28.9005     3.50948
    32.2644     47.9468     28.9698     20.2444    -13.4831   -0.196106     16.7455     9.88013   -0.321369     -1.6665    -14.6064     9.03208    -3.08507    0.248514     3.64206   -0.732543     4.68065    -3.49677     2.73284     -1.9139     4.50068    -3.04806    -4.36984    -1.60201    -1.80265   -0.988985   -0.177838    -2.06145    -1.79264   -0.192943     43.3557     28.9005     3.50948
     76.225     42.0549     54.5293     26.1287    -2.95659     7.06827     8.54666     15.0904    0.290827    -4.22108     -10.029     7.74489    -4.29869     1.72404     1.96801   -0.462403     5.52448    -4.15073     2.41393     -1.9276     5.16432     -2.1798    -5.45256    -1.82931    -1.15315   -0.839438    -1.02643    -2.26077   -0.963573   -0.280638     43.3557     28.9005     3.50948
    101.372     31.6068     47.7996     12.5557    -12.7863     4.68347     19.8625     16.8405    -1.95368      -6.354     -8.4042     4.96983    -4.31545    0.521222     0.54556    -1.07015     5.48095    -3.65555     3.31302    -2.01953     5.07556    -2.38604    -4.72416    -1.63944    -1.32718   -0.984356   -0.641111    -2.40668    -1.15123   -0.251516     43.3557     28.9005     3.50948
    105.148     42.5815     36.5517     29.6649    -7.11331     4.77184     6.38474     14.1805   -0.831034    -4.36791     -9.7576     7.89472    -4.46497    0.955869    0.729466   -0.488097     5.48006    -4.33982     2.93418    -2.16707     5.27778    -2.90276    -4.99948    -1.68287    -1.33641     -1.0385   -0.900599    -1.98263    -1.34112   -0.220863     43.3557     28.9005     3.50948
    32.2542     66.1159     13.1248     73.2635     4.69525    -2.77544     1.01049     6.34022   0.0560014     3.29732    -11.8972      2.5453    -2.59553    0.451488     1.74586      1.4219      9.4494    -0.65311     5.01415    -1.84143      3.8674    -2.90166    -4.25185    -1.23404    -1.36613   -0.965203    0.597427    -2.93096    -1.43756   -0.141982     43.3557     28.9005     3.50948
    49.3565    -28.9991      34.721     38.1597    -15.0891      -4.464     18.4003     20.9912   -0.760401    -5.24061    -19.0447     3.11712    -8.85195     3.31116   -0.367944    0.353732     5.34145    -4.13776     2.15932   -0.909802     3.84895    -1.73302    -5.12009   0.0860784    -1.05684   -0.991159    -1.15695    -3.05042    -1.18439   -0.269025     43.3557     28.9005     3.50948
    50.9998     28.9464     11.0754     22.7097     36.6531     10.4325     18.0818     11.4903   -0.371209    -16.8691     -23.694     9.80845   -0.375043   -0.285865     1.39404    -8.49067     11.4345    -2.13895      2.3765    -1.70458     4.18542    -2.91522    -4.79826    -1.02783    -2.58744    -1.12317     -1.2412    -2.14855   -0.899978   -0.224049     43.3557     28.9005     3.50948
    84.8231     6.06873     10.7284     34.4576     5.77831     14.3244     29.4624     9.74781   -0.322254     8.35229    -3.26703     9.34811    -3.50212    0.881975      1.3227 -0.00292041     6.28326    -7.19677     3.08616    -1.48313     5.53586     -3.1522    -6.55971    -2.15935    -1.07115    -1.02193    0.122884    -2.41058    -1.38185   -0.238041     43.3557     28.9005     3.50948
    11.5862     2.81482     4.10014     20.6681      2.9036    -1.03302     6.71992     8.17691    -1.59966    -5.51834     1.63598     11.9156    -5.87354     1.98435     6.74925     1.90145     2.67445     5.06759     2.59945    -6.51171     6.06918    -1.48639    0.913621    -1.40075    -2.36392   -0.543225    -3.22622    -1.84992   -0.990023   -0.272236     43.3557     28.9005     3.50948
     41.808     33.8844     38.2662      41.543    -13.2783     5.99783     13.9283     4.87719    -1.84084    -9.98387    -5.71629     9.70934    -6.60977     1.99582     3.73795    -4.36549      5.6823    -5.61102     2.40096      -1.604     5.51213    -2.35549    -6.46293    -1.68308    -1.48465   -0.911861    -1.24481    -1.99931    -0.88313   -0.236269     43.3557     28.9005     3.50948
    8.56511     22.8362   -0.590707     8.32549    -14.5543     17.9461   -0.395983     10.5395    0.379247      2.1705    -9.28003    -6.54227    -10.5675     4.01097      5.0027    -7.35638     8.35375    -1.87147     -1.7992    -5.08575     5.64076    -7.06221     -5.5556    -2.65761    0.706569   -0.987657    0.329176     -3.0472    -1.39992   -0.155734     43.3557     28.9005     3.50948
    74.6178    -35.9752     13.9746     74.2083    -22.5637     15.8789     16.2886     1.49199   -0.826478   -0.884481    -21.8848    0.400925    0.765045    -1.12111     3.71147     1.79638     4.99092    -3.96912    0.715907    -3.46052     6.30731   -0.689388    -4.53874    -3.04938    -1.83726   -0.802698    -1.27644    -1.55672   -0.859336   -0.230118     43.3557     28.9005     3.50948
    31.7306     11.6268    -22.6628     56.8611     9.69794     5.89945     9.62424      4.2337    0.212129    -20.1979     -7.1576      14.374    -11.3423     3.54743     4.89474     1.12863    -5.27146    -1.99504     6.21831    -3.65531     6.45611    -3.12689    -2.16945    -3.01939     4.28727    -1.02165    0.652656    -3.46205     -2.2551   -0.260613     43.3557     28.9005     3.50948
    131.815     31.0721    -18.4969     21.4338      4.5492    -3.66645      21.852      8.5807   -0.769019     1.46007    -13.9857     7.87602    -3.53481    0.848633     2.50023    -1.40677     8.49273    -4.35258     2.67428    -1.36753     4.64727    -2.28518    -5.54374    -1.61972    -1.48623   -0.891349   -0.492325     -2.5916    -1.03866   -0.276004     43.3557     28.9005     3.50948
    78.2508    -11.0573     39.8274     41.1633    -18.0071     15.2492     24.6667     13.3344   -0.640752     -5.1984    -12.2191    0.633611   -0.339239   -0.405424   -0.102021   0.0632369      5.1784    -3.59926     2.82653    -2.92448     6.03651    -2.11476    -4.15304    -2.35285    -1.85667   -0.971841   -0.558988    -1.89848    -1.17016   -0.235825     43.3557     28.9005     3.50948
     31.445     -19.945     28.9167     21.9868     -9.7448    -14.0592     6.38965     13.0913  -0.0954274    -2.52132    -9.37783     6.90887    0.644425    -1.44195     5.30604    -2.12249     6.13878     -1.9386     6.05536    -1.23871     4.07648    -5.43537    -7.93458    -3.49879   -0.352704   -0.994898   -0.661515    -1.71767   -0.469128   -0.246024     43.3557     28.9005     3.50948
     36.786     -32.966     15.3964     46.7897    -7.82146    -8.89814     11.7279     20.1535    -1.63933    -2.42699    -12.6537     10.4981    -14.5616        4.49    -1.69713    0.176746     6.20261    -3.79963     3.90049   -0.524785     3.06926    -3.49475     -4.4997    0.716527    -1.10217    -1.02167   -0.524062    -3.08507    -1.69969   -0.260147     43.3557     28.9005     3.50948
    121.946     27.5378    -29.6735     18.5851     15.9935    -4.03474     27.1563     9.66312   -0.932101     4.01226    -14.5937     8.03629    -3.32775    0.818511      1.9069    -1.35896     9.03096    -5.39023     2.41493     -1.2054     4.82546    -2.33421    -5.87173    -1.75991    -1.52899   -0.888099   -0.471096    -2.58833    -1.03305   -0.272729     43.3557     28.9005     3.50948
     60.059     6.02986     29.9588     20.8398    -11.0382     -5.9899     4.71936     10.3762    -1.81116      -5.147    -7.69172     6.69004   -0.226286   -0.442765     3.65292   -0.935465       6.347    -4.70512     3.24998    -2.26815      5.2847    -2.55872    -4.63386    -1.64263    -1.45329    -1.08871   -0.415868    -3.08862    -1.16603   -0.362125     43.3557     28.9005     3.50948
    70.6386     4.05042     3.08035      23.169    0.630303    -4.02406     17.6683     12.2056   -0.617208     5.95859    0.387833     12.4408    -6.35555     2.28745     5.01064   -0.738826     5.44893   -0.393123     2.69536     -3.5791     5.57243    -2.30659    -3.33512    -2.01423    -2.17875   -0.740342    -2.24937    -1.84654   -0.934669   -0.316428     43.3557     28.9005     3.50948
    16.2433     31.7474     28.3101     36.6774    -17.4316    -3.25485     15.7287     3.51837   -0.241288    -8.46242    -7.73395     9.20649    -6.58856     1.89331     2.27605    -2.85363     7.62276    -5.26282     2.48733     -1.7016     4.97691    -2.89414     -5.5983    -1.50987    -1.71451     -1.1741   -0.749964    -2.13668    -1.24429    -0.15529     43.3557     28.9005     3.50948
    53.8511     25.7082     15.7421     46.5709     15.2681     11.8405     9.93654     6.84678    -1.15324    0.851859    -9.87317     11.5433    -4.65942     1.10118     3.42419    -1.10781     7.79643    -3.80477     3.10578     -1.0517      4.2993    -3.08205    -5.36189    -1.92983    -1.10724   -0.860742   -0.490896    -2.58233    -1.36091   -0.309275     43.3557     28.9005     3.50948
    36.1651     29.8329     46.2077     28.9696    -13.2776     4.32377     14.7887   -0.361554     0.45022    -2.04375    -12.5027     8.16873    -4.17319    0.895424      4.6649    -1.16399      7.3925    -3.29741     3.32215    -1.76407     4.78808    -2.49883    -5.17135    -1.49022    -1.55513   -0.917758   -0.427272    -2.36323    -1.37073   -0.393606     43.3557     28.9005     3.50948
     111.49      22.178   -0.287343     30.5628    0.266588     4.12811     20.6436     8.33025    -0.28156     7.30024    -5.31369      10.626    -5.12158     1.68396     2.90381    0.278775     6.28887     -5.9935     2.67462    -1.45864     5.21378     -2.5659    -6.21474     -2.1712    -1.11815   -0.873593   -0.515679    -2.35479    -1.09549   -0.263139     43.3557     28.9005     3.50948
    123.768     35.5022      34.348     15.6363    -15.6245     2.43577       17.43     16.3001    0.577268    -6.77363    -8.37426     5.09692    -3.57963     1.92223    -0.21954    -1.05162     5.41288    -3.44123     3.56315    -1.74588       5.521     -2.8923     -4.5241    -1.46308    -1.42018   -0.829123   -0.578433    -2.20107    -1.37605   -0.316316     43.3557     28.9005     3.50948
    44.3119      45.275     42.0382       13.68      -12.01    -3.08636      15.047    0.548011   -0.904612     1.33729    -15.4737     6.42412    -2.42683     1.38811    -0.11099  -0.0338143     5.51715    -3.66705     4.58031    -2.54194     5.13142    -3.74601    -4.05226    -1.38996    -1.63662    -1.07135   -0.903636    -2.73713   -0.696887    -0.42716     43.3557     28.9005     3.50948
     82.847     27.6144     19.0052     27.6874     14.7709     10.3521      17.631     12.8465    -1.34148    -4.58225    -13.1637     8.52528    -2.12942  -0.0321089     0.53361    -2.99773     8.46634    -4.03026     3.09867    -1.79701     4.79796    -3.33105    -5.05648    -1.49816    -1.85984    -1.08035   -0.557609    -2.21791    -1.30195   -0.211119     43.3557     28.9005     3.50948
    64.2359     20.7056     50.7293     28.2451    -12.4538      9.8066     15.9386     7.17979   -0.852565    -4.91536    -10.1343     7.60479    -4.22241     1.24003     4.44463    -1.47426     6.88049     -3.0868     2.78262    -1.55828     4.39514    -1.88212    -5.43848    -1.66247    -1.33159   -0.826558   -0.518459    -2.63486   -0.890262   -0.269584     43.3557     28.9005     3.50948
    38.0227    -18.7203     37.7687     27.0759    -13.1425     -9.7271     11.0459     12.2356   0.0888441    -3.22489    -16.6899      8.2397    -7.99033     1.51987     3.15375   -0.720685     6.54931    -2.74098     3.63653     -1.4145     4.23976    -3.10096    -5.31917    -1.44613    -1.37757   -0.914556   -0.300854    -2.17757    -1.19729   -0.341505     43.3557     28.9005     3.50948
    24.1728    -12.7394     15.7344     19.8795     6.23748    -1.28356     18.9098     6.77931     1.67514     8.76039     1.83541     16.2967    -8.98213     2.53481     4.52848   -0.492997     6.54455    -1.47264     3.42988    -2.95109     5.37566    -2.40657     -2.8476    -1.52256    -2.40874   -0.818864   -0.971533    -2.68865   -0.827656   -0.149021     43.3557     28.9005     3.50948
    22.7929     55.0856     27.5523     36.6641     -9.7349    -4.42138     18.9089      9.9096   -0.935355    -3.99824    -10.1178      4.5187    -4.60896     1.19759     4.10626    -1.50382     6.15533    -3.21124     2.56226    -1.63951     4.50043    -1.08623    -5.68157    -1.84556    -1.22343   -0.668189   -0.669074    -2.85494   -0.611571   -0.325619     43.3557     28.9005     3.50948
    118.335     42.6231     25.4509     34.4161    -10.3892     3.33699     3.33593     8.99731   -0.439195    -3.32132    -10.9381     9.33886    -4.71581     1.09537     2.86457   -0.525162     5.90533    -3.98785     2.67631    -1.93613     4.86491    -2.54906    -5.34778    -1.71325    -1.25144   -0.951892   -0.881055    -2.18478     -1.1797   -0.236789     43.3557     28.9005     3.50948
    18.4079     66.4058    -30.8457     87.0187    -12.2108    -11.5435     14.8714    -3.74194     1.41844    -8.32802    -4.91791     2.02728    -6.03003     2.49655     2.76863    -6.14104      3.5785    -3.20838     6.85752     -2.1173     6.13888    -2.71088      -4.104    -1.52444    -1.06808   -0.995969    0.107467     -2.2202    -1.51702   -0.191202     43.3557     28.9005     3.50948
    107.047     37.3779     14.1968     26.8243     -16.591     1.14715     9.51229     8.82393   -0.261424     -3.6599    -10.7682     7.01877    -4.73632     1.35969     2.81007   -0.814843     6.96542    -3.34674     3.05255    -1.83519     4.93006     -2.4929    -5.06512     -1.7615    -1.15693   -0.933832   -0.664093     -2.4634    -1.05929   -0.286173     43.3557     28.9005     3.50948
    133.679     31.7298     19.3283     27.7591    -19.6379     3.01172     12.9311     8.26843   -0.684602    -4.92239    -9.85714     6.78548    -3.97184    0.717874      2.6187    -1.13377     6.61397    -2.67807     3.61175    -1.76622     4.41449    -2.55203    -4.79763    -1.49371     -1.3864    -0.97632   -0.307187    -2.58468    -1.19742   -0.252467     43.3557     28.9005     3.50948
    135.069     34.8254     -1.5047     24.7858    -7.79714    -1.68942     14.7485     7.61434   -0.515726    -2.12973    -12.3711     7.88933    -4.22654     1.02235      3.1032   -0.924201     7.14829    -3.73756     2.91944     -1.5905     4.60377    -2.25026    -5.28786    -1.69331    -1.36451   -0.915021   -0.558808    -2.52472    -1.06177   -0.269339     43.3557     28.9005     3.50948
    101.477     43.9644     35.2011     39.5295    -3.46377     7.27596    -1.44609     9.93464   -0.756334    -2.79857    -11.1905     10.6752    -4.79196    0.958932     2.66833   -0.477807     5.73201    -4.52269     2.35972    -2.03893     4.99188    -2.77768     -5.5177    -1.82515    -1.24474   -0.962612    -1.07655    -1.99514    -1.23647   -0.214787     43.3557     28.9005     3.50948
    17.3477     49.2545     18.4894     28.9313    -15.3202     2.28687     15.1365     12.0072    -1.08687    -2.39626    -12.7899     9.01823    -3.37086    0.581112     4.25843    -1.22413     5.39767     -3.3905     2.08503    -1.49351     4.20151    -2.24513    -5.08983    -1.64763    -1.66201     -0.7917   -0.404732    -2.45531     -1.2512   -0.286074     43.3557     28.9005     3.50948
     92.682     29.8146    -3.42072     17.1778     2.01054     3.23393     12.3785      6.7977   -0.646702    -8.50879    -13.5142     5.29322    -4.61702    0.832988     3.30339     1.25964     6.56452    -3.97411        3.97   -0.971847     4.35581    -2.27155    -5.14655    -2.08013    -2.31769   -0.900857    -0.50925     -2.5735    -1.04895   -0.256848     43.3557     28.9005     3.50948
    51.3137      45.852     49.0838     23.1877    -5.33367   -0.285594     11.9231     6.96692   -0.389272    -1.04368    -13.3744     6.91075    -4.71525     1.39166     4.72139   -0.149998     6.67763    -3.48683     2.58996    -1.89141     4.64221    -1.66111    -5.40736    -1.80298    -1.17795   -0.832779   -0.846834    -2.51639   -0.952313   -0.284149     43.3557     28.9005     3.50948
    14.6481     10.0145     21.7698     15.8271    -13.8183    -1.73066     1.83732     0.67868    -1.23422    -2.83356    -6.55541     5.02183    -1.62155     1.15582    -3.16445    -1.87818      7.7306    -4.20091     1.42346     0.20731     1.99457    0.319297    -4.12315    -2.46609    0.047175   -0.216418   -0.451605    -1.32977    -1.61136  -0.0390621     43.3557     28.9005     3.50948
    124.575     15.1134     19.5698     43.9122    -22.3707     16.0521     15.0701    -1.06414    0.293143    -4.12032    -8.20106     7.81564    -1.12144   -0.272808       5.333    -2.02968     8.77882   -0.487687     4.70026    -1.35457     3.32474    -2.97782    -4.80314    -1.54305    -1.66219   -0.876362    0.798086    -3.16267    -1.18341   -0.286476     43.3557     28.9005     3.50948
    78.0776    -17.4234     25.9767     56.0234     -15.786     22.0505     22.8931     3.30428   -0.476268    -1.11234    -9.78743     4.93439    -0.63849   -0.586183      3.0255   -0.488844     6.61907    -2.99271     3.53073    -2.20589     4.80274    -2.55261    -4.79987     -2.1085    -1.57157   -0.931629    0.181865    -2.53151    -1.27406   -0.221941     43.3557     28.9005     3.50948
    1.58491     46.9895     11.3581     36.9993    -21.1589    -2.12519      20.222     6.73012   -0.646449    -7.25518    -8.03905     7.62468    -4.41198     1.17154     1.08581  -0.0619753     8.48734    -4.33239     2.16641    -1.75811     4.78434    -3.26306    -5.75465    -1.56663    -1.63833    -1.02555    -1.22251    -2.12326    -1.00674   -0.250152     43.3557     28.9005     3.50948
    60.0559     53.7639     41.8582     38.1331     2.46151     1.93432     8.82407     18.4045   -0.656568   -0.854427    -10.2758     2.99149    -2.78671    0.658064    -1.08567     1.53649     7.33774    -2.33973     3.92128    -1.98703     4.91687    -3.00514    -4.12816    -1.32079    -1.27015   -0.913278  -0.0900001    -2.46787    -1.38917   -0.250009     43.3557     28.9005     3.50948
    144.957     38.0254     12.2167     26.7981    -19.3606   -0.919579     10.1309     7.46856   -0.546611    -4.14331    -11.0458     7.46545    -4.47415    0.987172     3.16466   -0.825962     6.33376     -3.0191     3.20036    -1.78485     4.52828    -2.29511    -4.96228    -1.58108    -1.29961   -0.941164   -0.552838    -2.49043    -1.13088   -0.259753     43.3557     28.9005     3.50948
    76.5573     40.1585     50.9045     8.60203    -10.3926    -1.26004     16.7073     8.99991    -1.18872    -2.46018    -13.1137      5.7378    -4.69514    0.631077     3.01413   -0.242039     6.01545     -3.8923     2.80537    -1.89564     5.03279    -2.44523    -4.51817    -1.88788    -1.28217    -1.02591   -0.962411    -2.28171    -1.23443   -0.208421     43.3557     28.9005     3.50948
    6.30498     20.7875     17.4306     22.8482    -22.6963    -0.25787     8.59207     5.37672   -0.160467    -4.47643    -10.7469     11.8771    -4.47149     1.25714    -1.67263   -0.161908     9.95448    -4.49549     2.92859    -1.73573     5.11557    -2.65705    -5.20409    -1.65763    -1.66452   -0.735915   -0.804982    -2.73965   -0.951061   -0.212681     43.3557     28.9005     3.50948
    39.3112     47.3601     25.0305     34.3175    -13.7762     1.91958     15.9635     11.2856    -0.36854    -5.59545    -9.07006     7.61585    -4.16551    0.911772     2.67488    -0.71078     6.78675    -3.91555     2.03934    -1.84418     4.36288    -2.34818    -5.67592    -1.82423    -1.41521   -0.921292    -1.01091    -2.36198   -0.890151    -0.28736     43.3557     28.9005     3.50948
    89.7443      28.421     43.4956     34.9809    -10.3468     11.6193     8.63427      9.9484    -1.51051    -5.90746    -8.22735     9.31824    -4.51274    0.335347     2.43641    -1.72134     6.31531    -3.88198     3.08977    -2.01789      4.5448    -2.85471    -5.35231    -1.68482    -1.44621    -1.10017   -0.545828    -2.33001     -1.1489   -0.189495     43.3557     28.9005     3.50948
    27.8624      27.942     7.23566     7.04315    -11.2258     11.1527     2.67182     5.11755   -0.244882    -0.16077    -9.78562    -2.14856    -6.82473     2.25933   -0.671958    -2.10749     4.67075    -2.51494    0.601303    -3.17273     3.85352    -3.09178    -8.23374    -1.43443    -2.36063   -0.763661   -0.458681    -2.15401    -0.86111   -0.247842     43.3557     28.9005     3.50948
    -2.9635     32.0636    -7.56199     14.0071    -24.3111     21.8665     2.83042     22.4987    -2.30838     2.23648    -15.1331     7.72469    -5.79494     1.90355     6.78065    -5.67445     8.36645    -4.21588     8.61487   -0.459868     6.80808     1.88847    -3.95688    -1.92199   -0.308989    -1.04353    -0.72436    -2.07039    -1.70888   -0.209264     43.3557     28.9005     3.50948
    19.4482     31.0266     15.4745     10.3255    -5.47532     5.87209     9.49045    -0.50728    0.490753    -7.71785    -12.4109     6.26151    -5.87819    0.778237     1.07027     6.67356     2.98107    -3.38252     5.93437     -2.2832     6.10279     -2.2894    -4.70574    -2.86622     1.19995    -0.87698    0.132927    -3.37587    -1.02094   -0.256954     43.3557     28.9005     3.50948
    45.6894     7.88316     46.9152     35.5861    -12.4511     6.51736      13.073     5.93695     1.75285    -4.24313    -12.6985     8.36255    -5.79639      2.2329       4.343    -1.51421     7.12071    -3.44281     2.79741    -1.56192       3.768    -1.84348    -5.52084     -1.3335    -1.35242    -1.14409   -0.503303    -2.85753   -0.965345   -0.181767     43.3557     28.9005     3.50948
    115.046     27.5803      28.113     30.3306    -16.0159     7.52462     13.6104     8.59407   -0.400038    -5.42253    -9.26582     7.28701    -3.50794    0.914613     2.47756    -1.52484     6.70436    -2.82348     3.58261    -1.64427     4.56025    -2.73458    -4.97249    -1.49184    -1.44287   -0.888208   -0.313949    -2.54166    -1.19879     -0.2897     43.3557     28.9005     3.50948
    21.1722     31.1069     29.6976     27.2288    -19.1356     5.95134     13.8276     3.08983  0.00785788    -2.35592    -12.4808     9.80406    -3.28302    0.515714     1.92227   -0.770218     7.35876    -3.80625     3.20263    -1.52649     4.75437    -3.24246    -4.90836    -1.48075    -1.63178   -0.897996   -0.839454    -2.56558   -0.949434   -0.212109     43.3557     28.9005     3.50948
    15.6143    -20.1064     14.2077     18.3218    -6.53205    -18.5999    -3.80066      12.969   -0.933124     -4.1946    0.679074     5.14577     9.84856    -4.09641     8.62079    -2.80554     5.77755     -4.8035     4.25383   -0.510135      3.9022    -4.02556    -7.04006    0.726275   -0.161223    -1.40165    -1.38765    -2.92738    -1.36466   -0.347797     43.3557     28.9005     3.50948
    84.2325     43.3918     24.0563     27.8427    -13.8619     1.53898     10.4943     10.0866    -1.19875    -3.82688    -10.6755      7.9543    -4.53017    0.747743     2.02275   -0.361603     6.26463    -3.84371     2.91023    -1.96621     5.04249    -2.58468    -5.18684    -1.66328    -1.25326   -0.936023   -0.934412    -2.26704    -1.05432   -0.267099     43.3557     28.9005     3.50948
    30.1293     52.8082     33.8985     24.3748    -10.9814    -5.27341      19.486     7.91827   -0.548926    -1.85588    -13.3399     5.65518    -4.32719    0.820349      5.4153   -0.451512     6.21673    -2.98328     2.47394    -1.82508     4.42834    -1.66845    -5.13905    -1.67779     -1.3486   -0.847552   -0.370635    -2.34918    -1.40081   -0.249573     43.3557     28.9005     3.50948
    77.9147     45.7586      45.497     44.3368      3.0331     10.3419    -5.38035     10.5402    0.666904    -3.07966    -11.2585     12.1504    -4.75373     1.77164     2.88744    -0.66296     5.49607     -5.1118     1.91848    -2.00353     5.33851    -2.77381    -5.92697    -1.93671    -1.24546   -0.881513    -1.27716    -1.83755    -1.15576   -0.223731     43.3557     28.9005     3.50948
    20.4147    -6.85114     28.6574     20.8089    -15.7808    -15.1814    -0.99579     8.24072   -0.109399     -6.3639     -8.3479     11.2318    -2.35881    0.200656   -0.523314    -2.10177     10.8685    -6.50331     1.16742    -3.43006      8.0627  -0.0859216    -3.19822     -2.9579    -2.94881   -0.421073     1.70949    -3.43937    -1.26877   -0.244971     43.3557     28.9005     3.50948
    151.834     39.4655     7.68324     26.4103    -20.5456    -2.88912     9.62541     6.57803   -0.395835    -3.64244    -11.6376     7.54674    -4.62961     1.11601     3.62827   -0.661776     6.36529    -2.94594      3.0822    -1.73088     4.46471    -2.11209    -5.01361    -1.60061    -1.26159   -0.907958   -0.580076    -2.54289    -1.07614   -0.271428     43.3557     28.9005     3.50948
    26.3964    -35.6211      18.935     35.7155     -9.7342    -17.3711     5.00698     18.9687    -1.69244    -3.72057    -12.3263     7.40869    -4.03922     1.31892     3.78773    -1.28159     6.08101    -2.46042     3.37487    -2.53308     5.12798    -3.32622    -5.28516    -2.07372    -1.75548    -1.09016   -0.759906     -2.2383    -1.27265   -0.203692     43.3557     28.9005     3.50948
    87.8628     9.52057     49.9818     26.6215     -17.278     14.5232     23.6909     13.1072   -0.248234    -7.22292     -7.7151     3.89189    -1.93276    0.670341    0.915719    -1.59187     6.33888    -2.40464     3.96812    -1.82104     4.83118    -2.69265    -4.50817    -1.59682    -1.61416   -0.908353  -0.0247454    -2.63734    -1.18009   -0.260648     43.3557     28.9005     3.50948
   -5.67845     50.2707     -8.2866     40.9204    -24.5953     4.29902     19.6565     17.2585    -1.29036    -7.97276    -7.07903     9.65385    -2.48328    0.101562   -0.161612     2.43524     8.62302    -3.03656     1.25842    -1.52401      3.5658    -3.41353    -5.62717    -1.71903    -1.44478   -0.858592   -0.877867    -2.59354   -0.856294   -0.239326     43.3557     28.9005     3.50948
    28.1317     43.5159     20.3644     18.8382     -18.826      5.0427      14.405      11.732    -1.57491    -1.03658     -15.234     11.8864    -1.82912    0.661046     2.78703   -0.796155     4.54895    -3.56907     2.76304    -1.57042     4.54478    -3.60798    -4.27428    -1.48805    -2.09993    -1.15328   -0.322465    -2.15886    -1.53784   -0.112737     43.3557     28.9005     3.50948
    11.2144     50.0259    -35.3336     57.0732    -27.5054     14.1253     6.42794     21.0185   -0.997725    -4.05991    -11.7402     18.2296    0.124993    -0.82761     0.99095   -0.790396     3.36894    -2.59128     1.39748   -0.841177     2.21259     -3.4406    -4.74536    -2.02459    -2.17927   -0.627862    0.198206    -3.26373   -0.689942   -0.331266     43.3557     28.9005     3.50948
    15.8228     23.2474    0.747941     15.5723     17.1336       10.56     15.2294     4.04065    -1.34384    -24.5647    -15.8032     12.3042    -4.49078    0.583131      3.7318    0.723636     6.56901    -3.76689     2.31227    -2.87238     5.50013    -2.69569    -5.15439    -2.73136     1.08134   -0.972313   -0.755683    -2.48977    -1.35893   -0.339407     43.3557     28.9005     3.50948
    49.7463    -7.36775     13.9208     37.3395     10.4184     14.4139     29.8793     9.09609   -0.391164     10.8286    -1.10785     12.2967    -6.89671     1.94698     2.69476    0.471024      5.8411    -6.78226     3.25134   -0.955358     4.67363    -2.91187    -6.59094    -2.07782    -0.54586   -0.851969   -0.139003    -2.83691     -1.2406   -0.200831     43.3557     28.9005     3.50948
   0.682633     30.3758    -1.18789     13.5362    -13.4789     13.7531     5.70261     10.7183   -0.448834    -3.67139    -13.3372     6.54311     -5.2258     1.32405     3.56799    -1.81859     6.23697    -3.45243     3.57894     -2.3252     5.35617    -2.60007    -5.24487    -1.61301    -1.29908   -0.966239    -0.57005    -2.36353    -1.12302   -0.277441     43.3557     28.9005     3.50948
    99.5747     31.3987     -2.2526      23.677     17.8593     4.25365     16.8784     9.48428   -0.272144     -10.773    -21.3065     7.42696   -0.526966    0.172629      1.8103    -5.24056     11.5082   -0.959313     3.31228    -1.26368     3.70555    -3.03482    -4.27439   -0.900564    -2.46865   -0.872159   -0.572412    -2.60067    -1.09185   -0.262879     43.3557     28.9005     3.50948
    17.7359     17.2585    -1.30553     8.74149     4.02206     13.5445     1.82395      5.4832    0.997825    -13.0233    -6.08352    -2.92416    -7.08186      1.1233      8.2336     7.58821     4.44641     -5.9574     4.77521    0.589363     3.94096    -2.49183    -4.81488   -0.549526    -4.88622    -1.09586   -0.278257    -2.59521    -1.04159    -0.36962     43.3557     28.9005     3.50948
    78.7771     36.6385      11.892     19.9371    -18.2605     5.28177      6.0854      7.5109   -0.200199     -1.2068    -10.6081     2.99704    -5.94732     1.93689     2.05491    -1.94672     6.78683    -2.89284     2.02608    -3.02552       5.071    -3.12091    -6.19252    -1.15928    -1.16106   -0.928937   -0.483578    -2.54725   -0.881653   -0.293769     43.3557     28.9005     3.50948
   -9.00051     40.2667    -7.48583     22.9408    -24.1208     10.9471     13.2873     15.7938   -0.792135    -5.62848    -10.8401     9.17516    -4.17225    0.644246     2.99152     3.28988     9.29264    -3.24745     3.84524    -1.51006     4.91212    -1.68008    -5.43823    -1.84406   -0.223359    -1.13212   -0.846573    -2.31436    -1.26909   -0.271497     43.3557     28.9005     3.50948
    60.2291     26.4883    -4.29828     11.4179     5.05522     6.83691     11.1288     6.32308   -0.391683    -5.45917    -12.8394     2.86217    -4.62813     1.20185      1.5407    0.525192     6.09432    -3.71241     3.22864    -2.00851     4.46005    -2.25804    -6.53247   -0.941958    -2.75374   -0.791399   -0.364471    -2.43485   -0.900113   -0.254555     43.3557     28.9005     3.50948
    132.133     41.1323     15.7235     29.3245    -16.1295   -0.290074      7.5384     8.00715   -0.304057    -3.86426    -10.9964     8.27305    -4.75688     1.32435     3.15816   -0.635939     6.17169    -3.59781     2.79377    -1.83336      4.8025    -2.28754    -5.23817    -1.69691    -1.24107    -0.91269   -0.813735    -2.32076    -1.09487   -0.264871     43.3557     28.9005     3.50948
    10.0072      56.646     15.9211     47.1003    -10.6322    -2.04335     15.4456     9.16795    -1.14239    -3.99659    -9.73763     6.16388    -3.95241      0.9214     2.77594    -1.52453     6.02864    -3.38273     2.84655    -1.66487     4.52729    -2.18557    -5.38524    -1.69331    -1.57482   -0.822425   -0.491907    -2.64702   -0.874226    -0.31827     43.3557     28.9005     3.50948
    5.25551     1.24627     6.70863     5.81751     1.79581     1.32607     3.10426    -4.71589    0.831549    -2.58265   -0.495838       8.029     -1.9437    -0.12069    -6.37779    -1.70309     3.96971    0.513739   -0.116388    0.341136     2.25031     3.82286    -3.27211   -0.987204   -0.698396    -1.22218    0.609044   -0.653198    -1.78852   -0.118751     43.3557     28.9005     3.50948
    47.0179     38.0293     23.5255     23.2889    -13.4031     8.04549     6.06206     9.06091   -0.155876    -1.59689    -10.9337     5.84572    -4.89131    0.778074     1.41165    -1.25145     6.46242    -3.85308     3.30413    -1.26546      4.7766    -2.34349    -5.15703    -2.13726    -1.33217    -0.97041   -0.892668    -2.50402    -1.17727   -0.377972     43.3557     28.9005     3.50948
    13.6928     46.4669     20.1404     20.3541    -16.7963     0.30562     12.9915     2.38849    0.387811   -0.182058    -13.8207     6.74241    -3.32917       0.437    0.205678     1.77849     7.83189    -3.42771     4.13805    -2.22757     5.10318     -3.6079    -4.79847    -1.58491    -1.00649    -1.08422    -1.01202    -2.40066     -1.0192   -0.321891     43.3557     28.9005     3.50948
    13.5749     38.5414     9.60836     20.1012     -16.461     9.27225     8.21172     12.3807    -1.08304   -0.936883    -11.3903     3.92047    -5.58113     1.79323      4.7125    -2.13231     6.53378    -3.40881      2.5443     -2.3458     5.12871     -3.2517    -5.43675     -1.1143    -1.69982    -1.17751   -0.433072    -2.40938    -1.21719    -0.29243     43.3557     28.9005     3.50948
    4.40414      62.921    -2.26073     63.1299    -13.6342    -7.55571     22.4394     7.54082   -0.666113    -9.85118    -3.24139     1.66909    -4.93841     1.59189   -0.676163    -4.27793     5.20909    -4.61534     4.59592    -2.18585     6.07874    -3.15619    -4.95733    -1.56879    -1.66033    -1.08887   -0.499323     -1.9751    -1.30085   -0.210602     43.3557     28.9005     3.50948
    16.8597     36.2397     13.5928     12.4969    -19.8384     11.2296     6.41827      8.1938   -0.850079     2.78966    -15.9988     7.99429    -3.24916     1.37729   -0.658418    -3.60959     5.08517    -3.61511     5.80575    -1.98519     5.56319    -1.43394    -4.80739    -1.64135    -1.01775    -0.80897    -1.06219    -3.09653  -0.0740426   -0.451873     43.3557     28.9005     3.50948
    26.4662     60.6691     28.0907     56.1127    0.891727     -1.6389     8.23282     11.2895   -0.639342    -1.09194    -9.31169     3.00484    -3.64631    0.666674    0.834609   -0.245076     7.28535    -2.68947     4.12613    -1.99593     4.78243    -2.46895    -4.79916    -1.51029    -1.38239    -1.04772   -0.145335    -2.67006    -1.17184   -0.244624     43.3557     28.9005     3.50948